5.051 124 LINK_REPORT 124 -1 5 0 1664 51 0 334. 9. 54 0.
5.095 124 DL_VALUE 62 100.
5.096 124 ROTORCRAFT_STATUS 0 0 2 0 3 0 0 0 0 0 38 93
5.102 124 ROTORCRAFT_FP 0 0 -41 0 0 -497394 12561 4441 767 0 0 0 0 0 0
5.102 124 GPS_DIAGNOSTICS 61 9.695653 0.103139 103139
5.193 124 PONG 
5.343 124 SYS_MON 1951 1341 2563 915 669 1695 148 46
5.344 124 GPS_DIAGNOSTICS 64 9.972874 0.100272 100272
5.596 124 DELFLY_STATE 0 0 0 0 0 0 0 0 0 0 0 0 0 0 0 0 0
5.601 124 GPS_DIAGNOSTICS 66 10.08217 0.099185 99185
5.685 124 LINK_REPORT 124 -1 6 0 1996 62 0 332. 11. 65 11.24
5.845 124 ENERGY 3.8 0. 0 0.
5.846 124 ALIVE 228,53,28,184,20,220,96,252,128,64,204,222,62,138,41,191
5.846 124 GPS_DIAGNOSTICS 69 10.0014 0.099986 99986
6.097 124 ROTORCRAFT_FP 0 0 -33 0 0 -408232 12560 4441 749 0 0 0 0 0 0
6.100 124 GPS_DIAGNOSTICS 71 9.953715 0.100465 100465
6.240 124 ROTORCRAFT_NAV_STATUS 5 5 2.3 0. 2 1 3
6.343 124 SYS_MON 1951 1155 2747 915 602 1753 148 46
6.343 124 GPS_DIAGNOSTICS 74 9.890023 0.101112 101112
6.596 124 DL_VALUE 63 100.
6.596 124 ROTORCRAFT_STATUS 0 0 2 0 3 0 0 0 0 0 38 95
6.600 124 DELFLY_STATE 0 0 0 0 0 0 0 0 0 0 0 0 0 0 0 0 0
6.686 124 LINK_REPORT 124 -1 7 0 2337 73 0 341. 11. 75 11.24
6.842 124 GPS_DIAGNOSTICS 79 9.957779 0.100424 100424
7.096 124 ROTORCRAFT_FP 0 0 -26 0 0 -337404 12560 4441 729 0 0 0 0 0 0
7.100 124 GPS_DIAGNOSTICS 81 10.047323 0.099529 99529
7.347 124 SYS_MON 1951 1172 2721 914 605 1734 148 46
7.347 124 DATALINK_REPORT 1 85 970 332 128
7.347 124 UART_ERRORS 0 0 21350 3
7.347 124 ALIVE 228,53,28,184,20,220,96,252,128,64,204,222,62,138,41,191
7.394 124 GPS_DIAGNOSTICS 84 9.910901 0.100899 100899
7.600 124 DELFLY_STATE 0 0 0 0 0 0 0 0 0 0 0 0 0 0 0 0 0
7.622 124 GPS_DIAGNOSTICS 86 9.956193 0.10044 100440
7.686 124 LINK_REPORT 124 -1 8 0 2659 83 0 322. 10. 85 11.24
7.742 124 ROTORCRAFT_NAV_STATUS 7 7 2.3 0. 2 1 3
7.841 124 GPS_DIAGNOSTICS 89 9.990409 0.100096 100096
8.095 124 DL_VALUE 64 0.
8.096 124 ROTORCRAFT_STATUS 0 0 2 0 3 0 0 0 0 0 38 96
8.101 124 ROTORCRAFT_FP 0 0 -22 0 0 -290223 12559 4441 708 0 0 0 0 0 0
8.101 124 GPS_DIAGNOSTICS 91 9.747919 0.102586 102586
8.343 124 SYS_MON 1951 1719 2198 915 830 1540 148 46
8.343 124 GPS_DIAGNOSTICS 94 9.89149 0.101097 101097
8.611 124 DELFLY_STATE 0 0 0 0 0 0 0 0 0 0 0 0 0 0 0 0 0
8.614 124 GPS_DIAGNOSTICS 96 9.939963 0.100604 100604
8.687 124 LINK_REPORT 124 -1 9 0 2985 93 0 326. 10. 95 11.24
8.845 124 ENERGY 3.8 0. 0 0.
8.846 124 ALIVE 228,53,28,184,20,220,96,252,128,64,204,222,62,138,41,191
8.846 124 GPS_DIAGNOSTICS 99 9.643016 0.103702 103702
9.097 124 ROTORCRAFT_FP 0 0 -18 0 0 -251382 12558 4442 685 0 0 0 0 0 0
9.100 124 GPS_DIAGNOSTICS 101 10.474824 0.095467 95467
9.240 124 ROTORCRAFT_NAV_STATUS 8 8 2.3 0. 2 1 3
9.344 124 SYS_MON 1951 1264 2641 913 641 1703 148 46
9.344 124 GPS_DIAGNOSTICS 103 9.90452 0.100964 100964
9.596 124 DL_VALUE 0 0.
9.597 124 ROTORCRAFT_STATUS 0 0 2 0 3 0 0 0 0 0 38 98
9.612 124 DELFLY_STATE 0 0 0 0 0 0 0 0 0 0 0 0 0 0 0 0 0
9.688 124 LINK_REPORT 124 -1 10 0 3326 104 0 341. 11. 105 11.24
9.845 124 GPS_DIAGNOSTICS 108 9.979243 0.100208 100208
10.096 124 ROTORCRAFT_FP 0 0 -15 0 0 -219831 12558 4443 662 0 0 0 0 0 0
10.102 124 GPS_DIAGNOSTICS 111 9.843101 0.101594 101594
10.186 124 PONG 
10.346 124 SYS_MON 1951 1330 2576 914 665 1680 148 46
10.347 124 AUTOPILOT_VERSION 50700 v5.7_devel-356-g27d8ee9-dirty
10.350 124 ALIVE 228,53,28,184,20,220,96,252,128,64,204,222,62,138,41,191
10.350 124 GPS_DIAGNOSTICS 113 9.967903 0.100322 100322
10.596 124 DELFLY_STATE 0 0 0 0 0 0 0 0 0 0 0 0 0 0 0 0 0
10.608 124 GPS_DIAGNOSTICS 116 9.888947 0.101123 101123
10.689 124 LINK_REPORT 124 -1 11 0 3666 114 0 340. 10. 116 3.19
10.738 124 ROTORCRAFT_NAV_STATUS 10 10 2.3 0. 2 1 3
10.843 124 GPS_DIAGNOSTICS 118 10.01412 0.099859 99859
11.096 124 DL_VALUE 1 10.
11.096 124 ROTORCRAFT_STATUS 0 0 2 0 3 0 0 0 0 0 38 99
11.101 124 ROTORCRAFT_FP 0 0 -13 0 0 -190536 12557 4443 635 0 0 0 0 0 0
11.101 124 GPS_DIAGNOSTICS 121 9.035383 0.110676 110676
11.343 124 SYS_MON 1951 1466 2424 915 717 1619 148 46
11.343 124 GPS_DIAGNOSTICS 123 9.885917 0.101154 101154
11.600 124 DELFLY_STATE 0 0 0 0 0 0 0 0 0 0 0 0 0 0 0 0 0
11.643 124 GPS_DIAGNOSTICS 126 9.803153 0.102008 102008
11.690 124 LINK_REPORT 124 -1 12 0 3992 124 0 326. 10. 126 3.19
11.844 124 ENERGY 3.8 0. 0 0.
11.845 124 ALIVE 228,53,28,184,20,220,96,252,128,64,204,222,62,138,41,191
11.846 124 GPS_DIAGNOSTICS 128 8.8476 0.113025 113025
12.097 124 ROTORCRAFT_FP 0 0 -11 0 0 -172779 12558 4443 609 0 0 0 0 0 0
12.141 124 GPS_DIAGNOSTICS 131 9.900696 0.101003 101003
12.239 124 ROTORCRAFT_NAV_STATUS 11 11 2.3 0. 2 1 3
12.343 124 SYS_MON 1951 1173 2729 915 606 1735 148 46
12.343 124 GPS_DIAGNOSTICS 133 9.962839 0.100373 100373
12.596 124 DL_VALUE 2 1.
12.597 124 ROTORCRAFT_STATUS 0 0 2 0 3 0 0 0 0 0 38 101
12.639 124 DELFLY_STATE 0 0 0 0 0 0 0 0 0 0 0 0 0 0 0 0 0
12.690 124 LINK_REPORT 124 -1 13 0 4333 135 0 341. 11. 136 3.19
12.841 124 GPS_DIAGNOSTICS 138 9.927825 0.100727 100727
13.137 124 ROTORCRAFT_FP 0 0 -10 0 0 -158169 12559 4443 582 0 0 0 0 0 0
13.164 124 GPS_DIAGNOSTICS 141 9.960159 0.1004 100400
13.346 124 SYS_MON 1951 1346 2544 914 674 1669 148 46
13.346 124 DATALINK_REPORT 1 145 1032 332 136
13.347 124 ALIVE 228,53,28,184,20,220,96,252,128,64,204,222,62,138,41,191
13.347 124 GPS_DIAGNOSTICS 143 9.924672 0.100759 100759
13.599 124 DELFLY_STATE 0 0 0 0 0 0 0 0 0 0 0 0 0 0 0 0 0
13.641 124 GPS_DIAGNOSTICS 146 9.960953 0.100392 100392
13.691 124 LINK_REPORT 124 -1 14 0 4642 144 0 309. 9. 146 3.19
13.739 124 ROTORCRAFT_NAV_STATUS 13 13 2.3 0. 2 1 3
13.841 124 GPS_DIAGNOSTICS 148 9.97178 0.100283 100283
14.115 124 DL_VALUE 3 0.
14.116 124 ROTORCRAFT_STATUS 0 0 2 0 3 0 0 0 0 0 38 102
14.157 124 ROTORCRAFT_FP 0 0 -9 0 0 -142684 12559 4443 552 0 0 0 0 0 0
14.157 124 GPS_DIAGNOSTICS 151 9.895601 0.101055 101055
14.344 124 SYS_MON 1951 1240 2666 914 631 1714 148 46
14.344 124 GPS_DIAGNOSTICS 153 9.925657 0.100749 100749
14.600 124 DELFLY_STATE 0 0 0 0 0 0 0 0 0 0 0 0 0 0 0 0 0
14.636 124 GPS_DIAGNOSTICS 156 10.002301 0.099977 99977
14.691 124 LINK_REPORT 124 -1 15 0 4968 154 0 326. 10. 156 3.19
14.868 124 ENERGY 3.8 0. 0 0.
14.869 124 ALIVE 228,53,28,184,20,220,96,252,128,64,204,222,62,138,41,191
14.869 124 GPS_DIAGNOSTICS 158 9.605594 0.104106 104106
15.098 124 ROTORCRAFT_FP 0 0 -8 0 0 -128939 12557 4443 520 0 0 0 0 0 0
15.141 124 GPS_DIAGNOSTICS 161 9.76801 0.102375 102375
15.189 124 PONG 
15.239 124 ROTORCRAFT_NAV_STATUS 14 14 2.3 0. 2 1 3
15.343 124 GPS_DIAGNOSTICS 163 10.09948 0.099015 99015
15.343 124 SYS_MON 1951 1140 2756 915 594 1748 148 46
15.599 124 DL_VALUE 4 0.
15.599 124 ROTORCRAFT_STATUS 0 0 2 0 3 0 0 0 0 0 38 104
15.640 124 DELFLY_STATE 0 0 0 0 0 0 0 0 0 0 0 0 0 0 0 0 0
15.691 124 LINK_REPORT 124 -1 16 0 5315 166 0 347. 12. 167 4.86
15.841 124 GPS_DIAGNOSTICS 168 9.891001 0.101102 101102
16.097 124 ROTORCRAFT_FP 0 0 -7 0 0 -117069 12557 4444 490 0 0 0 0 0 0
16.098 124 GPS_DIAGNOSTICS 171 10.471533 0.095497 95497
16.346 124 SYS_MON 1951 1782 2119 914 837 1503 148 46
16.347 124 AUTOPILOT_VERSION 50700 v5.7_devel-356-g27d8ee9-dirty
16.348 124 ALIVE 228,53,28,184,20,220,96,252,128,64,204,222,62,138,41,191
16.349 124 GPS_DIAGNOSTICS 173 9.940259 0.100601 100601
16.495 124 WIND_INFO 124 42 0. 0. 0.
16.603 124 DELFLY_STATE 0 0 0 0 0 0 0 0 0 0 0 0 0 0 0 0 0
16.646 124 GPS_DIAGNOSTICS 175 9.899422 0.101016 101016
16.692 124 LINK_REPORT 124 -1 17 0 5649 175 0 334. 9. 178 4.86
16.761 124 ROTORCRAFT_NAV_STATUS 16 16 2.3 0. 2 1 3
16.841 124 GPS_DIAGNOSTICS 178 9.901088 0.100999 100999
17.095 124 DL_VALUE 5 2224.
17.096 124 ROTORCRAFT_STATUS 0 0 2 0 3 0 0 0 0 0 38 105
17.104 124 ROTORCRAFT_FP 0 0 -12 0 0 -150849 12556 4445 460 0 0 0 0 0 0
17.104 124 GPS_DIAGNOSTICS 180 9.878397 0.101231 101231
17.343 124 SYS_MON 1951 1456 2449 915 714 1638 148 46
17.343 124 GPS_DIAGNOSTICS 183 9.958076 0.100421 100421
17.604 124 DELFLY_STATE 0 0 0 0 0 0 0 0 0 0 0 0 0 0 0 0 0
17.620 124 GPS_DIAGNOSTICS 185 9.623528 0.103912 103912
17.692 124 LINK_REPORT 124 -1 18 0 5975 185 0 326. 10. 187 4.86
17.846 124 ENERGY 3.8 0. 0 0.
17.847 124 ALIVE 228,53,28,184,20,220,96,252,128,64,204,222,62,138,41,191
17.847 124 GPS_DIAGNOSTICS 188 9.952427 0.100478 100478
18.097 124 ROTORCRAFT_FP 0 0 -11 0 0 -139264 12558 4446 428 0 0 0 0 0 0
18.103 124 GPS_DIAGNOSTICS 190 10.007806 0.099922 99922
18.239 124 ROTORCRAFT_NAV_STATUS 17 17 2.3 0. 2 1 3
18.343 124 SYS_MON 1951 1134 2731 914 574 1737 148 46
18.343 124 GPS_DIAGNOSTICS 193 9.958275 0.100419 100419
18.602 124 DL_VALUE 6 1.
18.602 124 ROTORCRAFT_STATUS 0 0 2 0 3 0 0 0 0 0 38 107
18.609 124 DELFLY_STATE 0 0 0 0 0 0 0 0 0 0 0 0 0 0 0 0 0
18.695 124 LINK_REPORT 124 -1 19 0 6316 196 0 341. 11. 197 4.86
18.841 124 GPS_DIAGNOSTICS 198 9.897854 0.101032 101032
19.104 124 ROTORCRAFT_FP 0 0 -10 0 0 -126387 12559 4446 395 0 0 0 0 0 0
19.106 124 GPS_DIAGNOSTICS 200 9.979343 0.100207 100207
19.359 124 DATALINK_REPORT 1 207 1092 327 144
19.360 124 ALIVE 228,53,28,184,20,220,96,252,128,64,204,222,62,138,41,191
19.360 124 GPS_DIAGNOSTICS 203 9.504981 0.105208 105208
19.406 124 SYS_MON 1951 1321 2578 914 663 1684 148 46
19.602 124 DELFLY_STATE 0 0 0 0 0 0 0 0 0 0 0 0 0 0 0 0 0
19.617 124 GPS_DIAGNOSTICS 205 9.660156 0.103518 103518
19.694 124 LINK_REPORT 124 -1 20 0 6625 205 0 309. 9. 207 4.86
19.745 124 ROTORCRAFT_NAV_STATUS 19 19 2.3 0. 2 1 3
19.842 124 GPS_DIAGNOSTICS 208 10.04914 0.099511 99511
20.096 124 DL_VALUE 7 0.
20.096 124 ROTORCRAFT_STATUS 0 0 2 0 3 0 0 0 0 0 38 108
20.101 124 ROTORCRAFT_FP 0 0 -9 0 0 -118163 12559 4447 358 0 0 0 0 0 0
20.101 124 GPS_DIAGNOSTICS 210 10.036029 0.099641 99641
20.189 124 PONG 
20.345 124 SYS_MON 1951 1139 2785 914 593 1777 148 46
20.346 124 GPS_DIAGNOSTICS 213 9.906974 0.100939 100939
20.597 124 DELFLY_STATE 0 0 0 0 0 0 0 0 0 0 0 0 0 0 0 0 0
20.604 124 GPS_DIAGNOSTICS 215 9.816722 0.101867 101867
20.695 124 LINK_REPORT 124 -1 21 0 6957 216 0 332. 11. 218 3.29
20.845 124 ENERGY 3.8 0. 0 0.
20.846 124 ALIVE 228,53,28,184,20,220,96,252,128,64,204,222,62,138,41,191
20.846 124 GPS_DIAGNOSTICS 218 9.964129 0.10036 100360
21.096 124 ROTORCRAFT_FP 0 0 -8 0 0 -108442 12558 4447 322 0 0 0 0 0 0
21.100 124 GPS_DIAGNOSTICS 220 9.904324 0.100966 100966
21.242 124 ROTORCRAFT_NAV_STATUS 20 20 2.3 0. 2 1 3
21.343 124 SYS_MON 1951 1329 2574 914 664 1678 148 46
21.343 124 GPS_DIAGNOSTICS 223 10.169009 0.098338 98338
21.616 124 DL_VALUE 8 0.
21.617 124 ROTORCRAFT_STATUS 0 0 2 0 3 0 0 0 0 0 38 110
21.621 124 DELFLY_STATE 0 0 0 0 0 0 0 0 0 0 0 0 0 0 0 0 0
21.695 124 LINK_REPORT 124 -1 22 0 7298 227 0 341. 11. 228 3.29
21.841 124 GPS_DIAGNOSTICS 228 9.853479 0.101487 101487
22.096 124 ROTORCRAFT_FP 0 0 -7 0 0 -100534 12558 4447 284 0 0 0 0 0 0
22.100 124 GPS_DIAGNOSTICS 230 9.910999 0.100898 100898
22.346 124 SYS_MON 1951 1399 2505 913 692 1651 148 46
22.347 124 AUTOPILOT_VERSION 50700 v5.7_devel-356-g27d8ee9-dirty
22.347 124 UART_ERRORS 0 273 105 1
22.401 124 ALIVE 228,53,28,184,20,220,96,252,128,64,204,222,62,138,41,191
22.402 124 GPS_DIAGNOSTICS 232 9.945696 0.100546 100546
22.600 124 DELFLY_STATE 0 0 0 0 0 0 0 0 0 0 0 0 0 0 0 0 0
22.604 124 GPS_DIAGNOSTICS 235 9.956292 0.100439 100439
22.696 124 LINK_REPORT 124 -1 23 0 7645 237 0 347. 10. 238 3.29
22.739 124 ROTORCRAFT_NAV_STATUS 22 22 2.3 0. 2 1 3
22.851 124 GPS_DIAGNOSTICS 237 10.189318 0.098142 98142
23.097 124 DL_VALUE 9 2024.
23.098 124 ROTORCRAFT_STATUS 0 0 2 0 3 0 0 0 0 0 38 111
23.110 124 ROTORCRAFT_FP 0 0 -6 0 0 -92917 12557 4448 243 0 0 0 0 0 0
23.110 124 GPS_DIAGNOSTICS 240 9.983428 0.100166 100166
23.343 124 SYS_MON 1951 1535 2369 915 744 1609 148 46
23.344 124 GPS_DIAGNOSTICS 242 9.968003 0.100321 100321
23.604 124 DELFLY_STATE 0 0 0 0 0 0 0 0 0 0 0 0 0 0 0 0 0
23.647 124 GPS_DIAGNOSTICS 245 9.882204 0.101192 101192
23.697 124 LINK_REPORT 124 -1 24 0 7971 247 0 326. 10. 248 3.29
23.846 124 ENERGY 3.8 0. 0 0.
23.847 124 ALIVE 228,53,28,184,20,220,96,252,128,64,204,222,62,138,41,191
23.847 124 GPS_DIAGNOSTICS 247 10.032405 0.099677 99677
24.100 124 ROTORCRAFT_FP 0 0 -6 0 0 -87467 12556 4448 201 0 0 0 0 0 0
24.140 124 GPS_DIAGNOSTICS 250 9.924376 0.100762 100762
24.246 124 ROTORCRAFT_NAV_STATUS 23 23 2.3 0. 2 1 3
24.343 124 SYS_MON 1951 1352 2547 914 673 1665 148 46
24.343 124 GPS_DIAGNOSTICS 252 9.937987 0.100624 100624
24.602 124 DL_VALUE 10 200.
24.603 124 ROTORCRAFT_STATUS 0 0 2 0 3 0 0 0 0 0 38 113
24.643 124 DELFLY_STATE 0 0 0 0 0 0 0 0 0 0 0 0 0 0 0 0 0
24.699 124 LINK_REPORT 124 -1 25 0 8312 258 0 341. 11. 258 3.29
24.841 124 GPS_DIAGNOSTICS 257 9.886992 0.101143 101143
25.111 124 ROTORCRAFT_FP 0 0 -5 0 0 -81068 12557 4449 159 0 0 0 0 0 0
25.153 124 GPS_DIAGNOSTICS 260 9.966314 0.100338 100338
25.190 124 PONG 
25.346 124 DATALINK_REPORT 1 268 1155 333 152
25.347 124 ALIVE 228,53,28,184,20,220,96,252,128,64,204,222,62,138,41,191
25.347 124 GPS_DIAGNOSTICS 262 10.208144 0.097961 97961
25.349 124 SYS_MON 1951 1503 2403 914 733 1612 148 46
25.603 124 DELFLY_STATE 0 0 0 0 0 0 0 0 0 0 0 0 0 0 0 0 0
25.640 124 GPS_DIAGNOSTICS 265 9.964824 0.100353 100353
25.701 124 LINK_REPORT 124 -1 26 0 8627 268 0 315. 10. 269 3.1
25.740 124 ROTORCRAFT_NAV_STATUS 25 25 2.3 0. 2 1 3
25.841 124 GPS_DIAGNOSTICS 267 9.570019 0.104493 104493
26.112 124 DL_VALUE 11 800.
26.113 124 ROTORCRAFT_STATUS 0 0 2 0 3 0 0 0 0 0 38 114
26.168 124 ROTORCRAFT_FP 0 0 -9 0 0 -102663 12556 4448 119 0 0 0 0 0 0
26.168 124 GPS_DIAGNOSTICS 269 9.951041 0.100492 100492
26.343 124 SYS_MON 1951 1251 2645 914 635 1700 148 46
26.343 124 GPS_DIAGNOSTICS 272 10.043791 0.099564 99564
26.496 124 WIND_INFO 124 42 0. 0. 0.
26.606 124 DELFLY_STATE 0 0 0 0 0 0 0 0 0 0 0 0 0 0 0 0 0
26.644 124 GPS_DIAGNOSTICS 275 9.92812 0.100724 100724
26.701 124 LINK_REPORT 124 -1 27 0 8953 278 0 326. 10. 280 3.1
26.845 124 ENERGY 3.8 0. 0 0.
26.846 124 ALIVE 228,53,28,184,20,220,96,252,128,64,204,222,62,138,41,191
26.846 124 GPS_DIAGNOSTICS 277 9.975062 0.10025 100250
27.096 124 ROTORCRAFT_FP 0 0 -4 0 0 -70848 12553 4449 68 0 0 0 0 0 0
27.136 124 GPS_DIAGNOSTICS 280 9.901676 0.100993 100993
27.242 124 ROTORCRAFT_NAV_STATUS 26 26 2.3 0. 2 1 3
27.343 124 SYS_MON 1951 1240 2661 915 631 1723 148 46
27.343 124 GPS_DIAGNOSTICS 282 9.953913 0.100463 100463
27.603 124 DL_VALUE 12 0.
27.603 124 ROTORCRAFT_STATUS 0 0 2 0 3 0 0 0 0 0 38 116
27.644 124 DELFLY_STATE 0 0 0 0 0 0 0 0 0 0 0 0 0 0 0 0 0
27.702 124 LINK_REPORT 124 -1 28 0 9294 289 0 341. 11. 290 3.1
27.842 124 GPS_DIAGNOSTICS 287 9.876836 0.101247 101247
28.102 124 ROTORCRAFT_FP 0 0 -4 0 0 -65638 12551 4449 20 0 0 0 0 0 0
28.140 124 GPS_DIAGNOSTICS 290 9.739944 0.10267 102670
28.366 124 SYS_MON 1951 1178 2728 914 618 1734 148 46
28.367 124 AUTOPILOT_VERSION 50700 v5.7_devel-356-g27d8ee9-dirty
28.368 124 UART_ERRORS 0 0 25865 3
28.376 124 ALIVE 228,53,28,184,20,220,96,252,128,64,204,222,62,138,41,191
28.381 124 GPS_DIAGNOSTICS 292 9.704404 0.103046 103046
28.608 124 DELFLY_STATE 0 0 0 0 0 0 0 0 0 0 0 0 0 0 0 0 0
28.651 124 GPS_DIAGNOSTICS 295 9.93167 0.100688 100688
28.703 124 LINK_REPORT 124 -1 29 0 9641 299 0 347. 10. 300 3.1
28.743 124 ROTORCRAFT_NAV_STATUS 28 28 2.3 0. 2 1 3
28.842 124 GPS_DIAGNOSTICS 297 10.43874 0.095797 95797
29.097 124 DL_VALUE 13 1012.
29.097 124 ROTORCRAFT_STATUS 0 0 2 0 3 0 0 0 0 0 38 117
29.108 124 ROTORCRAFT_FP 0 0 -7 0 0 -87060 12549 4450 -23 0 0 0 0 0 0
29.108 124 GPS_DIAGNOSTICS 299 9.945894 0.100544 100544
29.343 124 SYS_MON 1951 1683 2224 915 801 1545 148 46
29.343 124 GPS_DIAGNOSTICS 302 9.890512 0.101107 101107
29.607 124 DELFLY_STATE 0 0 0 0 0 0 0 0 0 0 0 0 0 0 0 0 0
29.610 124 GPS_DIAGNOSTICS 304 5.726491 0.174627 174627
29.705 124 LINK_REPORT 124 -1 30 0 9967 309 0 326. 10. 310 3.1
29.845 124 ENERGY 3.8 0. 0 0.
29.846 124 ALIVE 228,53,28,184,20,220,96,252,128,64,204,222,62,138,41,191
29.846 124 GPS_DIAGNOSTICS 307 9.876056 0.101255 101255
30.097 124 ROTORCRAFT_FP 0 0 -6 0 0 -81675 12547 4451 -75 0 0 0 0 0 0
30.103 124 GPS_DIAGNOSTICS 309 11.004974 0.090868 90868
30.192 124 PONG 
30.246 124 ROTORCRAFT_NAV_STATUS 29 29 2.3 0. 2 1 3
30.343 124 SYS_MON 1951 1511 2379 915 734 1602 148 46
30.343 124 GPS_DIAGNOSTICS 312 9.689641 0.103203 103203
30.599 124 DL_VALUE 14 213.
30.600 124 ROTORCRAFT_STATUS 0 0 2 0 3 0 0 0 0 0 38 119
30.606 124 DELFLY_STATE 0 0 0 0 0 0 0 0 0 0 0 0 0 0 0 0 0
30.708 124 LINK_REPORT 124 -1 31 0 10314 321 0 347. 12. 321 5.33
30.843 124 GPS_DIAGNOSTICS 317 9.839517 0.101631 101631
31.096 124 ROTORCRAFT_FP 0 0 -6 0 0 -77123 12546 4451 -128 0 0 0 0 0 0
31.099 124 GPS_DIAGNOSTICS 319 9.889632 0.101116 101116
31.346 124 SYS_MON 1951 1229 2676 914 627 1717 148 46
31.346 124 DATALINK_REPORT 1 330 1218 336 160
31.347 124 ALIVE 228,53,28,184,20,220,96,252,128,64,204,222,62,138,41,191
31.389 124 GPS_DIAGNOSTICS 322 9.726018 0.102817 102817
31.597 124 DELFLY_STATE 0 0 0 0 0 0 0 0 0 0 0 0 0 0 0 0 0
31.628 124 GPS_DIAGNOSTICS 324 9.954112 0.100461 100461
31.708 124 LINK_REPORT 124 -1 32 0 10623 330 0 309. 9. 330 5.33
31.740 124 ROTORCRAFT_NAV_STATUS 31 31 2.3 0. 2 1 3
31.844 124 GPS_DIAGNOSTICS 327 9.908053 0.100928 100928
32.096 124 DL_VALUE 15 129.
32.097 124 ROTORCRAFT_STATUS 0 0 2 0 3 0 0 0 0 0 38 120
32.104 124 ROTORCRAFT_FP 0 0 -5 0 0 -70430 12545 4451 -182 0 0 0 0 0 0
32.104 124 GPS_DIAGNOSTICS 329 9.298866 0.10754 107540
32.345 124 SYS_MON 1951 1353 2581 915 674 1699 148 46
32.345 124 GPS_DIAGNOSTICS 332 10.342438 0.096689 96689
32.604 124 DELFLY_STATE 0 0 0 0 0 0 0 0 0 0 0 0 0 0 0 0 0
32.606 124 GPS_DIAGNOSTICS 334 9.955995 0.100442 100442
32.707 124 LINK_REPORT 124 -1 33 0 10949 340 0 326. 10. 340 5.33
32.845 124 ENERGY 3.8 0. 0 0.
32.846 124 ALIVE 228,53,28,184,20,220,96,252,128,64,204,222,62,138,41,191
32.846 124 GPS_DIAGNOSTICS 337 10.171388 0.098315 98315
33.126 124 ROTORCRAFT_FP 0 0 -5 0 0 -67579 12543 4451 -239 0 0 0 0 0 0
33.129 124 GPS_DIAGNOSTICS 339 10.226936 0.097781 97781
33.244 124 ROTORCRAFT_NAV_STATUS 32 32 2.3 0. 2 1 3
33.344 124 SYS_MON 1951 1643 2274 915 789 1581 148 46
33.344 124 GPS_DIAGNOSTICS 342 9.930782 0.100697 100697
33.602 124 DL_VALUE 16 300.
33.602 124 ROTORCRAFT_STATUS 0 0 2 0 3 0 0 0 0 0 38 122
33.608 124 DELFLY_STATE 0 0 0 0 0 0 0 0 0 0 0 0 0 0 0 0 0
33.708 124 LINK_REPORT 124 -1 34 0 11290 351 0 341. 11. 350 5.33
33.846 124 GPS_DIAGNOSTICS 347 9.896189 0.101049 101049
34.103 124 ROTORCRAFT_FP 0 0 -4 0 0 -63934 12542 4450 -297 0 0 0 0 0 0
34.106 124 GPS_DIAGNOSTICS 349 10.14384 0.098582 98582
34.349 124 SYS_MON 1951 1319 2584 913 661 1681 148 46
34.352 124 AUTOPILOT_VERSION 50700 v5.7_devel-356-g27d8ee9-dirty
34.394 124 ALIVE 228,53,28,184,20,220,96,252,128,64,204,222,62,138,41,191
34.394 124 GPS_DIAGNOSTICS 351 8.767777 0.114054 114054
34.610 124 DELFLY_STATE 0 0 0 0 0 0 0 0 0 0 0 0 0 0 0 0 0
34.612 124 GPS_DIAGNOSTICS 354 7.840063 0.12755 127550
34.709 124 LINK_REPORT 124 -1 35 0 11624 360 0 334. 9. 360 5.33
34.739 124 ROTORCRAFT_NAV_STATUS 34 34 2.3 0. 2 1 3
34.842 124 GPS_DIAGNOSTICS 356 27.986119 0.035732 35732
35.141 124 DL_VALUE 17 600.
35.142 124 ROTORCRAFT_STATUS 0 0 2 0 3 0 0 0 0 0 38 123
35.155 124 ROTORCRAFT_FP 0 0 -7 0 0 -80740 12542 4451 -351 0 0 0 0 0 0
35.156 124 GPS_DIAGNOSTICS 359 7.037149 0.142103 142103
35.192 124 PONG 
35.343 124 SYS_MON 1951 1827 2072 915 854 1484 148 46
35.343 124 GPS_DIAGNOSTICS 361 10.595016 0.094384 94384
35.603 124 DELFLY_STATE 0 0 0 0 0 0 0 0 0 0 0 0 0 0 0 0 0
35.645 124 GPS_DIAGNOSTICS 364 9.799022 0.102051 102051
35.709 124 LINK_REPORT 124 -1 36 0 11956 371 0 332. 11. 371 4.77
35.846 124 ENERGY 3.8 0. 0 0.
35.847 124 ALIVE 228,53,28,184,20,220,96,252,128,64,204,222,62,138,41,191
35.847 124 GPS_DIAGNOSTICS 366 10.02446 0.099756 99756
36.096 124 ROTORCRAFT_FP 0 0 -3 0 0 -57066 12541 4452 -419 0 0 0 0 0 0
36.142 124 GPS_DIAGNOSTICS 369 9.906974 0.100939 100939
36.244 124 ROTORCRAFT_NAV_STATUS 35 35 2.3 0. 2 1 3
36.374 124 SYS_MON 1951 1226 2685 914 631 1719 148 46
36.374 124 GPS_DIAGNOSTICS 371 9.899618 0.101014 101014
36.497 124 WIND_INFO 124 42 0. 0. 0.
36.612 124 DL_VALUE 18 401.
36.612 124 ROTORCRAFT_STATUS 0 0 2 0 3 0 0 0 0 0 38 125
36.622 124 DELFLY_STATE 0 0 0 0 0 0 0 0 0 0 0 0 0 0 0 0 0
36.710 124 LINK_REPORT 124 -1 37 0 12297 382 0 341. 11. 382 4.77
36.841 124 GPS_DIAGNOSTICS 376 9.991807 0.100082 100082
37.099 124 ROTORCRAFT_FP 0 0 -3 0 0 -53956 12540 4451 -482 0 0 0 0 0 0
37.140 124 GPS_DIAGNOSTICS 379 10.104276 0.098968 98968
37.347 124 SYS_MON 1951 1499 2404 914 729 1613 148 46
37.347 124 DATALINK_REPORT 1 391 1279 330 168
37.347 124 ALIVE 228,53,28,184,20,220,96,252,128,64,204,222,62,138,41,191
37.365 124 GPS_DIAGNOSTICS 381 9.878787 0.101227 101227
37.602 124 DELFLY_STATE 0 0 0 0 0 0 0 0 0 0 0 0 0 0 0 0 0
37.604 124 GPS_DIAGNOSTICS 384 9.760192 0.102457 102457
37.711 124 LINK_REPORT 124 -1 38 0 12606 391 0 309. 9. 392 4.77
37.742 124 ROTORCRAFT_NAV_STATUS 37 37 2.3 0. 2 1 3
37.841 124 GPS_DIAGNOSTICS 386 9.920733 0.100799 100799
38.104 124 DL_VALUE 19 155.
38.104 124 ROTORCRAFT_STATUS 0 0 2 0 3 0 0 0 0 0 38 126
38.148 124 ROTORCRAFT_FP 0 0 -3 0 0 -49841 12541 4452 -547 0 0 0 0 0 0
38.149 124 GPS_DIAGNOSTICS 389 9.979841 0.100202 100202
38.343 124 SYS_MON 1951 1169 2743 915 609 1742 148 46
38.343 124 GPS_DIAGNOSTICS 391 9.963236 0.100369 100369
38.606 124 DELFLY_STATE 0 0 0 0 0 0 0 0 0 0 0 0 0 0 0 0 0
38.646 124 GPS_DIAGNOSTICS 394 9.856781 0.101453 101453
38.711 124 LINK_REPORT 124 -1 39 0 12932 401 0 326. 10. 402 4.77
38.856 124 ENERGY 3.8 0. 0 0.
38.857 124 ALIVE 228,53,28,184,20,220,96,252,128,64,204,222,62,138,41,191
38.857 124 GPS_DIAGNOSTICS 396 9.93315 0.100673 100673
39.107 124 ROTORCRAFT_FP 0 0 -2 0 0 -45591 12541 4453 -614 0 0 0 0 0 0
39.147 124 GPS_DIAGNOSTICS 399 11.508274 0.086894 86894
39.258 124 ROTORCRAFT_NAV_STATUS 38 38 2.3 0. 2 1 3
39.343 124 SYS_MON 1951 1190 2722 914 616 1735 148 46
39.343 124 GPS_DIAGNOSTICS 401 10.645659 0.093935 93935
39.597 124 DL_VALUE 20 0.4
39.597 124 ROTORCRAFT_STATUS 0 0 2 0 3 0 0 0 0 0 38 128
39.639 124 DELFLY_STATE 0 0 0 0 0 0 0 0 0 0 0 0 0 0 0 0 0
39.712 124 LINK_REPORT 124 -1 40 0 13273 412 0 341. 11. 412 4.77
39.841 124 GPS_DIAGNOSTICS 406 9.918569 0.100821 100821
40.096 124 ROTORCRAFT_FP 0 0 -2 0 0 -44028 12541 4453 -682 0 0 0 0 0 0
40.118 124 GPS_DIAGNOSTICS 409 10.041471 0.099587 99587
40.192 124 PONG 
40.352 124 SYS_MON 1951 1241 2663 914 632 1711 148 46
40.354 124 AUTOPILOT_VERSION 50700 v5.7_devel-356-g27d8ee9-dirty
40.354 124 ALIVE 228,53,28,184,20,220,96,252,128,64,204,222,62,138,41,191
40.354 124 GPS_DIAGNOSTICS 411 9.524807 0.104989 104989
40.714 124 LINK_REPORT 124 -1 41 0 13511 420 0 238. 8. 423 3.92
40.980 124 DELFLY_STATE 0 0 0 0 0 0 0 0 0 0 0 0 0 0 0 0 0
40.994 124 GPS_DIAGNOSTICS 413 10.12607 0.098755 98755
40.994 124 ROTORCRAFT_NAV_STATUS 40 40 2.3 0. 2 1 3
40.996 124 GPS_DIAGNOSTICS 416 10.241285 0.097644 97644
41.106 124 DL_VALUE 21 0.
41.107 124 ROTORCRAFT_STATUS 0 0 2 0 3 0 0 0 0 0 38 129
41.108 124 ROTORCRAFT_FP 0 0 -5 0 0 -59684 12541 4452 -747 0 0 0 0 0 0
41.108 124 GPS_DIAGNOSTICS 418 9.87469 0.101269 101269
41.347 124 SYS_MON 1951 1209 2693 915 621 1755 148 46
41.347 124 GPS_DIAGNOSTICS 421 12.511104 0.079929 79929
41.603 124 DELFLY_STATE 0 0 0 0 0 0 0 0 0 0 0 0 0 0 0 0 0
41.604 124 GPS_DIAGNOSTICS 423 8.271162 0.120902 120902
41.715 124 LINK_REPORT 124 -1 42 0 13939 432 0 428. 12. 433 3.92
41.848 124 ENERGY 3.8 0. 0 0.
41.849 124 ALIVE 228,53,28,184,20,220,96,252,128,64,204,222,62,138,41,191
41.849 124 GPS_DIAGNOSTICS 426 9.978646 0.100214 100214
42.105 124 ROTORCRAFT_FP 0 0 -4 0 0 -56147 12540 4452 -821 0 0 0 0 0 0
42.114 124 GPS_DIAGNOSTICS 428 9.698098 0.103113 103113
42.243 124 ROTORCRAFT_NAV_STATUS 41 41 2.3 0. 2 1 3
42.343 124 SYS_MON 1951 1499 2392 914 729 1608 148 46
42.344 124 GPS_DIAGNOSTICS 431 10.798553 0.092605 92605
42.597 124 DL_VALUE 22 0.
42.597 124 ROTORCRAFT_STATUS 0 0 2 0 3 0 0 0 0 0 38 131
42.601 124 DELFLY_STATE 0 0 0 0 0 0 0 0 0 0 0 0 0 0 0 0 0
42.719 124 LINK_REPORT 124 -1 43 0 14280 443 0 341. 11. 443 3.92
42.842 124 GPS_DIAGNOSTICS 436 9.943817 0.100565 100565
43.106 124 ROTORCRAFT_FP 0 0 -4 0 0 -52971 12541 4452 -897 0 0 0 0 0 0
43.109 124 GPS_DIAGNOSTICS 438 9.967506 0.100326 100326
43.346 124 SYS_MON 1951 1319 2585 914 661 1682 148 46
43.346 124 DATALINK_REPORT 1 452 1340 330 176
43.347 124 UART_ERRORS 0 273 105 1
43.347 124 ALIVE 228,53,28,184,20,220,96,252,128,64,204,222,62,138,41,191
43.354 124 GPS_DIAGNOSTICS 441 9.895895 0.101052 101052
43.603 124 DELFLY_STATE 0 0 0 0 0 0 0 0 0 0 0 0 0 0 0 0 0
43.604 124 GPS_DIAGNOSTICS 443 10.122277 0.098792 98792
43.717 124 LINK_REPORT 124 -1 44 0 14602 453 0 322. 10. 453 3.92
43.745 124 ROTORCRAFT_NAV_STATUS 43 43 2.3 0. 2 1 3
43.842 124 GPS_DIAGNOSTICS 446 9.912276 0.100885 100885
44.098 124 DL_VALUE 23 0.
44.098 124 ROTORCRAFT_STATUS 0 0 2 0 3 0 0 0 0 0 38 132
44.117 124 ROTORCRAFT_FP 0 0 -4 0 0 -51310 12541 4452 -975 0 0 0 0 0 0
44.117 124 GPS_DIAGNOSTICS 448 9.89149 0.101097 101097
44.346 124 SYS_MON 1951 1156 2745 915 603 1751 148 46
44.346 124 GPS_DIAGNOSTICS 451 10.466711 0.095541 95541
44.604 124 DELFLY_STATE 0 0 0 0 0 0 0 0 0 0 0 0 0 0 0 0 0
44.605 124 GPS_DIAGNOSTICS 453 9.451349 0.105805 105805
44.719 124 LINK_REPORT 124 -1 45 0 14928 463 0 326. 10. 462 3.92
44.846 124 ENERGY 3.8 0. 0 0.
44.850 124 ALIVE 228,53,28,184,20,220,96,252,128,64,204,222,62,138,41,191
44.851 124 GPS_DIAGNOSTICS 456 9.888458 0.101128 101128
45.096 124 ROTORCRAFT_FP 0 0 -3 0 0 -48210 12540 4453 -1057 0 0 0 0 0 0
45.098 124 GPS_DIAGNOSTICS 458 9.84533 0.101571 101571
45.195 124 PONG 
45.244 124 ROTORCRAFT_NAV_STATUS 44 44 2.3 0. 2 1 3
45.345 124 SYS_MON 1951 1167 2742 915 607 1741 148 46
45.346 124 GPS_DIAGNOSTICS 461 9.930289 0.100702 100702
45.604 124 DL_VALUE 24 5.
45.604 124 ROTORCRAFT_STATUS 0 0 2 0 3 0 0 0 0 0 38 134
45.606 124 DELFLY_STATE 0 0 0 0 0 0 0 0 0 0 0 0 0 0 0 0 0
45.719 124 LINK_REPORT 124 -1 46 0 15275 475 0 347. 12. 473 6.48
45.850 124 GPS_DIAGNOSTICS 466 9.565167 0.104546 104546
46.105 124 ROTORCRAFT_FP 0 0 -3 0 0 -43844 12540 4454 -1141 0 0 0 0 0 0
46.106 124 GPS_DIAGNOSTICS 468 9.90354 0.100974 100974
46.353 124 SYS_MON 1951 1151 2757 913 581 1749 148 46
46.354 124 AUTOPILOT_VERSION 50700 v5.7_devel-356-g27d8ee9-dirty
46.397 124 ALIVE 228,53,28,184,20,220,96,252,128,64,204,222,62,138,41,191
46.403 124 GPS_DIAGNOSTICS 470 10.210541 0.097938 97938
46.543 124 WIND_INFO 124 42 0. 0. 0.
46.602 124 DELFLY_STATE 0 0 0 0 0 0 0 0 0 0 0 0 0 0 0 0 0
46.603 124 GPS_DIAGNOSTICS 473 9.920832 0.100798 100798
46.719 124 LINK_REPORT 124 -1 47 0 15609 484 0 334. 9. 484 6.48
46.740 124 ROTORCRAFT_NAV_STATUS 46 46 2.3 0. 2 1 3
46.843 124 GPS_DIAGNOSTICS 475 9.803441 0.102005 102005
47.101 124 DL_VALUE 25 0.
47.102 124 ROTORCRAFT_STATUS 0 0 2 0 3 0 0 0 0 0 38 135
47.103 124 ROTORCRAFT_FP 0 0 -3 0 0 -43317 12541 4454 -1226 0 0 0 0 0 0
47.103 124 GPS_DIAGNOSTICS 478 9.785789 0.102189 102189
47.345 124 SYS_MON 1951 1150 2742 915 597 1741 148 46
47.346 124 GPS_DIAGNOSTICS 480 10.0001 0.099999 99999
47.598 124 DELFLY_STATE 0 0 0 0 0 0 0 0 0 0 0 0 0 0 0 0 0
47.609 124 GPS_DIAGNOSTICS 483 9.9994 0.100006 100006
47.719 124 LINK_REPORT 124 -1 48 0 15935 494 0 326. 10. 494 6.48
47.862 124 ENERGY 3.8 0. 0 0.
47.863 124 ALIVE 228,53,28,184,20,220,96,252,128,64,204,222,62,138,41,191
47.863 124 GPS_DIAGNOSTICS 485 10.004302 0.099957 99957
48.108 124 ROTORCRAFT_FP 0 0 -2 0 0 -41093 12539 4455 -1315 0 0 0 0 0 0
48.128 124 GPS_DIAGNOSTICS 488 10.622364 0.094141 94141
48.243 124 ROTORCRAFT_NAV_STATUS 47 47 2.3 0. 2 1 3
48.344 124 SYS_MON 1951 1191 2674 915 596 1715 148 46
48.344 124 GPS_DIAGNOSTICS 490 9.32801 0.107204 107204
48.602 124 DL_VALUE 26 0.5
48.602 124 ROTORCRAFT_STATUS 0 0 2 0 3 0 0 0 0 0 38 137
48.645 124 DELFLY_STATE 0 0 0 0 0 0 0 0 0 0 0 0 0 0 0 0 0
48.720 124 LINK_REPORT 124 -1 49 0 16276 505 0 341. 11. 504 6.48
48.851 124 GPS_DIAGNOSTICS 495 9.795758 0.102085 102085
49.105 124 ROTORCRAFT_FP 0 0 -2 0 0 -37734 12538 4454 -1407 0 0 0 0 0 0
49.149 124 GPS_DIAGNOSTICS 498 9.320186 0.107294 107294
49.347 124 SYS_MON 1951 1873 2023 914 862 1463 148 46
49.348 124 DATALINK_REPORT 1 513 1402 332 184
49.348 124 UART_ERRORS 0 0 30380 3
49.348 124 ALIVE 228,53,28,184,20,220,96,252,128,64,204,222,62,138,41,191
49.369 124 GPS_DIAGNOSTICS 500 9.90452 0.100964 100964
49.602 124 DELFLY_STATE 0 0 0 0 0 0 0 0 0 0 0 0 0 0 0 0 0
49.603 124 GPS_DIAGNOSTICS 503 10.200335 0.098036 98036
49.720 124 LINK_REPORT 124 -1 50 0 16598 515 0 322. 10. 514 6.48
49.746 124 ROTORCRAFT_NAV_STATUS 49 49 2.3 0. 2 1 3
49.844 124 GPS_DIAGNOSTICS 505 10.159298 0.098432 98432
50.103 124 DL_VALUE 27 1.169371
50.104 124 ROTORCRAFT_STATUS 0 0 2 0 3 0 0 0 0 0 38 138
50.145 124 ROTORCRAFT_FP 0 0 -2 0 0 -36564 12537 4454 -1501 0 0 0 0 0 0
50.145 124 GPS_DIAGNOSTICS 508 10.021345 0.099787 99787
50.192 124 PONG 
50.345 124 GPS_DIAGNOSTICS 510 10.374197 0.096393 96393
50.345 124 SYS_MON 1951 1141 2757 915 595 1749 148 46
50.607 124 DELFLY_STATE 0 0 0 0 0 0 0 0 0 0 0 0 0 0 0 0 0
50.648 124 GPS_DIAGNOSTICS 513 9.894133 0.10107 101070
50.721 124 LINK_REPORT 124 -1 51 0 16930 526 0 332. 11. 525 3.13
50.853 124 ENERGY 3.8 0. 0 0.
50.854 124 ALIVE 228,53,28,184,20,220,96,252,128,64,204,222,62,138,41,191
50.854 124 GPS_DIAGNOSTICS 515 9.988713 0.100113 100113
51.109 124 ROTORCRAFT_FP 0 0 -2 0 0 -34605 12535 4454 -1598 0 0 0 0 0 0
51.148 124 GPS_DIAGNOSTICS 518 9.896385 0.101047 101047
51.243 124 ROTORCRAFT_NAV_STATUS 50 50 2.3 0. 2 1 3
51.349 124 SYS_MON 1951 1592 2312 914 766 1582 148 46
51.349 124 GPS_DIAGNOSTICS 520 9.959465 0.100407 100407
51.601 124 DL_VALUE 28 0.85
51.602 124 ROTORCRAFT_STATUS 0 0 2 0 3 0 0 0 0 0 38 140
51.648 124 DELFLY_STATE 0 0 0 0 0 0 0 0 0 0 0 0 0 0 0 0 0
51.722 124 LINK_REPORT 124 -1 52 0 17271 537 0 341. 11. 535 3.13
51.846 124 GPS_DIAGNOSTICS 525 9.925952 0.100746 100746
52.097 124 ROTORCRAFT_FP 0 0 -2 0 0 -33541 12535 4453 -1697 0 0 0 0 0 0
52.140 124 GPS_DIAGNOSTICS 528 9.966811 0.100333 100333
52.349 124 SYS_MON 1951 1174 2720 914 607 1733 148 46
52.349 124 AUTOPILOT_VERSION 50700 v5.7_devel-356-g27d8ee9-dirty
52.380 124 ALIVE 228,53,28,184,20,220,96,252,128,64,204,222,62,138,41,191
52.380 124 GPS_DIAGNOSTICS 530 9.898638 0.101024 101024
52.597 124 DELFLY_STATE 0 0 0 0 0 0 0 0 0 0 0 0 0 0 0 0 0
52.601 124 GPS_DIAGNOSTICS 533 9.967903 0.100322 100322
52.723 124 LINK_REPORT 124 -1 53 0 17605 546 0 334. 9. 545 3.13
52.739 124 ROTORCRAFT_NAV_STATUS 52 52 2.3 0. 2 1 3
52.844 124 GPS_DIAGNOSTICS 535 9.585522 0.104324 104324
53.123 124 DL_VALUE 29 808.
53.124 124 ROTORCRAFT_STATUS 0 0 2 0 3 0 0 0 0 0 38 141
53.128 124 ROTORCRAFT_FP 0 0 -3 0 0 -44349 12534 4453 -1789 0 0 0 0 0 0
53.128 124 GPS_DIAGNOSTICS 538 9.931276 0.100692 100692
53.345 124 SYS_MON 1951 1274 2621 915 644 1697 148 46
53.345 124 GPS_DIAGNOSTICS 540 9.688233 0.103218 103218
53.606 124 DELFLY_STATE 0 0 0 0 0 0 0 0 0 0 0 0 0 0 0 0 0
53.607 124 GPS_DIAGNOSTICS 542 9.953814 0.100464 100464
53.723 124 LINK_REPORT 124 -1 54 0 17931 556 0 326. 10. 555 3.13
53.847 124 ENERGY 3.8 0. 0 0.
53.848 124 ALIVE 228,53,28,184,20,220,96,252,128,64,204,222,62,138,41,191
53.848 124 GPS_DIAGNOSTICS 545 9.957779 0.100424 100424
54.102 124 ROTORCRAFT_FP 0 0 -3 0 0 -42591 12533 4453 -1894 0 0 0 0 0 0
54.103 124 GPS_DIAGNOSTICS 547 9.940753 0.100596 100596
54.241 124 ROTORCRAFT_NAV_STATUS 53 53 2.3 0. 2 1 3
54.344 124 SYS_MON 1951 1172 2763 915 605 1769 148 46
54.344 124 GPS_DIAGNOSTICS 550 9.892273 0.101089 101089
54.598 124 DL_VALUE 30 150.
54.598 124 ROTORCRAFT_STATUS 0 0 2 0 3 0 0 0 0 0 38 143
54.600 124 DELFLY_STATE 0 0 0 0 0 0 0 0 0 0 0 0 0 0 0 0 0
54.724 124 LINK_REPORT 124 -1 55 0 18272 567 0 341. 11. 565 3.13
54.843 124 GPS_DIAGNOSTICS 555 11.64307 0.085888 85888
55.097 124 ROTORCRAFT_FP 0 0 -3 0 0 -40998 12531 4452 -2001 0 0 0 0 0 0
55.098 124 GPS_DIAGNOSTICS 557 9.845427 0.10157 101570
55.195 124 PONG 
55.352 124 SYS_MON 1951 1191 2713 914 617 1740 148 46
55.353 124 DATALINK_REPORT 1 575 1465 333 192
55.353 124 ALIVE 228,53,28,184,20,220,96,252,128,64,204,222,62,138,41,191
55.392 124 GPS_DIAGNOSTICS 560 10.090716 0.099101 99101
55.600 124 DELFLY_STATE 0 0 0 0 0 0 0 0 0 0 0 0 0 0 0 0 0
55.603 124 GPS_DIAGNOSTICS 562 9.82743 0.101756 101756
55.724 124 LINK_REPORT 124 -1 56 0 18587 577 0 315. 10. 576 5.66
55.742 124 ROTORCRAFT_NAV_STATUS 55 55 2.3 0. 2 1 3
55.845 124 GPS_DIAGNOSTICS 565 10.101724 0.098993 98993
56.112 124 DL_VALUE 31 0.
56.112 124 ROTORCRAFT_STATUS 0 0 2 0 3 0 0 0 0 0 38 144
56.121 124 ROTORCRAFT_FP 0 0 -3 0 0 -40250 12530 4453 -2111 0 0 0 0 0 0
56.121 124 GPS_DIAGNOSTICS 567 9.92546 0.100751 100751
56.346 124 SYS_MON 1951 1250 2652 914 634 1707 148 46
56.346 124 GPS_DIAGNOSTICS 570 9.982132 0.100179 100179
56.544 124 WIND_INFO 124 42 0. 0. 0.
56.597 124 DELFLY_STATE 0 0 0 0 0 0 0 0 0 0 0 0 0 0 0 0 0
56.599 124 GPS_DIAGNOSTICS 572 9.900598 0.101004 101004
56.724 124 LINK_REPORT 124 -1 57 0 18913 587 0 326. 10. 587 5.66
56.848 124 ENERGY 3.8 0. 0 0.
56.848 124 ALIVE 228,53,28,184,20,220,96,252,128,64,204,222,62,138,41,191
56.849 124 GPS_DIAGNOSTICS 575 9.801327 0.102027 102027
57.100 124 ROTORCRAFT_FP 0 0 -2 0 0 -37636 12530 4451 -2224 0 0 0 0 0 0
57.101 124 GPS_DIAGNOSTICS 577 9.958969 0.100412 100412
57.245 124 ROTORCRAFT_NAV_STATUS 56 56 2.3 0. 2 1 3
57.345 124 SYS_MON 1951 1522 2378 915 738 1615 148 46
57.346 124 GPS_DIAGNOSTICS 580 9.91729 0.100834 100834
57.600 124 DL_VALUE 32 0.
57.600 124 ROTORCRAFT_STATUS 0 0 2 0 3 0 0 0 0 0 38 146
57.607 124 DELFLY_STATE 0 0 0 0 0 0 0 0 0 0 0 0 0 0 0 0 0
57.729 124 LINK_REPORT 124 -1 58 0 19254 598 0 341. 11. 597 5.66
57.842 124 GPS_DIAGNOSTICS 585 9.964725 0.100354 100354
58.102 124 ROTORCRAFT_FP 0 0 -2 0 0 -35394 12533 4451 -2337 0 0 0 0 0 0
58.108 124 GPS_DIAGNOSTICS 587 9.792881 0.102115 102115
58.348 124 SYS_MON 1951 1297 2610 914 653 1693 148 46
58.348 124 AUTOPILOT_VERSION 50700 v5.7_devel-356-g27d8ee9-dirty
58.389 124 ALIVE 228,53,28,184,20,220,96,252,128,64,204,222,62,138,41,191
58.389 124 GPS_DIAGNOSTICS 590 9.875275 0.101263 101263
58.609 124 DELFLY_STATE 0 0 0 0 0 0 0 0 0 0 0 0 0 0 0 0 0
58.726 124 LINK_REPORT 124 -1 59 0 19560 606 0 306. 8. 607 5.66
58.947 124 GPS_DIAGNOSTICS 592 10.286373 0.097216 97216
58.988 124 ROTORCRAFT_NAV_STATUS 58 58 2.3 0. 2 1 3
58.988 124 GPS_DIAGNOSTICS 594 9.82492 0.101782 101782
59.102 124 DL_VALUE 33 0.
59.103 124 ROTORCRAFT_STATUS 0 0 2 0 3 0 0 0 0 0 38 147
59.108 124 ROTORCRAFT_FP 0 0 -2 0 0 -33914 12536 4450 -2452 0 0 0 0 0 0
59.109 124 GPS_DIAGNOSTICS 597 9.840583 0.10162 101620
59.345 124 SYS_MON 1951 1434 2470 915 706 1637 148 46
59.345 124 GPS_DIAGNOSTICS 600 9.945103 0.100552 100552
59.602 124 DELFLY_STATE 0 0 0 0 0 0 0 0 0 0 0 0 0 0 0 0 0
59.603 124 GPS_DIAGNOSTICS 602 8.266034 0.120977 120977
59.726 124 LINK_REPORT 124 -1 60 0 19914 617 0 354. 11. 616 5.66
59.848 124 ENERGY 3.8 0. 0 0.
59.849 124 ALIVE 228,53,28,184,20,220,96,252,128,64,204,222,62,138,41,191
59.849 124 GPS_DIAGNOSTICS 605 11.057788 0.090434 90434
60.102 124 ROTORCRAFT_FP 0 0 -2 0 0 -32563 12536 4450 -2572 0 0 0 0 0 0
60.103 124 GPS_DIAGNOSTICS 607 9.965917 0.100342 100342
60.201 124 PONG 
60.247 124 ROTORCRAFT_NAV_STATUS 59 59 2.3 0. 2 1 3
60.349 124 SYS_MON 1951 1240 2665 913 631 1727 148 46
60.350 124 GPS_DIAGNOSTICS 609 10.574513 0.094567 94567
60.604 124 DL_VALUE 34 0.
60.604 124 ROTORCRAFT_STATUS 0 0 2 0 3 0 0 0 0 0 38 149
60.613 124 DELFLY_STATE 0 0 0 0 0 0 0 0 0 0 0 0 0 0 0 0 0
60.727 124 LINK_REPORT 124 -1 61 0 20261 629 0 347. 12. 627 11.15
60.841 124 GPS_DIAGNOSTICS 614 10.047121 0.099531 99531
61.105 124 ROTORCRAFT_FP 0 0 -2 0 0 -30184 12537 4450 -2694 0 0 0 0 0 0
61.106 124 GPS_DIAGNOSTICS 617 9.987715 0.100123 100123
61.346 124 SYS_MON 1951 1184 2722 914 610 1735 148 46
61.346 124 DATALINK_REPORT 1 636 1526 330 200
61.347 124 ALIVE 228,53,28,184,20,220,96,252,128,64,204,222,62,138,41,191
61.388 124 GPS_DIAGNOSTICS 619 10.054293 0.09946 99460
61.597 124 DELFLY_STATE 0 0 0 0 0 0 0 0 0 0 0 0 0 0 0 0 0
61.599 124 GPS_DIAGNOSTICS 622 9.892469 0.101087 101087
61.727 124 LINK_REPORT 124 -1 62 0 20570 638 0 309. 9. 637 11.15
61.741 124 ROTORCRAFT_NAV_STATUS 61 61 2.3 0. 2 1 3
61.844 124 GPS_DIAGNOSTICS 624 9.907857 0.10093 100930
62.103 124 DL_VALUE 35 0.
62.104 124 ROTORCRAFT_STATUS 0 0 2 0 3 0 0 0 0 0 38 150
62.106 124 ROTORCRAFT_FP 0 0 -2 0 0 -30163 12537 4449 -2818 0 0 0 0 0 0
62.106 124 GPS_DIAGNOSTICS 627 9.933545 0.100669 100669
62.345 124 SYS_MON 1951 1303 2593 915 666 1683 148 46
62.345 124 GPS_DIAGNOSTICS 629 9.708832 0.102999 102999
62.608 124 DELFLY_STATE 0 0 0 0 0 0 0 0 0 0 0 0 0 0 0 0 0
62.688 124 GPS_DIAGNOSTICS 632 10.044396 0.099558 99558
62.728 124 LINK_REPORT 124 -1 63 0 20896 648 0 326. 10. 647 11.15
62.846 124 ENERGY 3.8 0. 0 0.
62.847 124 ALIVE 228,53,28,184,20,220,96,252,128,64,204,222,62,138,41,191
62.847 124 GPS_DIAGNOSTICS 634 15.420438 0.064849 64849
63.102 124 ROTORCRAFT_FP 0 0 -1 0 0 -28281 12538 4450 -2945 0 0 0 0 0 0
63.142 124 GPS_DIAGNOSTICS 637 9.910999 0.100898 100898
63.240 124 ROTORCRAFT_NAV_STATUS 62 62 2.3 0. 2 1 3
63.344 124 SYS_MON 1951 1445 2463 915 710 1637 148 46
63.344 124 GPS_DIAGNOSTICS 639 10.38702 0.096274 96274
63.603 124 DL_VALUE 36 45.299999
63.603 124 ROTORCRAFT_STATUS 0 0 2 0 3 0 0 0 0 0 38 152
63.647 124 DELFLY_STATE 0 0 0 0 0 0 0 0 0 0 0 0 0 0 0 0 0
63.729 124 LINK_REPORT 124 -1 64 0 21237 659 0 341. 11. 657 11.15
63.844 124 GPS_DIAGNOSTICS 644 9.303451 0.107487 107487
64.099 124 ROTORCRAFT_FP 0 0 -1 0 0 -27083 12539 4449 -3074 0 0 0 0 0 0
64.141 124 GPS_DIAGNOSTICS 647 9.9987 0.100013 100013
64.346 124 SYS_MON 1951 1371 2531 914 685 1670 148 46
64.348 124 AUTOPILOT_VERSION 50700 v5.7_devel-356-g27d8ee9-dirty
64.348 124 UART_ERRORS 0 273 105 1
64.371 124 ALIVE 228,53,28,184,20,220,96,252,128,64,204,222,62,138,41,191
64.372 124 GPS_DIAGNOSTICS 649 9.962739 0.100374 100374
64.600 124 DELFLY_STATE 0 0 0 0 0 0 0 0 0 0 0 0 0 0 0 0 0
64.602 124 GPS_DIAGNOSTICS 652 9.718173 0.1029 102900
64.729 124 LINK_REPORT 124 -1 65 0 21584 669 0 347. 10. 667 11.15
64.739 124 ROTORCRAFT_NAV_STATUS 64 64 2.3 0. 2 1 3
64.847 124 GPS_DIAGNOSTICS 654 9.899226 0.101018 101018
65.101 124 DL_VALUE 37 0.
65.102 124 ROTORCRAFT_STATUS 0 0 2 0 3 0 0 0 0 0 38 153
65.146 124 ROTORCRAFT_FP 0 0 -2 0 0 -32209 12538 4450 -3192 0 0 0 0 0 0
65.146 124 GPS_DIAGNOSTICS 656 156.617071 0.006385 6385
65.206 124 PONG 
65.344 124 SYS_MON 1951 1274 2632 915 644 1701 148 46
65.344 124 GPS_DIAGNOSTICS 659 9.915323 0.100854 100854
65.603 124 DELFLY_STATE 0 0 0 0 0 0 0 0 0 0 0 0 0 0 0 0 0
65.644 124 GPS_DIAGNOSTICS 662 9.949655 0.100506 100506
65.729 124 LINK_REPORT 124 -1 66 0 21916 680 0 332. 11. 678 16.35
65.848 124 ENERGY 3.8 0. 0 0.
65.849 124 ALIVE 228,53,28,184,20,220,96,252,128,64,204,222,62,138,41,191
65.849 124 GPS_DIAGNOSTICS 664 9.206831 0.108615 108615
66.102 124 ROTORCRAFT_FP 0 0 -1 0 0 -24527 12537 4450 -3340 0 0 0 0 0 0
66.143 124 GPS_DIAGNOSTICS 667 8.928332 0.112003 112003
66.244 124 ROTORCRAFT_NAV_STATUS 65 65 2.3 0. 2 1 3
66.344 124 SYS_MON 1951 1297 2609 915 653 1692 148 46
66.344 124 GPS_DIAGNOSTICS 669 10.066135 0.099343 99343
66.545 124 WIND_INFO 124 42 0. 0. 0.
66.606 124 DL_VALUE 38 5.
66.606 124 ROTORCRAFT_STATUS 0 0 2 0 3 0 0 0 0 0 38 155
66.645 124 DELFLY_STATE 0 0 0 0 0 0 0 0 0 0 0 0 0 0 0 0 0
66.730 124 LINK_REPORT 124 -1 67 0 22257 691 0 341. 11. 689 16.35
66.841 124 GPS_DIAGNOSTICS 674 10.543963 0.094841 94841
67.101 124 ROTORCRAFT_FP 0 0 -1 0 0 -23375 12538 4450 -3475 0 0 0 0 0 0
67.101 124 GPS_DIAGNOSTICS 677 10.047626 0.099526 99526
67.346 124 SYS_MON 1951 1257 2645 914 641 1707 148 46
67.346 124 DATALINK_REPORT 1 698 1588 332 208
67.347 124 ALIVE 228,53,28,184,20,220,96,252,128,64,204,222,62,138,41,191
67.356 124 GPS_DIAGNOSTICS 679 9.995602 0.100044 100044
67.603 124 DELFLY_STATE 0 0 0 0 0 0 0 0 0 0 0 0 0 0 0 0 0
67.640 124 GPS_DIAGNOSTICS 681 9.990609 0.100094 100094
67.731 124 LINK_REPORT 124 -1 68 0 22566 700 0 309. 9. 699 16.35
67.739 124 ROTORCRAFT_NAV_STATUS 67 67 2.3 0. 2 1 3
67.845 124 GPS_DIAGNOSTICS 684 9.88973 0.101115 101115
68.109 124 DL_VALUE 39 0.5
68.110 124 ROTORCRAFT_STATUS 0 0 2 0 3 0 0 0 0 0 38 156
68.119 124 ROTORCRAFT_FP 0 0 -2 0 0 -31442 12537 4450 -3599 0 0 0 0 0 0
68.122 124 GPS_DIAGNOSTICS 686 9.909722 0.100911 100911
68.343 124 GPS_DIAGNOSTICS 689 9.863976 0.101379 101379
68.344 124 SYS_MON 1951 1497 2404 915 734 1620 148 46
68.599 124 DELFLY_STATE 0 0 0 0 0 0 0 0 0 0 0 0 0 0 0 0 0
68.600 124 GPS_DIAGNOSTICS 691 10.006905 0.099931 99931
68.732 124 LINK_REPORT 124 -1 69 0 22892 710 0 326. 10. 709 16.35
68.846 124 ENERGY 3.8 0. 0 0.
68.846 124 ALIVE 228,53,28,184,20,220,96,252,128,64,204,222,62,138,41,191
68.847 124 GPS_DIAGNOSTICS 694 10.328765 0.096817 96817
69.103 124 ROTORCRAFT_FP 0 0 -2 0 0 -26124 12537 4450 -3738 0 0 0 0 0 0
69.111 124 GPS_DIAGNOSTICS 696 8.355824 0.119677 119677
69.240 124 ROTORCRAFT_NAV_STATUS 68 68 2.3 0. 2 1 3
69.344 124 SYS_MON 1951 1570 2335 914 758 1586 148 46
69.344 124 GPS_DIAGNOSTICS 699 10.194407 0.098093 98093
69.599 124 DL_VALUE 40 -0.8
69.599 124 ROTORCRAFT_STATUS 0 0 2 0 3 0 0 0 0 0 38 158
69.613 124 DELFLY_STATE 0 0 0 0 0 0 0 0 0 0 0 0 0 0 0 0 0
69.732 124 LINK_REPORT 124 -1 70 0 23233 721 0 341. 11. 719 16.35
69.845 124 GPS_DIAGNOSTICS 704 10.490758 0.095322 95322
70.107 124 ROTORCRAFT_FP 0 0 -2 0 0 -29324 12537 4451 -3879 0 0 0 0 0 0
70.109 124 GPS_DIAGNOSTICS 706 9.892567 0.101086 101086
70.195 124 PONG 
70.351 124 SYS_MON 1951 1185 2721 914 611 1734 148 46
70.353 124 AUTOPILOT_VERSION 50700 v5.7_devel-356-g27d8ee9-dirty
70.353 124 UART_ERRORS 0 0 34895 3
70.401 124 ALIVE 228,53,28,184,20,220,96,252,128,64,204,222,62,138,41,191
70.402 124 GPS_DIAGNOSTICS 709 10.011613 0.099884 99884
70.603 124 DELFLY_STATE 0 0 0 0 0 0 0 0 0 0 0 0 0 0 0 0 0
70.606 124 GPS_DIAGNOSTICS 711 9.929106 0.100714 100714
70.733 124 LINK_REPORT 124 -1 71 0 23586 732 0 353. 11. 730 3.74
70.740 124 ROTORCRAFT_NAV_STATUS 70 70 2.3 0. 2 1 3
70.842 124 GPS_DIAGNOSTICS 714 9.908348 0.100925 100925
71.101 124 DL_VALUE 41 400.
71.102 124 ROTORCRAFT_STATUS 0 0 2 0 3 0 0 0 0 0 38 159
71.108 124 ROTORCRAFT_FP 0 0 -2 0 0 -27382 12538 4451 -4020 0 0 0 0 0 0
71.109 124 GPS_DIAGNOSTICS 716 9.933347 0.100671 100671
71.344 124 SYS_MON 1951 1254 2656 915 638 1711 148 46
71.344 124 GPS_DIAGNOSTICS 719 9.989012 0.10011 100110
71.609 124 DELFLY_STATE 0 0 0 0 0 0 0 0 0 0 0 0 0 0 0 0 0
71.623 124 GPS_DIAGNOSTICS 721 9.953022 0.100472 100472
71.733 124 LINK_REPORT 124 -1 72 0 23912 742 0 326. 10. 740 3.74
71.847 124 ENERGY 3.8 0. 0 0.
71.847 124 ALIVE 228,53,28,184,20,220,96,252,128,64,204,222,62,138,41,191
71.847 124 GPS_DIAGNOSTICS 724 10.31268 0.096968 96968
72.104 124 ROTORCRAFT_FP 0 0 -2 0 0 -26413 12539 4451 -4164 0 0 0 0 0 0
72.106 124 GPS_DIAGNOSTICS 726 9.937888 0.100625 100625
72.239 124 ROTORCRAFT_NAV_STATUS 71 71 2.3 0. 2 1 3
72.401 124 SYS_MON 1951 1535 2369 913 744 1599 148 46
72.401 124 GPS_DIAGNOSTICS 728 9.566266 0.104534 104534
72.600 124 DL_VALUE 42 400.
72.600 124 ROTORCRAFT_STATUS 0 0 2 0 3 0 0 0 0 0 38 161
72.643 124 DELFLY_STATE 0 0 0 0 0 0 0 0 0 0 0 0 0 0 0 0 0
72.736 124 LINK_REPORT 124 -1 73 0 24253 753 0 341. 11. 750 3.74
72.844 124 GPS_DIAGNOSTICS 734 39.280383 0.025458 25458
73.164 124 ROTORCRAFT_FP 0 0 -1 0 0 -26079 12540 4451 -4308 0 0 0 0 0 0
73.167 124 GPS_DIAGNOSTICS 736 11.8899 0.084105 84105
73.383 124 SYS_MON 1951 1139 2766 914 593 1751 148 46
73.384 124 DATALINK_REPORT 1 758 1650 332 216
73.384 124 ALIVE 228,53,28,184,20,220,96,252,128,64,204,222,62,138,41,191
73.389 124 GPS_DIAGNOSTICS 738 16.370899 0.061084 61084
73.605 124 DELFLY_STATE 0 0 0 0 0 0 0 0 0 0 0 0 0 0 0 0 0
73.607 124 GPS_DIAGNOSTICS 741 7.104846 0.140749 140749
73.737 124 LINK_REPORT 124 -1 74 0 24562 762 0 309. 9. 760 3.74
73.860 124 ROTORCRAFT_NAV_STATUS 73 73 2.3 0. 2 1 3
73.906 124 GPS_DIAGNOSTICS 742 16.488046 0.06065 60650
74.167 124 DL_VALUE 43 418.
74.167 124 ROTORCRAFT_STATUS 0 0 2 0 3 0 0 0 0 0 38 162
74.202 124 ROTORCRAFT_FP 0 0 -1 0 0 -23957 12541 4453 -4453 0 0 0 0 0 0
74.203 124 GPS_DIAGNOSTICS 746 9.923194 0.100774 100774
74.415 124 GPS_DIAGNOSTICS 748 15.868482 0.063018 63018
74.416 124 SYS_MON 1951 1240 2665 915 631 1713 148 46
74.618 124 DELFLY_STATE 0 0 0 0 0 0 0 0 0 0 0 0 0 0 0 0 0
74.636 124 GPS_DIAGNOSTICS 750 53.03633 0.018855 18855
74.737 124 LINK_REPORT 124 -1 75 0 24888 772 0 326. 10. 770 3.74
74.847 124 ENERGY 3.8 0. 0 0.
74.847 124 ALIVE 228,53,28,184,20,220,96,252,128,64,204,222,62,138,41,191
74.848 124 GPS_DIAGNOSTICS 752 56.615524 0.017663 17663
75.106 124 ROTORCRAFT_FP 0 0 -1 0 0 -22609 12542 4453 -4599 0 0 0 0 0 0
75.107 124 GPS_DIAGNOSTICS 756 8.314971 0.120265 120265
75.286 124 ROTORCRAFT_NAV_STATUS 74 74 2.3 0. 2 1 3
75.325 124 PONG 
75.346 124 SYS_MON 1951 1153 2741 914 600 1747 148 46
75.346 124 GPS_DIAGNOSTICS 758 6.992909 0.143002 143002
75.622 124 DL_VALUE 44 301.
75.622 124 ROTORCRAFT_STATUS 0 0 2 0 3 0 0 0 0 0 38 164
75.660 124 DELFLY_STATE 0 0 0 0 0 0 0 0 0 0 0 0 0 0 0 0 0
75.738 124 LINK_REPORT 124 -1 76 0 25235 784 0 347. 12. 780 133.83
75.842 124 GPS_DIAGNOSTICS 762 27.06653 0.036946 36946
76.102 124 ROTORCRAFT_FP 0 0 -1 0 0 -20492 12540 4452 -4748 0 0 0 0 0 0
76.287 124 GPS_DIAGNOSTICS 766 50.947626 0.019628 19628
76.346 124 SYS_MON 1951 1196 2700 914 615 1727 148 46
76.354 124 AUTOPILOT_VERSION 50700 v5.7_devel-356-g27d8ee9-dirty
76.546 124 WIND_INFO 124 42 0. 0. 0.
76.546 124 ALIVE 228,53,28,184,20,220,96,252,128,64,204,222,62,138,41,191
76.546 124 GPS_DIAGNOSTICS 768 174.550532 0.005729 5729
76.598 124 DELFLY_STATE 0 0 0 0 0 0 0 0 0 0 0 0 0 0 0 0 0
76.737 124 GPS_DIAGNOSTICS 771 22.306491 0.04483 44830
76.739 124 LINK_REPORT 124 -1 77 0 25569 793 0 334. 9. 791 133.83
76.747 124 ROTORCRAFT_NAV_STATUS 76 76 2.3 0. 2 1 3
76.859 124 GPS_DIAGNOSTICS 773 30.723854 0.032548 32548
77.099 124 DL_VALUE 45 302.
77.099 124 ROTORCRAFT_STATUS 0 0 2 0 3 0 0 0 0 0 38 165
77.137 124 ROTORCRAFT_FP 0 0 -1 0 0 -17650 12540 4452 -4896 0 0 0 0 0 0
77.138 124 GPS_DIAGNOSTICS 776 67.449076 0.014826 14826
77.349 124 SYS_MON 1951 1204 2721 913 630 1734 148 46
77.349 124 GPS_DIAGNOSTICS 776 67.449076 0.014826 14826
77.604 124 DELFLY_STATE 0 0 0 0 0 0 0 0 0 0 0 0 0 0 0 0 0
77.644 124 GPS_DIAGNOSTICS 776 67.449076 0.014826 14826
77.740 124 LINK_REPORT 124 -1 78 0 25895 803 0 326. 10. 801 133.83
77.846 124 ENERGY 3.8 0. 0 0.
77.846 124 ALIVE 228,53,28,184,20,220,96,252,128,64,204,222,62,138,41,191
77.847 124 GPS_DIAGNOSTICS 783 9.618992 0.103961 103961
78.102 124 ROTORCRAFT_FP 0 0 -1 0 0 -18567 12540 4452 -5044 0 0 0 0 0 0
78.142 124 GPS_DIAGNOSTICS 786 10.09999 0.09901 99010
78.242 124 ROTORCRAFT_NAV_STATUS 77 77 2.3 0. 2 1 3
78.345 124 SYS_MON 1951 1384 2564 912 762 1654 148 46
78.346 124 GPS_DIAGNOSTICS 788 10.075668 0.099249 99249
78.600 124 DL_VALUE 46 303.
78.601 124 ROTORCRAFT_STATUS 0 0 2 0 3 0 0 0 0 0 38 167
78.645 124 DELFLY_STATE 0 0 0 0 0 0 0 0 0 0 0 0 0 0 0 0 0
78.740 124 LINK_REPORT 124 -1 79 0 26236 814 0 341. 11. 811 133.83
78.843 124 GPS_DIAGNOSTICS 793 10.1273 0.098743 98743
79.097 124 ROTORCRAFT_FP 0 0 -1 0 0 -19440 12539 4451 -5192 0 0 0 0 0 0
79.100 124 GPS_DIAGNOSTICS 796 10.0006 0.099994 99994
79.348 124 SYS_MON 1951 1197 2699 914 616 1726 148 46
79.348 124 DATALINK_REPORT 1 820 1711 330 224
79.348 124 ALIVE 228,53,28,184,20,220,96,252,128,64,204,222,62,138,41,191
79.349 124 GPS_DIAGNOSTICS 798 10.040766 0.099594 99594
79.602 124 DELFLY_STATE 0 0 0 0 0 0 0 0 0 0 0 0 0 0 0 0 0
79.602 124 GPS_DIAGNOSTICS 800 9.881911 0.101195 101195
79.740 124 ROTORCRAFT_NAV_STATUS 79 79 2.3 0. 2 1 3
79.741 124 LINK_REPORT 124 -1 80 0 26566 824 0 330. 10. 821 133.83
79.842 124 GPS_DIAGNOSTICS 803 9.950051 0.100502 100502
80.102 124 DL_VALUE 47 0.
80.103 124 ROTORCRAFT_STATUS 0 0 2 0 3 0 0 0 0 0 38 168
80.105 124 ROTORCRAFT_FP 0 0 -2 0 0 -24634 12539 4450 -5325 0 0 0 0 0 0
80.105 124 GPS_DIAGNOSTICS 805 9.232587 0.108312 108312
80.199 124 PONG 
80.344 124 SYS_MON 1951 1343 2564 915 671 1675 148 46
80.344 124 GPS_DIAGNOSTICS 808 9.953616 0.100466 100466
80.605 124 DELFLY_STATE 0 0 0 0 0 0 0 0 0 0 0 0 0 0 0 0 0
80.610 124 GPS_DIAGNOSTICS 810 9.932953 0.100675 100675
80.741 124 LINK_REPORT 124 -1 81 0 26877 834 0 311. 10. 832 8.06
80.848 124 ENERGY 3.8 0. 0 0.
80.848 124 ALIVE 228,53,28,184,20,220,96,252,128,64,204,222,62,138,41,191
80.849 124 GPS_DIAGNOSTICS 813 9.990509 0.100095 100095
81.099 124 ROTORCRAFT_FP 0 0 -1 0 0 -23420 12539 4450 -5472 0 0 0 0 0 0
81.104 124 GPS_DIAGNOSTICS 815 9.876543 0.10125 101250
81.240 124 ROTORCRAFT_NAV_STATUS 80 80 2.3 0. 2 1 3
81.346 124 SYS_MON 1951 1288 2596 915 651 1686 148 46
81.346 124 GPS_DIAGNOSTICS 818 9.901676 0.100993 100993
81.599 124 DL_VALUE 48 0.
81.599 124 ROTORCRAFT_STATUS 0 0 2 0 3 0 0 0 0 0 38 170
81.600 124 DELFLY_STATE 0 0 0 0 0 0 0 0 0 0 0 0 0 0 0 0 0
81.742 124 LINK_REPORT 124 -1 82 0 27218 845 0 341. 11. 842 8.06
81.844 124 GPS_DIAGNOSTICS 823 9.720818 0.102872 102872
82.106 124 ROTORCRAFT_FP 0 0 -1 0 0 -21987 12537 4449 -5620 0 0 0 0 0 0
82.108 124 GPS_DIAGNOSTICS 825 9.46029 0.105705 105705
82.353 124 SYS_MON 1951 1197 2697 914 616 1724 148 46
82.354 124 AUTOPILOT_VERSION 50700 v5.7_devel-356-g27d8ee9-dirty
82.355 124 ALIVE 228,53,28,184,20,220,96,252,128,64,204,222,62,138,41,191
82.355 124 GPS_DIAGNOSTICS 828 9.469697 0.1056 105600
82.603 124 DELFLY_STATE 0 0 0 0 0 0 0 0 0 0 0 0 0 0 0 0 0
82.605 124 GPS_DIAGNOSTICS 830 9.95114 0.100491 100491
82.740 124 ROTORCRAFT_NAV_STATUS 82 82 2.3 0. 2 1 3
82.743 124 LINK_REPORT 124 -1 83 0 27573 855 0 355. 10. 852 8.06
82.842 124 GPS_DIAGNOSTICS 833 10.05844 0.099419 99419
83.103 124 DL_VALUE 49 0.
83.104 124 ROTORCRAFT_STATUS 0 0 2 0 3 0 0 0 0 0 38 171
83.118 124 ROTORCRAFT_FP 0 0 -1 0 0 -21697 12537 4450 -5766 0 0 0 0 0 0
83.121 124 GPS_DIAGNOSTICS 835 9.991308 0.100087 100087
83.344 124 SYS_MON 1951 1488 2415 915 725 1617 147 46
83.345 124 GPS_DIAGNOSTICS 838 9.839033 0.101636 101636
83.604 124 DELFLY_STATE 0 0 0 0 0 0 0 0 0 0 0 0 0 0 0 0 0
83.607 124 GPS_DIAGNOSTICS 840 9.950744 0.100495 100495
83.744 124 LINK_REPORT 124 -1 84 0 27878 864 0 305. 9. 862 8.06
83.854 124 ENERGY 3.8 0. 0 0.
83.854 124 ALIVE 228,53,28,184,20,220,96,252,128,64,204,222,62,138,41,191
83.854 124 GPS_DIAGNOSTICS 843 10.580779 0.094511 94511
84.102 124 ROTORCRAFT_FP 0 0 -1 0 0 -21022 12536 4450 -5912 0 0 0 0 0 0
84.106 124 GPS_DIAGNOSTICS 845 9.872448 0.101292 101292
84.240 124 ROTORCRAFT_NAV_STATUS 83 83 2.3 0. 2 1 3
84.345 124 SYS_MON 1951 1279 2625 915 649 1701 148 46
84.345 124 GPS_DIAGNOSTICS 848 10.112348 0.098889 98889
84.603 124 DL_VALUE 50 0.
84.603 124 ROTORCRAFT_STATUS 0 0 2 0 3 0 0 0 0 0 38 173
84.609 124 DELFLY_STATE 0 0 0 0 0 0 0 0 0 0 0 0 0 0 0 0 0
84.744 124 LINK_REPORT 124 -1 85 0 28219 875 0 341. 11. 872 8.06
84.844 124 GPS_DIAGNOSTICS 853 9.838937 0.101637 101637
85.097 124 ROTORCRAFT_FP 0 0 -1 0 0 -20264 12533 4449 -6058 0 0 0 0 0 0
85.098 124 GPS_DIAGNOSTICS 855 10.24139 0.097643 97643
85.199 124 PONG 
85.355 124 SYS_MON 1951 1296 2609 914 652 1692 148 46
85.355 124 DATALINK_REPORT 1 882 1773 331 232
85.355 124 UART_ERRORS 0 273 105 1
85.355 124 ALIVE 228,53,28,184,20,220,96,252,128,64,204,222,62,138,41,191
85.393 124 GPS_DIAGNOSTICS 858 9.973272 0.100268 100268
85.597 124 DELFLY_STATE 0 0 0 0 0 0 0 0 0 0 0 0 0 0 0 0 0
85.632 124 GPS_DIAGNOSTICS 860 9.909722 0.100911 100911
85.746 124 ROTORCRAFT_NAV_STATUS 85 85 2.3 0. 2 1 3
85.749 124 LINK_REPORT 124 -1 86 0 28568 887 0 349. 12. 883 6.91
85.847 124 GPS_DIAGNOSTICS 863 10.016728 0.099833 99833
86.097 124 DL_VALUE 51 331643136.
86.098 124 ROTORCRAFT_STATUS 0 0 2 0 3 0 0 0 0 0 38 174
86.102 124 ROTORCRAFT_FP 0 0 -1 0 0 -17755 12533 4449 -6200 0 0 0 0 0 0
86.102 124 GPS_DIAGNOSTICS 865 10.012917 0.099871 99871
86.346 124 GPS_DIAGNOSTICS 867 9.890903 0.101103 101103
86.346 124 SYS_MON 1951 1141 2766 914 595 1751 148 46
86.546 124 WIND_INFO 124 42 0. 0. 0.
86.606 124 DELFLY_STATE 0 0 0 0 0 0 0 0 0 0 0 0 0 0 0 0 0
86.606 124 GPS_DIAGNOSTICS 870 11.171312 0.089515 89515
86.747 124 LINK_REPORT 124 -1 87 0 28873 896 0 305. 9. 894 6.91
86.847 124 ENERGY 3.8 0. 0 0.
86.847 124 ALIVE 228,53,28,184,20,220,96,252,128,64,204,222,62,138,41,191
86.847 124 GPS_DIAGNOSTICS 872 11.17281 0.089503 89503
87.103 124 ROTORCRAFT_FP 0 0 -1 0 0 -18293 12532 4448 -6342 0 0 0 0 0 0
87.104 124 GPS_DIAGNOSTICS 875 9.986418 0.100136 100136
87.244 124 ROTORCRAFT_NAV_STATUS 86 86 2.3 0. 2 1 3
87.345 124 SYS_MON 1951 1714 2192 915 811 1534 148 46
87.345 124 GPS_DIAGNOSTICS 877 9.942631 0.100577 100577
87.597 124 DL_VALUE 52 7.
87.597 124 ROTORCRAFT_STATUS 0 0 2 0 3 0 0 0 0 0 38 176
87.601 124 DELFLY_STATE 0 0 0 0 0 0 0 0 0 0 0 0 0 0 0 0 0
87.747 124 LINK_REPORT 124 -1 88 0 29214 907 0 341. 11. 903 6.91
87.850 124 GPS_DIAGNOSTICS 882 9.686919 0.103232 103232
88.097 124 ROTORCRAFT_FP 0 0 -1 0 0 -17840 12530 4448 -6482 0 0 0 0 0 0
88.098 124 GPS_DIAGNOSTICS 885 9.957482 0.100427 100427
88.357 124 AUTOPILOT_VERSION 50700 v5.7_devel-356-g27d8ee9-dirty
88.357 124 ALIVE 228,53,28,184,20,220,96,252,128,64,204,222,62,138,41,191
88.359 124 GPS_DIAGNOSTICS 887 9.956094 0.100441 100441
88.359 124 SYS_MON 1951 1611 2291 915 778 1577 148 46
88.597 124 DELFLY_STATE 0 0 0 0 0 0 0 0 0 0 0 0 0 0 0 0 0
88.600 124 GPS_DIAGNOSTICS 890 9.89335 0.101078 101078
88.744 124 ROTORCRAFT_NAV_STATUS 88 88 2.3 0. 2 1 3
88.747 124 LINK_REPORT 124 -1 89 0 29569 917 0 355. 10. 913 6.91
88.845 124 GPS_DIAGNOSTICS 892 9.627048 0.103874 103874
89.106 124 DL_VALUE 53 0.
89.106 124 ROTORCRAFT_STATUS 0 0 2 0 3 0 0 0 0 0 38 177
89.148 124 ROTORCRAFT_FP 0 0 -1 0 0 -16674 12532 4449 -6619 0 0 0 0 0 0
89.148 124 GPS_DIAGNOSTICS 895 9.831875 0.10171 101710
89.344 124 SYS_MON 1951 1135 2769 915 589 1754 148 46
89.344 124 GPS_DIAGNOSTICS 897 9.95015 0.100501 100501
89.597 124 DELFLY_STATE 0 0 0 0 0 0 0 0 0 0 0 0 0 0 0 0 0
89.640 124 GPS_DIAGNOSTICS 900 9.489287 0.105382 105382
89.747 124 LINK_REPORT 124 -1 90 0 29874 926 0 305. 9. 923 6.91
89.847 124 ENERGY 3.8 0. 0 0.
89.847 124 ALIVE 228,53,28,184,20,220,96,252,128,64,204,222,62,138,41,191
89.848 124 GPS_DIAGNOSTICS 902 9.89707 0.10104 101040
90.099 124 ROTORCRAFT_FP 0 0 0 0 0 -14875 12533 4449 -6754 0 0 0 0 0 0
90.136 124 GPS_DIAGNOSTICS 905 9.972973 0.100271 100271
90.200 124 PONG 
90.240 124 ROTORCRAFT_NAV_STATUS 89 89 2.3 0. 2 1 3
90.344 124 SYS_MON 1951 1242 2659 915 633 1714 148 46
90.344 124 GPS_DIAGNOSTICS 907 10.006204 0.099938 99938
90.601 124 DL_VALUE 54 1.
90.604 124 ROTORCRAFT_STATUS 0 0 2 0 3 0 0 0 0 0 38 179
90.620 124 DELFLY_STATE 0 0 0 0 0 0 0 0 0 0 0 0 0 0 0 0 0
90.748 124 LINK_REPORT 124 -1 91 0 30221 938 0 347. 12. 934 2.99
90.842 124 GPS_DIAGNOSTICS 912 9.947576 0.100527 100527
91.103 124 ROTORCRAFT_FP 0 0 -1 0 0 -20587 12531 4449 -6875 0 0 0 0 0 0
91.109 124 GPS_DIAGNOSTICS 914 10.274747 0.097326 97326
91.347 124 SYS_MON 1951 1251 2654 914 656 1758 148 46
91.347 124 DATALINK_REPORT 1 943 1835 332 240
91.347 124 UART_ERRORS 0 0 39410 3
91.348 124 ALIVE 228,53,28,184,20,220,96,252,128,64,204,222,62,138,41,191
91.367 124 GPS_DIAGNOSTICS 917 9.809115 0.101946 101946
91.604 124 DELFLY_STATE 0 0 0 0 0 0 0 0 0 0 0 0 0 0 0 0 0
91.655 124 GPS_DIAGNOSTICS 919 10.037843 0.099623 99623
91.740 124 ROTORCRAFT_NAV_STATUS 91 91 2.3 0. 2 1 3
91.751 124 LINK_REPORT 124 -1 92 0 30564 949 0 343. 11. 944 2.99
91.842 124 GPS_DIAGNOSTICS 922 10.076074 0.099245 99245
92.105 124 DL_VALUE 55 0.
92.105 124 ROTORCRAFT_STATUS 0 0 2 0 3 0 0 0 0 0 38 180
92.112 124 ROTORCRAFT_FP 0 0 -1 0 0 -19723 12533 4450 -7005 0 0 0 0 0 0
92.112 124 GPS_DIAGNOSTICS 924 9.944213 0.100561 100561
92.344 124 SYS_MON 1951 1206 2698 915 618 1725 148 46
92.344 124 GPS_DIAGNOSTICS 927 10.148987 0.098532 98532
92.597 124 DELFLY_STATE 0 0 0 0 0 0 0 0 0 0 0 0 0 0 0 0 0
92.599 124 GPS_DIAGNOSTICS 929 9.735202 0.10272 102720
92.751 124 LINK_REPORT 124 -1 93 0 30869 958 0 305. 9. 954 2.99
92.846 124 ENERGY 3.8 0. 0 0.
92.846 124 ALIVE 228,53,28,184,20,220,96,252,128,64,204,222,62,138,41,191
92.846 124 GPS_DIAGNOSTICS 932 10.038044 0.099621 99621
93.105 124 ROTORCRAFT_FP 0 0 -1 0 0 -17941 12535 4451 -7132 0 0 0 0 0 0
93.108 124 GPS_DIAGNOSTICS 934 9.902461 0.100985 100985
93.240 124 ROTORCRAFT_NAV_STATUS 92 92 2.3 0. 2 1 3
93.344 124 SYS_MON 1951 1376 2519 915 690 1665 148 46
93.344 124 GPS_DIAGNOSTICS 937 9.909821 0.10091 100910
93.610 124 DL_VALUE 56 250.
93.611 124 ROTORCRAFT_STATUS 0 0 2 0 3 0 0 0 0 0 38 182
93.622 124 DELFLY_STATE 0 0 0 0 0 0 0 0 0 0 0 0 0 0 0 0 0
93.752 124 LINK_REPORT 124 -1 94 0 31210 969 0 341. 11. 964 2.99
93.846 124 GPS_DIAGNOSTICS 942 9.915225 0.100855 100855
94.103 124 ROTORCRAFT_FP 0 0 -1 0 0 -17079 12535 4453 -7259 0 0 0 0 0 0
94.108 124 GPS_DIAGNOSTICS 944 9.947279 0.10053 100530
94.347 124 SYS_MON 1951 1357 2551 914 678 1669 148 46
94.349 124 AUTOPILOT_VERSION 50700 v5.7_devel-356-g27d8ee9-dirty
94.418 124 ALIVE 228,53,28,184,20,220,96,252,128,64,204,222,62,138,41,191
94.419 124 GPS_DIAGNOSTICS 947 9.959267 0.100409 100409
94.603 124 DELFLY_STATE 0 0 0 0 0 0 0 0 0 0 0 0 0 0 0 0 0
94.604 124 GPS_DIAGNOSTICS 949 10.115212 0.098861 98861
94.740 124 ROTORCRAFT_NAV_STATUS 94 94 2.3 0. 2 1 3
94.753 124 LINK_REPORT 124 -1 95 0 31565 979 0 355. 10. 974 2.99
94.842 124 GPS_DIAGNOSTICS 952 9.9987 0.100013 100013
95.106 124 DL_VALUE 57 0.
95.106 124 ROTORCRAFT_STATUS 0 0 2 0 3 0 0 0 0 0 38 183
95.112 124 ROTORCRAFT_FP 0 0 -1 0 0 -15701 12536 4454 -7382 0 0 0 0 0 0
95.112 124 GPS_DIAGNOSTICS 954 9.928515 0.10072 100720
95.201 124 PONG 
95.344 124 SYS_MON 1951 1466 2437 915 717 1625 148 46
95.344 124 GPS_DIAGNOSTICS 957 9.942433 0.100579 100579
95.603 124 DELFLY_STATE 0 0 0 0 0 0 0 0 0 0 0 0 0 0 0 0 0
95.606 124 GPS_DIAGNOSTICS 959 9.983627 0.100164 100164
95.753 124 LINK_REPORT 124 -1 96 0 31876 989 0 311. 10. 985 3.41
95.847 124 ENERGY 3.8 0. 0 0.
95.847 124 ALIVE 228,53,28,184,20,220,96,252,128,64,204,222,62,138,41,191
95.847 124 GPS_DIAGNOSTICS 962 9.907366 0.100935 100935
96.105 124 ROTORCRAFT_FP 0 0 -1 0 0 -16558 12537 4454 -7503 0 0 0 0 0 0
96.107 124 GPS_DIAGNOSTICS 964 9.883962 0.101174 101174
96.240 124 ROTORCRAFT_NAV_STATUS 95 95 2.3 0. 2 1 3
96.547 124 WIND_INFO 124 42 0. 0. 0.
96.754 124 LINK_REPORT 124 -1 97 0 32060 995 0 184. 6. 996 3.41
96.874 124 SYS_MON 1951 1197 2711 913 616 1731 148 46
96.874 124 GPS_DIAGNOSTICS 966 9.954508 0.100457 100457
96.878 124 DL_VALUE 58 0.
96.878 124 ROTORCRAFT_STATUS 0 0 2 0 3 0 0 0 0 0 38 185
96.878 124 DELFLY_STATE 0 0 0 0 0 0 0 0 0 0 0 0 0 0 0 0 0
96.878 124 GPS_DIAGNOSTICS 972 9.892958 0.101082 101082
97.107 124 ROTORCRAFT_FP 0 0 -1 0 0 -14875 12538 4453 -7621 0 0 0 0 0 0
97.128 124 GPS_DIAGNOSTICS 974 10.130994 0.098707 98707
97.357 124 SYS_MON 1951 1217 2688 915 622 2080 147 46
97.357 124 DATALINK_REPORT 0 1005 1897 332 248
97.357 124 ALIVE 228,53,28,184,20,220,96,252,128,64,204,222,62,138,41,191
97.396 124 GPS_DIAGNOSTICS 977 9.964824 0.100353 100353
97.621 124 DELFLY_STATE 0 0 0 0 0 0 0 0 0 0 0 0 0 0 0 0 0
97.625 124 GPS_DIAGNOSTICS 979 9.908446 0.100924 100924
97.740 124 ROTORCRAFT_NAV_STATUS 97 97 2.3 0. 2 1 3
97.754 124 LINK_REPORT 124 -1 98 0 32547 1010 0 487. 15. 1006 3.41
97.842 124 GPS_DIAGNOSTICS 981 9.911196 0.100896 100896
98.101 124 DL_VALUE 59 0.
98.101 124 ROTORCRAFT_STATUS 0 0 2 0 3 0 0 0 0 0 38 186
98.123 124 ROTORCRAFT_FP 0 0 -1 0 0 -14461 12541 4453 -7735 0 0 0 0 0 0
98.123 124 GPS_DIAGNOSTICS 984 9.994303 0.100057 100057
98.345 124 SYS_MON 1951 1160 2754 914 607 1746 148 46
98.345 124 GPS_DIAGNOSTICS 986 8.861399 0.112849 112849
98.606 124 DELFLY_STATE 0 0 0 0 0 0 0 0 0 0 0 0 0 0 0 0 0
98.611 124 GPS_DIAGNOSTICS 989 9.905109 0.100958 100958
98.756 124 LINK_REPORT 124 -1 99 0 32852 1019 0 305. 9. 1016 3.41
98.846 124 ENERGY 3.8 0. 0 0.
98.846 124 ALIVE 228,53,28,184,20,220,96,252,128,64,204,222,62,138,41,191
98.847 124 GPS_DIAGNOSTICS 991 10.116031 0.098853 98853
99.103 124 ROTORCRAFT_FP 0 0 0 0 0 -14149 12541 4454 -7850 0 0 0 0 0 0
99.104 124 GPS_DIAGNOSTICS 994 9.913161 0.100876 100876
99.240 124 ROTORCRAFT_NAV_STATUS 98 98 2.3 0. 2 1 3
99.344 124 SYS_MON 1951 1229 2676 915 627 1717 148 46
99.344 124 GPS_DIAGNOSTICS 996 10.599171 0.094347 94347
99.605 124 DL_VALUE 60 100.
99.618 124 ROTORCRAFT_STATUS 0 0 2 0 3 0 0 0 0 0 38 188
99.644 124 DELFLY_STATE 0 0 0 0 0 0 0 0 0 0 0 0 0 0 0 0 0
99.755 124 LINK_REPORT 124 -1 100 0 33193 1030 0 341. 11. 1026 3.41
99.845 124 GPS_DIAGNOSTICS 1001 9.88836 0.101129 101129
100.104 124 ROTORCRAFT_FP 0 0 0 0 0 -14178 12541 4454 -7960 0 0 0 0 0 0
100.145 124 GPS_DIAGNOSTICS 1004 10.011012 0.09989 99890
100.201 124 PONG 
100.353 124 SYS_MON 1951 1467 2468 914 718 1656 148 46
100.354 124 AUTOPILOT_VERSION 50700 v5.7_devel-356-g27d8ee9-dirty
100.357 124 ALIVE 228,53,28,184,20,220,96,252,128,64,204,222,62,138,41,191
100.357 124 GPS_DIAGNOSTICS 1006 10.003101 0.099969 99969
100.597 124 DELFLY_STATE 0 0 0 0 0 0 0 0 0 0 0 0 0 0 0 0 0
100.598 124 GPS_DIAGNOSTICS 1009 9.966513 0.100336 100336
100.756 124 LINK_REPORT 124 -1 101 0 33533 1040 0 340. 10. 1037 3.52
101.002 124 ROTORCRAFT_NAV_STATUS 100 100 2.3 0. 2 1 3
101.009 124 GPS_DIAGNOSTICS 1011 6.495742 0.153947 153947
101.098 124 DL_VALUE 61 100.
101.098 124 ROTORCRAFT_STATUS 0 0 2 0 3 0 0 0 0 0 38 189
101.107 124 ROTORCRAFT_FP 0 0 0 0 0 -12921 12543 4454 -8067 0 0 0 0 0 0
101.107 124 GPS_DIAGNOSTICS 1014 9.87391 0.101277 101277
101.344 124 SYS_MON 1951 1211 2698 915 623 1725 148 46
101.345 124 GPS_DIAGNOSTICS 1016 10.002301 0.099977 99977
101.597 124 DELFLY_STATE 0 0 0 0 0 0 0 0 0 0 0 0 0 0 0 0 0
101.636 124 GPS_DIAGNOSTICS 1019 9.97994 0.100201 100201
101.757 124 LINK_REPORT 124 -1 102 0 33859 1050 0 326. 10. 1046 3.52
102.248 124 ENERGY 3.8 0. 0 0.
102.249 124 ALIVE 228,53,28,184,20,220,96,252,128,64,204,222,62,138,41,191
102.249 124 GPS_DIAGNOSTICS 1020 10.024058 0.09976 99760
102.267 124 ROTORCRAFT_FP 0 0 0 0 0 -12107 12544 4454 -8172 0 0 0 0 0 0
102.268 124 GPS_DIAGNOSTICS 1024 17.600676 0.056816 56816
102.268 124 ROTORCRAFT_NAV_STATUS 101 101 2.3 0. 2 1 3
102.345 124 SYS_MON 1951 1304 2577 915 660 1688 148 46
102.345 124 GPS_DIAGNOSTICS 1026 9.790675 0.102138 102138
102.603 124 DL_VALUE 62 100.
102.603 124 ROTORCRAFT_STATUS 0 0 2 0 3 0 0 0 0 0 38 191
102.644 124 DELFLY_STATE 0 0 0 0 0 0 0 0 0 0 0 0 0 0 0 0 0
102.757 124 LINK_REPORT 124 -1 103 0 34200 1061 0 341. 11. 1056 3.52
102.842 124 GPS_DIAGNOSTICS 1031 9.857461 0.101446 101446
103.101 124 ROTORCRAFT_FP 0 0 0 0 0 -10934 12544 4453 -8274 0 0 0 0 0 0
103.137 124 GPS_DIAGNOSTICS 1034 9.893448 0.101077 101077
103.361 124 SYS_MON 1951 1150 2753 914 597 1759 148 46
103.361 124 DATALINK_REPORT 1 1065 1958 330 0
103.361 124 ALIVE 228,53,28,184,20,220,96,252,128,64,204,222,62,138,41,191
103.379 124 GPS_DIAGNOSTICS 1036 6.520563 0.153361 153361
103.628 124 DELFLY_STATE 0 0 0 0 0 0 0 0 0 0 0 0 0 0 0 0 0
103.631 124 GPS_DIAGNOSTICS 1039 9.493611 0.105334 105334
103.740 124 ROTORCRAFT_NAV_STATUS 103 103 2.3 0. 2 1 3
103.758 124 LINK_REPORT 124 -1 104 0 34530 1071 0 330. 10. 1066 3.52
103.842 124 GPS_DIAGNOSTICS 1041 9.853382 0.101488 101488
104.098 124 DL_VALUE 63 100.
104.098 124 ROTORCRAFT_STATUS 0 0 2 0 3 0 0 0 0 0 38 192
104.138 124 ROTORCRAFT_FP 0 0 0 0 0 -11784 12546 4455 -8375 0 0 0 0 0 0
104.138 124 GPS_DIAGNOSTICS 1044 9.927332 0.100732 100732
104.344 124 GPS_DIAGNOSTICS 1046 9.906385 0.100945 100945
104.344 124 SYS_MON 1951 1482 2429 915 726 1624 148 46
104.604 124 DELFLY_STATE 0 0 0 0 0 0 0 0 0 0 0 0 0 0 0 0 0
104.606 124 GPS_DIAGNOSTICS 1048 9.984823 0.100152 100152
104.758 124 LINK_REPORT 124 -1 105 0 34835 1080 0 305. 9. 1076 3.52
104.847 124 ENERGY 3.8 0. 0 0.
104.848 124 ALIVE 228,53,28,184,20,220,96,252,128,64,204,222,62,138,41,191
104.848 124 GPS_DIAGNOSTICS 1051 9.894231 0.101069 101069
105.104 124 ROTORCRAFT_FP 0 0 -1 0 0 -15324 12546 4455 -8464 0 0 0 0 0 0
105.145 124 GPS_DIAGNOSTICS 1053 9.91493 0.100858 100858
105.245 124 ROTORCRAFT_NAV_STATUS 104 104 2.3 0. 2 1 3
105.247 124 PONG 
105.347 124 SYS_MON 1951 1671 2229 913 831 1781 148 46
105.348 124 GPS_DIAGNOSTICS 1055 6.791402 0.147245 147245
105.598 124 DL_VALUE 64 0.
105.598 124 ROTORCRAFT_STATUS 0 0 2 0 3 0 0 0 0 0 38 194
105.600 124 DELFLY_STATE 0 0 0 0 0 0 0 0 0 0 0 0 0 0 0 0 0
105.759 124 LINK_REPORT 124 -1 106 0 35182 1092 0 347. 12. 1087 49.05
105.844 124 GPS_DIAGNOSTICS 1061 10.017631 0.099824 99824
106.104 124 ROTORCRAFT_FP 0 0 -1 0 0 -13341 12546 4455 -8559 0 0 0 0 0 0
106.107 124 GPS_DIAGNOSTICS 1063 9.906777 0.100941 100941
106.348 124 SYS_MON 1951 1140 2767 915 594 1752 147 46
106.348 124 AUTOPILOT_VERSION 50700 v5.7_devel-356-g27d8ee9-dirty
106.348 124 UART_ERRORS 0 273 105 1
106.357 124 ALIVE 228,53,28,184,20,220,96,252,128,64,204,222,62,138,41,191
106.358 124 GPS_DIAGNOSTICS 1066 10.083796 0.099169 99169
106.547 124 WIND_INFO 124 42 0. 0. 0.
106.624 124 DELFLY_STATE 0 0 0 0 0 0 0 0 0 0 0 0 0 0 0 0 0
106.628 124 GPS_DIAGNOSTICS 1068 9.890316 0.101109 101109
106.740 124 ROTORCRAFT_NAV_STATUS 106 106 2.3 0. 2 1 3
106.759 124 LINK_REPORT 124 -1 107 0 35550 1103 0 368. 11. 1098 49.05
106.842 124 GPS_DIAGNOSTICS 1071 9.89805 0.10103 101030
107.108 124 DL_VALUE 0 0.
107.108 124 ROTORCRAFT_STATUS 0 0 2 0 3 0 0 0 0 0 38 195
107.116 124 ROTORCRAFT_FP 0 0 -1 0 0 -14615 12545 4454 -8653 0 0 0 0 0 0
107.116 124 GPS_DIAGNOSTICS 1073 9.873423 0.101282 101282
107.346 124 SYS_MON 1951 1838 2050 915 858 1476 148 46
107.346 124 GPS_DIAGNOSTICS 1076 9.88973 0.101115 101115
107.606 124 DELFLY_STATE 0 0 0 0 0 0 0 0 0 0 0 0 0 0 0 0 0
107.616 124 GPS_DIAGNOSTICS 1078 9.884158 0.101172 101172
107.759 124 LINK_REPORT 124 -1 108 0 35855 1112 0 305. 9. 1108 49.05
107.851 124 ENERGY 3.8 0. 0 0.
107.851 124 ALIVE 228,53,28,184,20,220,96,252,128,64,204,222,62,138,41,191
107.851 124 GPS_DIAGNOSTICS 1081 9.967705 0.100324 100324
108.097 124 ROTORCRAFT_FP 0 0 -1 0 0 -14355 12547 4454 -8741 0 0 0 0 0 0
108.098 124 GPS_DIAGNOSTICS 1083 9.869622 0.101321 101321
108.242 124 ROTORCRAFT_NAV_STATUS 107 107 2.3 0. 2 1 3
108.344 124 SYS_MON 1951 1444 2460 914 709 1634 148 46
108.344 124 GPS_DIAGNOSTICS 1086 9.971581 0.100285 100285
108.605 124 DL_VALUE 1 10.
108.606 124 ROTORCRAFT_STATUS 0 0 2 0 3 0 0 0 0 0 38 197
108.611 124 DELFLY_STATE 0 0 0 0 0 0 0 0 0 0 0 0 0 0 0 0 0
108.760 124 LINK_REPORT 124 -1 109 0 36196 1123 0 341. 11. 1118 49.05
108.843 124 GPS_DIAGNOSTICS 1091 9.904226 0.100967 100967
109.104 124 ROTORCRAFT_FP 0 0 -1 0 0 -14258 12547 4454 -8829 0 0 0 0 0 0
109.108 124 GPS_DIAGNOSTICS 1093 9.948368 0.100519 100519
109.359 124 SYS_MON 1951 1150 2755 914 597 1747 148 46
109.359 124 DATALINK_REPORT 1 1127 2020 49877 8
109.359 124 ALIVE 228,53,28,184,20,220,96,252,128,64,204,222,62,138,41,191
109.396 124 GPS_DIAGNOSTICS 1096 9.852993 0.101492 101492
109.599 124 DELFLY_STATE 0 0 0 0 0 0 0 0 0 0 0 0 0 0 0 0 0
109.634 124 GPS_DIAGNOSTICS 1098 10.064615 0.099358 99358
109.741 124 ROTORCRAFT_NAV_STATUS 109 109 2.3 0. 2 1 3
109.762 124 LINK_REPORT 124 -1 110 0 36526 1133 0 330. 10. 1128 49.05
109.844 124 GPS_DIAGNOSTICS 1101 9.859697 0.101423 101423
110.096 124 DL_VALUE 2 1.
110.097 124 ROTORCRAFT_STATUS 0 0 2 0 3 0 0 0 0 0 38 198
110.108 124 ROTORCRAFT_FP 0 0 0 0 0 -10887 12545 4453 -8915 0 0 0 0 0 0
110.108 124 GPS_DIAGNOSTICS 1103 10.008207 0.099918 99918
110.207 124 PONG 
110.345 124 SYS_MON 1951 1196 2711 915 615 1731 148 46
110.346 124 GPS_DIAGNOSTICS 1106 9.603104 0.104133 104133
110.624 124 DELFLY_STATE 0 0 0 0 0 0 0 0 0 0 0 0 0 0 0 0 0
110.624 124 GPS_DIAGNOSTICS 1108 10.17501 0.09828 98280
110.763 124 LINK_REPORT 124 -1 111 0 36837 1143 0 311. 10. 1139 5.34
110.846 124 ENERGY 3.8 0. 0 0.
110.847 124 ALIVE 228,53,28,184,20,220,96,252,128,64,204,222,62,138,41,191
110.847 124 GPS_DIAGNOSTICS 1111 9.986718 0.100133 100133
111.097 124 ROTORCRAFT_FP 0 0 0 0 0 -11294 12547 4452 -8997 0 0 0 0 0 0
111.099 124 GPS_DIAGNOSTICS 1113 9.954211 0.10046 100460
111.243 124 ROTORCRAFT_NAV_STATUS 110 110 2.3 0. 2 1 3
111.346 124 SYS_MON 1951 1185 2721 913 611 1734 148 46
111.346 124 GPS_DIAGNOSTICS 1115 9.954607 0.100456 100456
111.607 124 DL_VALUE 3 0.
111.607 124 ROTORCRAFT_STATUS 0 0 2 0 3 0 0 0 0 0 38 200
111.610 124 DELFLY_STATE 0 0 0 0 0 0 0 0 0 0 0 0 0 0 0 0 0
111.764 124 LINK_REPORT 124 -1 112 0 37178 1154 0 341. 11. 1149 5.34
111.842 124 GPS_DIAGNOSTICS 1120 9.529891 0.104933 104933
112.105 124 ROTORCRAFT_FP 0 0 0 0 0 -11167 12545 4450 -9078 0 0 0 0 0 0
112.163 124 GPS_DIAGNOSTICS 1123 9.861641 0.101403 101403
112.352 124 SYS_MON 1951 1568 2336 914 770 1587 148 46
112.353 124 AUTOPILOT_VERSION 50700 v5.7_devel-356-g27d8ee9-dirty
112.353 124 UART_ERRORS 0 0 43958 3
112.372 124 ALIVE 228,53,28,184,20,220,96,252,128,64,204,222,62,138,41,191
112.372 124 GPS_DIAGNOSTICS 1125 11.897538 0.084051 84051
112.606 124 DELFLY_STATE 0 0 0 0 0 0 0 0 0 0 0 0 0 0 0 0 0
112.614 124 GPS_DIAGNOSTICS 1128 9.879861 0.101216 101216
112.740 124 ROTORCRAFT_NAV_STATUS 112 112 2.3 0. 2 1 3
112.765 124 LINK_REPORT 124 -1 113 0 37546 1165 0 368. 11. 1159 5.34
112.845 124 GPS_DIAGNOSTICS 1130 9.815758 0.101877 101877
113.096 124 DL_VALUE 4 0.
113.097 124 ROTORCRAFT_STATUS 0 0 2 0 3 0 0 0 0 0 38 201
113.137 124 ROTORCRAFT_FP 0 0 0 0 0 -10551 12546 4449 -9155 0 0 0 0 0 0
113.137 124 GPS_DIAGNOSTICS 1133 8.734006 0.114495 114495
113.344 124 SYS_MON 1951 1189 2715 915 615 1728 148 46
113.344 124 GPS_DIAGNOSTICS 1135 9.994403 0.100056 100056
113.607 124 DELFLY_STATE 0 0 0 0 0 0 0 0 0 0 0 0 0 0 0 0 0
113.650 124 GPS_DIAGNOSTICS 1138 10.391122 0.096236 96236
113.766 124 LINK_REPORT 124 -1 114 0 37851 1174 0 305. 9. 1169 5.34
113.853 124 ENERGY 3.8 0. 0 0.
113.853 124 ALIVE 228,53,28,184,20,220,96,252,128,64,204,222,62,138,41,191
113.853 124 GPS_DIAGNOSTICS 1140 9.886894 0.101144 101144
114.098 124 ROTORCRAFT_FP 0 0 0 0 0 -9024 12546 4448 -9230 0 0 0 0 0 0
114.136 124 GPS_DIAGNOSTICS 1143 9.913062 0.100877 100877
114.243 124 ROTORCRAFT_NAV_STATUS 113 113 2.3 0. 2 1 3
114.346 124 SYS_MON 1951 1565 2323 914 760 1588 148 46
114.346 124 GPS_DIAGNOSTICS 1145 9.974565 0.100255 100255
114.602 124 DL_VALUE 5 2224.
114.603 124 ROTORCRAFT_STATUS 0 0 2 0 3 0 0 0 0 0 38 203
114.650 124 DELFLY_STATE 0 0 0 0 0 0 0 0 0 0 0 0 0 0 0 0 0
114.766 124 LINK_REPORT 124 -1 115 0 38192 1185 0 341. 11. 1179 5.34
114.845 124 GPS_DIAGNOSTICS 1150 9.972277 0.100278 100278
115.103 124 ROTORCRAFT_FP 0 0 0 0 0 -8656 12546 4448 -9302 0 0 0 0 0 0
115.141 124 GPS_DIAGNOSTICS 1153 9.970289 0.100298 100298
115.206 124 PONG 
115.347 124 SYS_MON 1951 1174 2764 914 607 1770 148 46
115.347 124 DATALINK_REPORT 1 1188 2083 333 16
115.348 124 ALIVE 228,53,28,184,20,220,96,252,128,64,204,222,62,138,41,191
115.349 124 GPS_DIAGNOSTICS 1155 9.910508 0.100903 100903
115.610 124 DELFLY_STATE 0 0 0 0 0 0 0 0 0 0 0 0 0 0 0 0 0
115.649 124 GPS_DIAGNOSTICS 1158 10.003101 0.099969 99969
115.741 124 ROTORCRAFT_NAV_STATUS 115 115 2.3 0. 2 1 3
115.770 124 LINK_REPORT 124 -1 116 0 38528 1196 0 336. 11. 1189 3.92
115.842 124 GPS_DIAGNOSTICS 1160 9.690392 0.103195 103195
116.145 124 DL_VALUE 6 1.
116.145 124 ROTORCRAFT_STATUS 0 0 2 0 3 0 0 0 0 0 38 204
116.182 124 ROTORCRAFT_FP 0 0 -1 0 0 -13517 12544 4448 -9367 0 0 0 0 0 0
116.182 124 GPS_DIAGNOSTICS 1162 9.845815 0.101566 101566
116.346 124 SYS_MON 1951 1480 2415 915 724 1617 148 46
116.346 124 GPS_DIAGNOSTICS 1165 9.728667 0.102789 102789
116.548 124 WIND_INFO 124 42 0. 0. 0.
116.603 124 DELFLY_STATE 0 0 0 0 0 0 0 0 0 0 0 0 0 0 0 0 0
116.640 124 GPS_DIAGNOSTICS 1168 9.964526 0.100356 100356
116.770 124 LINK_REPORT 124 -1 117 0 38833 1205 0 305. 9. 1200 3.92
116.849 124 ENERGY 3.8 0. 0 0.
116.849 124 ALIVE 228,53,28,184,20,220,96,252,128,64,204,222,62,138,41,191
116.849 124 GPS_DIAGNOSTICS 1170 9.927332 0.100732 100732
117.108 124 ROTORCRAFT_FP 0 0 0 0 0 -9562 12544 4447 -9441 0 0 0 0 0 0
117.148 124 GPS_DIAGNOSTICS 1173 9.943125 0.100572 100572
117.246 124 ROTORCRAFT_NAV_STATUS 116 116 2.3 0. 2 1 3
117.346 124 GPS_DIAGNOSTICS 1175 9.942829 0.100575 100575
117.346 124 SYS_MON 1951 1354 2557 915 675 1675 148 46
117.597 124 DL_VALUE 7 0.
117.597 124 ROTORCRAFT_STATUS 0 0 2 0 3 0 0 0 0 0 38 206
117.636 124 DELFLY_STATE 0 0 0 0 0 0 0 0 0 0 0 0 0 0 0 0 0
117.770 124 LINK_REPORT 124 -1 118 0 39174 1216 0 341. 11. 1210 3.92
117.847 124 GPS_DIAGNOSTICS 1180 9.901676 0.100993 100993
118.104 124 ROTORCRAFT_FP 0 0 0 0 0 -9510 12543 4446 -9508 0 0 0 0 0 0
118.144 124 GPS_DIAGNOSTICS 1183 9.935617 0.100648 100648
118.348 124 SYS_MON 1951 1151 2757 914 598 1749 148 46
118.348 124 AUTOPILOT_VERSION 50700 v5.7_devel-356-g27d8ee9-dirty
118.350 124 ALIVE 228,53,28,184,20,220,96,252,128,64,204,222,62,138,41,191
118.354 124 GPS_DIAGNOSTICS 1185 9.942532 0.100578 100578
118.600 124 DELFLY_STATE 0 0 0 0 0 0 0 0 0 0 0 0 0 0 0 0 0
118.640 124 GPS_DIAGNOSTICS 1187 9.660529 0.103514 103514
118.740 124 ROTORCRAFT_NAV_STATUS 118 118 2.3 0. 2 1 3
118.771 124 LINK_REPORT 124 -1 119 0 39529 1226 0 355. 10. 1220 3.92
118.843 124 GPS_DIAGNOSTICS 1190 9.944213 0.100561 100561
119.097 124 DL_VALUE 8 0.
119.097 124 ROTORCRAFT_STATUS 0 0 2 0 3 0 0 0 0 0 38 207
119.103 124 ROTORCRAFT_FP 0 0 0 0 0 -11278 12543 4445 -9566 0 0 0 0 0 0
119.103 124 GPS_DIAGNOSTICS 1192 9.914242 0.100865 100865
119.352 124 SYS_MON 1951 1198 2708 915 617 1728 148 46
119.352 124 GPS_DIAGNOSTICS 1195 9.729046 0.102785 102785
119.597 124 DELFLY_STATE 0 0 0 0 0 0 0 0 0 0 0 0 0 0 0 0 0
119.606 124 GPS_DIAGNOSTICS 1197 9.932657 0.100678 100678
119.771 124 LINK_REPORT 124 -1 120 0 39834 1235 0 305. 9. 1230 3.92
119.852 124 ENERGY 3.8 0. 0 0.
119.852 124 ALIVE 228,53,28,184,20,220,96,252,128,64,204,222,62,138,41,191
119.852 124 GPS_DIAGNOSTICS 1200 9.885917 0.101154 101154
120.114 124 ROTORCRAFT_FP 0 0 0 0 0 -11311 12544 4444 -9626 0 0 0 0 0 0
120.124 124 GPS_DIAGNOSTICS 1202 10.036835 0.099633 99633
120.214 124 PONG 
120.253 124 ROTORCRAFT_NAV_STATUS 119 119 2.3 0. 2 1 3
120.368 124 SYS_MON 1951 1449 2454 915 714 1642 148 46
120.368 124 GPS_DIAGNOSTICS 1205 9.980936 0.100191 100191
120.604 124 DL_VALUE 9 2024.
120.604 124 ROTORCRAFT_STATUS 0 0 2 0 3 0 0 0 0 0 38 209
120.647 124 DELFLY_STATE 0 0 0 0 0 0 0 0 0 0 0 0 0 0 0 0 0
120.772 124 LINK_REPORT 124 -1 121 0 40181 1247 0 347. 12. 1241 11.23
120.843 124 GPS_DIAGNOSTICS 1210 10.020944 0.099791 99791
121.097 124 ROTORCRAFT_FP 0 0 0 0 0 -9960 12544 4443 -9687 0 0 0 0 0 0
121.099 124 GPS_DIAGNOSTICS 1212 9.898736 0.101023 101023
121.348 124 SYS_MON 1951 1183 2710 914 609 1730 148 46
121.348 124 DATALINK_REPORT 1 1250 2144 330 24
121.348 124 ALIVE 228,53,28,184,20,220,96,252,128,64,204,222,62,138,41,191
121.388 124 GPS_DIAGNOSTICS 1215 9.982929 0.100171 100171
121.606 124 DELFLY_STATE 0 0 0 0 0 0 0 0 0 0 0 0 0 0 0 0 0
121.613 124 GPS_DIAGNOSTICS 1217 9.927332 0.100732 100732
121.743 124 ROTORCRAFT_NAV_STATUS 121 121 2.3 0. 2 1 3
121.773 124 LINK_REPORT 124 -1 122 0 40511 1257 0 330. 10. 1251 11.23
121.845 124 GPS_DIAGNOSTICS 1220 9.970388 0.100297 100297
122.102 124 DL_VALUE 10 200.
122.104 124 ROTORCRAFT_STATUS 0 0 2 0 3 0 0 0 0 0 38 210
122.111 124 ROTORCRAFT_FP 0 0 0 0 0 -10118 12544 4442 -9745 0 0 0 0 0 0
122.112 124 GPS_DIAGNOSTICS 1222 9.962541 0.100376 100376
122.346 124 SYS_MON 1951 1118 2753 915 572 1752 148 46
122.346 124 GPS_DIAGNOSTICS 1225 9.901186 0.100998 100998
122.598 124 DELFLY_STATE 0 0 0 0 0 0 0 0 0 0 0 0 0 0 0 0 0
122.602 124 GPS_DIAGNOSTICS 1227 9.929303 0.100712 100712
122.774 124 LINK_REPORT 124 -1 123 0 40816 1266 0 305. 9. 1261 11.23
122.847 124 ENERGY 3.8 0. 0 0.
122.847 124 ALIVE 228,53,28,184,20,220,96,252,128,64,204,222,62,138,41,191
122.847 124 GPS_DIAGNOSTICS 1230 9.94451 0.100558 100558
123.106 124 ROTORCRAFT_FP 0 0 0 0 0 -9666 12543 4441 -9801 0 0 0 0 0 0
123.107 124 GPS_DIAGNOSTICS 1232 10.10101 0.099 99000
123.242 124 ROTORCRAFT_NAV_STATUS 122 122 2.3 0. 2 1 3
123.346 124 SYS_MON 1951 1573 2332 914 761 1590 148 46
123.346 124 GPS_DIAGNOSTICS 1235 10.050554 0.099497 99497
123.597 124 DL_VALUE 11 800.
123.597 124 ROTORCRAFT_STATUS 0 0 2 0 3 0 0 0 0 0 38 212
123.601 124 DELFLY_STATE 0 0 0 0 0 0 0 0 0 0 0 0 0 0 0 0 0
123.775 124 LINK_REPORT 124 -1 124 0 41157 1277 0 341. 11. 1271 11.23
123.843 124 GPS_DIAGNOSTICS 1240 10.010611 0.099894 99894
124.105 124 ROTORCRAFT_FP 0 0 0 0 0 -9885 12544 4440 -9855 0 0 0 0 0 0
124.106 124 GPS_DIAGNOSTICS 1242 9.991607 0.100084 100084
124.348 124 SYS_MON 1951 1274 2621 914 644 1697 148 46
124.348 124 AUTOPILOT_VERSION 50700 v5.7_devel-356-g27d8ee9-dirty
124.389 124 ALIVE 228,53,28,184,20,220,96,252,128,64,204,222,62,138,41,191
124.389 124 GPS_DIAGNOSTICS 1245 10.004002 0.09996 99960
124.614 124 DELFLY_STATE 0 0 0 0 0 0 0 0 0 0 0 0 0 0 0 0 0
124.626 124 GPS_DIAGNOSTICS 1247 9.46217 0.105684 105684
124.740 124 ROTORCRAFT_NAV_STATUS 124 124 2.3 0. 2 1 3
124.775 124 LINK_REPORT 124 -1 125 0 41512 1287 0 355. 10. 1281 11.23
124.844 124 GPS_DIAGNOSTICS 1250 9.972277 0.100278 100278
125.102 124 DL_VALUE 12 0.
125.102 124 ROTORCRAFT_STATUS 0 0 2 0 3 0 0 0 0 0 38 213
125.108 124 ROTORCRAFT_FP 0 0 0 0 0 -8766 12544 4440 -9908 0 0 0 0 0 0
125.109 124 GPS_DIAGNOSTICS 1252 9.891784 0.101094 101094
125.208 124 PONG 
125.346 124 SYS_MON 1951 1601 2301 914 768 1573 148 46
125.347 124 GPS_DIAGNOSTICS 1254 9.934926 0.100655 100655
125.598 124 DELFLY_STATE 0 0 0 0 0 0 0 0 0 0 0 0 0 0 0 0 0
125.606 124 GPS_DIAGNOSTICS 1257 10.056619 0.099437 99437
125.776 124 LINK_REPORT 124 -1 126 0 41823 1297 0 311. 10. 1292 4.91
125.851 124 ENERGY 3.8 0. 0 0.
125.852 124 ALIVE 228,53,28,184,20,220,96,252,128,64,204,222,62,138,41,191
125.852 124 GPS_DIAGNOSTICS 1259 9.837969 0.101647 101647
126.107 124 ROTORCRAFT_FP 0 0 0 0 0 -8704 12543 4440 -9960 0 0 0 0 0 0
126.123 124 GPS_DIAGNOSTICS 1262 9.943323 0.10057 100570
126.244 124 ROTORCRAFT_NAV_STATUS 125 125 2.3 0. 2 1 3
126.346 124 SYS_MON 1951 1466 2440 914 717 1628 148 46
126.346 124 GPS_DIAGNOSTICS 1264 9.978845 0.100212 100212
126.548 124 WIND_INFO 124 42 0. 0. 0.
126.597 124 DL_VALUE 13 1012.
126.598 124 ROTORCRAFT_STATUS 0 0 2 0 3 0 0 0 0 0 38 215
126.601 124 DELFLY_STATE 0 0 0 0 0 0 0 0 0 0 0 0 0 0 0 0 0
126.777 124 LINK_REPORT 124 -1 127 0 42164 1308 0 341. 11. 1303 4.91
126.846 124 GPS_DIAGNOSTICS 1269 9.614275 0.104012 104012
127.106 124 ROTORCRAFT_FP 0 0 0 0 0 -8448 12543 4439 -10010 0 0 0 0 0 0
127.144 124 GPS_DIAGNOSTICS 1272 9.875373 0.101262 101262
127.348 124 SYS_MON 1951 1345 2551 914 673 1669 148 46
127.348 124 DATALINK_REPORT 1 1311 2205 330 32
127.348 124 UART_ERRORS 0 273 105 1
127.349 124 ALIVE 228,53,28,184,20,220,96,252,128,64,204,222,62,138,41,191
127.356 124 GPS_DIAGNOSTICS 1274 9.925558 0.10075 100750
127.598 124 DELFLY_STATE 0 0 0 0 0 0 0 0 0 0 0 0 0 0 0 0 0
127.604 124 GPS_DIAGNOSTICS 1277 10.215966 0.097886 97886
127.740 124 ROTORCRAFT_NAV_STATUS 127 127 2.3 0. 2 1 3
127.777 124 LINK_REPORT 124 -1 128 0 42507 1319 0 343. 11. 1313 4.91
127.846 124 GPS_DIAGNOSTICS 1279 10.058035 0.099423 99423
128.097 124 DL_VALUE 14 213.
128.097 124 ROTORCRAFT_STATUS 0 0 2 0 3 0 0 0 0 0 38 216
128.143 124 ROTORCRAFT_FP 0 0 0 0 0 -7484 12544 4439 -10055 0 0 0 0 0 0
128.143 124 GPS_DIAGNOSTICS 1282 9.919552 0.100811 100811
128.346 124 SYS_MON 1951 1312 2582 915 661 1686 148 46
128.346 124 GPS_DIAGNOSTICS 1284 9.971183 0.100289 100289
128.603 124 DELFLY_STATE 0 0 0 0 0 0 0 0 0 0 0 0 0 0 0 0 0
128.641 124 GPS_DIAGNOSTICS 1287 9.892371 0.101088 101088
128.778 124 LINK_REPORT 124 -1 129 0 42812 1328 0 305. 9. 1323 4.91
128.850 124 ENERGY 3.8 0. 0 0.
128.851 124 ALIVE 228,53,28,184,20,220,96,252,128,64,204,222,62,138,41,191
128.851 124 GPS_DIAGNOSTICS 1289 9.900892 0.101001 101001
129.098 124 ROTORCRAFT_FP 0 0 0 0 0 -7682 12544 4439 -10102 0 0 0 0 0 0
129.139 124 GPS_DIAGNOSTICS 1292 9.943323 0.10057 100570
129.240 124 ROTORCRAFT_NAV_STATUS 128 128 2.3 0. 2 1 3
129.346 124 SYS_MON 1951 1254 2652 915 638 1707 148 46
129.346 124 GPS_DIAGNOSTICS 1294 10.170974 0.098319 98319
129.597 124 DL_VALUE 15 129.
129.597 124 ROTORCRAFT_STATUS 0 0 2 0 3 0 0 0 0 0 38 218
129.647 124 DELFLY_STATE 0 0 0 0 0 0 0 0 0 0 0 0 0 0 0 0 0
129.778 124 LINK_REPORT 124 -1 130 0 43153 1339 0 341. 11. 1333 4.91
129.845 124 GPS_DIAGNOSTICS 1299 9.410171 0.106268 106268
130.098 124 ROTORCRAFT_FP 0 0 0 0 0 -7056 12542 4439 -10148 0 0 0 0 0 0
130.136 124 GPS_DIAGNOSTICS 1302 10.090512 0.099103 99103
130.207 124 PONG 
130.348 124 SYS_MON 1951 1233 2672 914 631 1727 148 46
130.349 124 AUTOPILOT_VERSION 50700 v5.7_devel-356-g27d8ee9-dirty
130.351 124 ALIVE 228,53,28,184,20,220,96,252,128,64,204,222,62,138,41,191
130.351 124 GPS_DIAGNOSTICS 1304 9.7901 0.102144 102144
130.602 124 DELFLY_STATE 0 0 0 0 0 0 0 0 0 0 0 0 0 0 0 0 0
130.641 124 GPS_DIAGNOSTICS 1307 9.939666 0.100607 100607
130.745 124 ROTORCRAFT_NAV_STATUS 130 130 2.3 0. 2 1 3
130.778 124 LINK_REPORT 124 -1 131 0 43514 1350 0 361. 11. 1343 3.81
130.846 124 GPS_DIAGNOSTICS 1309 10.188072 0.098154 98154
131.097 124 DL_VALUE 16 300.
131.098 124 ROTORCRAFT_STATUS 0 0 2 0 3 0 0 0 0 0 38 219
131.105 124 ROTORCRAFT_FP 0 0 0 0 0 -10926 12541 4440 -10187 0 0 0 0 0 0
131.106 124 GPS_DIAGNOSTICS 1311 10.01422 0.099858 99858
131.345 124 SYS_MON 1951 1417 2464 915 703 1640 148 46
131.345 124 GPS_DIAGNOSTICS 1314 9.915913 0.100848 100848
131.598 124 DELFLY_STATE 0 0 0 0 0 0 0 0 0 0 0 0 0 0 0 0 0
131.606 124 GPS_DIAGNOSTICS 1316 9.973272 0.100268 100268
131.779 124 LINK_REPORT 124 -1 132 0 43819 1359 0 305. 9. 1353 3.81
131.849 124 ENERGY 3.8 0. 0 0.
131.849 124 ALIVE 228,53,28,184,20,220,96,252,128,64,204,222,62,138,41,191
131.849 124 GPS_DIAGNOSTICS 1319 9.918765 0.100819 100819
132.099 124 ROTORCRAFT_FP 0 0 0 0 0 -9232 12540 4440 -10227 0 0 0 0 0 0
132.102 124 GPS_DIAGNOSTICS 1321 9.9167 0.10084 100840
132.242 124 ROTORCRAFT_NAV_STATUS 131 131 2.3 0. 2 1 3
132.345 124 SYS_MON 1951 1251 2655 915 635 1710 148 46
132.345 124 GPS_DIAGNOSTICS 1324 9.878299 0.101232 101232
132.597 124 DL_VALUE 17 600.
132.597 124 ROTORCRAFT_STATUS 0 0 2 0 3 0 0 0 0 0 38 221
132.644 124 DELFLY_STATE 0 0 0 0 0 0 0 0 0 0 0 0 0 0 0 0 0
132.780 124 LINK_REPORT 124 -1 133 0 44160 1370 0 341. 11. 1363 3.81
132.848 124 GPS_DIAGNOSTICS 1329 9.902755 0.100982 100982
133.098 124 ROTORCRAFT_FP 0 0 0 0 0 -7725 12540 4439 -10267 0 0 0 0 0 0
133.099 124 GPS_DIAGNOSTICS 1331 9.902755 0.100982 100982
133.350 124 SYS_MON 1951 1230 2679 914 628 1720 148 46
133.350 124 DATALINK_REPORT 1 1372 2267 332 40
133.350 124 UART_ERRORS 0 0 48473 3
133.351 124 ALIVE 228,53,28,184,20,220,96,252,128,64,204,222,62,138,41,191
133.397 124 GPS_DIAGNOSTICS 1334 9.980339 0.100197 100197
133.598 124 DELFLY_STATE 0 0 0 0 0 0 0 0 0 0 0 0 0 0 0 0 0
133.609 124 GPS_DIAGNOSTICS 1336 8.89292 0.112449 112449
133.740 124 ROTORCRAFT_NAV_STATUS 133 133 2.3 0. 2 1 3
133.780 124 LINK_REPORT 124 -1 134 0 44503 1381 0 343. 11. 1373 3.81
133.843 124 GPS_DIAGNOSTICS 1339 9.975659 0.100244 100244
134.101 124 DL_VALUE 18 401.
134.101 124 ROTORCRAFT_STATUS 0 0 2 0 3 0 0 0 0 0 38 222
134.103 124 ROTORCRAFT_FP 0 0 0 0 0 -8227 12540 4438 -10306 0 0 0 0 0 0
134.104 124 GPS_DIAGNOSTICS 1341 9.985322 0.100147 100147
134.344 124 SYS_MON 1951 1308 2597 915 657 1687 148 46
134.345 124 GPS_DIAGNOSTICS 1344 9.877226 0.101243 101243
134.603 124 DELFLY_STATE 0 0 0 0 0 0 0 0 0 0 0 0 0 0 0 0 0
134.603 124 GPS_DIAGNOSTICS 1346 10.363231 0.096495 96495
134.782 124 LINK_REPORT 124 -1 135 0 44808 1390 0 305. 9. 1383 3.81
134.848 124 ENERGY 3.8 0. 0 0.
134.849 124 ALIVE 228,53,28,184,20,220,96,252,128,64,204,222,62,138,41,191
134.849 124 GPS_DIAGNOSTICS 1349 9.884451 0.101169 101169
135.105 124 ROTORCRAFT_FP 0 0 0 0 0 -8005 12540 4437 -10342 0 0 0 0 0 0
135.105 124 GPS_DIAGNOSTICS 1351 9.863684 0.101382 101382
135.208 124 PONG 
135.240 124 ROTORCRAFT_NAV_STATUS 134 134 2.3 0. 2 1 3
135.345 124 SYS_MON 1951 1872 2028 915 863 1468 148 46
135.345 124 GPS_DIAGNOSTICS 1354 9.860377 0.101416 101416
135.599 124 DL_VALUE 19 155.
135.599 124 ROTORCRAFT_STATUS 0 0 2 0 3 0 0 0 0 0 38 224
135.601 124 DELFLY_STATE 0 0 0 0 0 0 0 0 0 0 0 0 0 0 0 0 0
135.782 124 LINK_REPORT 124 -1 136 0 45155 1402 0 347. 12. 1394 3.93
135.844 124 GPS_DIAGNOSTICS 1359 9.737572 0.102695 102695
136.098 124 ROTORCRAFT_FP 0 0 0 0 0 -7469 12540 4437 -10378 0 0 0 0 0 0
136.099 124 GPS_DIAGNOSTICS 1361 9.948764 0.100515 100515
136.350 124 SYS_MON 1951 1134 2772 914 588 1757 148 46
136.350 124 AUTOPILOT_VERSION 50700 v5.7_devel-356-g27d8ee9-dirty
136.390 124 ALIVE 228,53,28,184,20,220,96,252,128,64,204,222,62,138,41,191
136.390 124 GPS_DIAGNOSTICS 1364 9.59159 0.104258 104258
136.598 124 DELFLY_STATE 0 0 0 0 0 0 0 0 0 0 0 0 0 0 0 0 0
136.600 124 GPS_DIAGNOSTICS 1366 8.957844 0.111634 111634
136.745 124 ROTORCRAFT_NAV_STATUS 136 136 2.3 0. 2 1 3
136.765 124 WIND_INFO 124 42 0. 0. 0.
136.782 124 LINK_REPORT 124 -1 137 0 45510 1412 0 355. 10. 1405 3.93
136.844 124 GPS_DIAGNOSTICS 1369 9.892958 0.101082 101082
137.099 124 DL_VALUE 20 0.4
137.100 124 ROTORCRAFT_STATUS 0 0 2 0 3 0 0 0 0 0 38 225
137.103 124 ROTORCRAFT_FP 0 0 0 0 0 -6610 12541 4436 -10411 0 0 0 0 0 0
137.104 124 GPS_DIAGNOSTICS 1371 9.988114 0.100119 100119
137.345 124 SYS_MON 1951 1154 2772 915 608 1757 148 46
137.345 124 GPS_DIAGNOSTICS 1374 9.973471 0.100266 100266
137.598 124 DELFLY_STATE 0 0 0 0 0 0 0 0 0 0 0 0 0 0 0 0 0
137.612 124 GPS_DIAGNOSTICS 1376 9.411233 0.106256 106256
137.783 124 LINK_REPORT 124 -1 138 0 45815 1421 0 305. 9. 1415 3.93
137.849 124 ENERGY 3.8 0. 0 0.
137.849 124 ALIVE 228,53,28,184,20,220,96,252,128,64,204,222,62,138,41,191
137.849 124 GPS_DIAGNOSTICS 1378 9.90354 0.100974 100974
138.102 124 ROTORCRAFT_FP 0 0 0 0 0 -8238 12541 4436 -10443 0 0 0 0 0 0
138.104 124 GPS_DIAGNOSTICS 1381 9.959068 0.100411 100411
138.247 124 ROTORCRAFT_NAV_STATUS 137 137 2.3 0. 2 1 3
138.345 124 SYS_MON 1951 1309 2588 913 669 1804 148 46
138.345 124 GPS_DIAGNOSTICS 1383 9.722614 0.102853 102853
138.597 124 DL_VALUE 21 0.
138.598 124 ROTORCRAFT_STATUS 0 0 2 0 3 0 0 0 0 0 38 227
138.609 124 DELFLY_STATE 0 0 0 0 0 0 0 0 0 0 0 0 0 0 0 0 0
138.784 124 LINK_REPORT 124 -1 139 0 46156 1432 0 341. 11. 1425 3.93
138.845 124 GPS_DIAGNOSTICS 1388 9.423827 0.106114 106114
139.098 124 ROTORCRAFT_FP 0 0 0 0 0 -6669 12543 4437 -10471 0 0 0 0 0 0
139.101 124 GPS_DIAGNOSTICS 1391 9.733592 0.102737 102737
139.349 124 SYS_MON 1951 1240 2663 914 631 1711 148 46
139.349 124 DATALINK_REPORT 1 1433 2329 332 48
139.350 124 ALIVE 228,53,28,184,20,220,96,252,128,64,204,222,62,138,41,191
139.353 124 GPS_DIAGNOSTICS 1393 9.894622 0.101065 101065
139.599 124 DELFLY_STATE 0 0 0 0 0 0 0 0 0 0 0 0 0 0 0 0 0
139.606 124 GPS_DIAGNOSTICS 1396 10.109077 0.098921 98921
139.744 124 ROTORCRAFT_NAV_STATUS 139 139 2.3 0. 2 1 3
139.784 124 LINK_REPORT 124 -1 140 0 46486 1442 0 330. 10. 1435 3.93
139.843 124 GPS_DIAGNOSTICS 1398 10.087255 0.099135 99135
140.099 124 DL_VALUE 22 0.
140.099 124 ROTORCRAFT_STATUS 0 0 2 0 3 0 0 0 0 0 38 228
140.141 124 ROTORCRAFT_FP 0 0 0 0 0 -6519 12546 4437 -10499 0 0 0 0 0 0
140.145 124 GPS_DIAGNOSTICS 1401 10.19919 0.098047 98047
140.210 124 PONG 
140.346 124 SYS_MON 1951 1530 2374 915 746 1611 148 46
140.346 124 GPS_DIAGNOSTICS 1403 9.904128 0.100968 100968
140.598 124 DELFLY_STATE 0 0 0 0 0 0 0 0 0 0 0 0 0 0 0 0 0
140.637 124 GPS_DIAGNOSTICS 1406 9.881814 0.101196 101196
140.786 124 LINK_REPORT 124 -1 141 0 46797 1452 0 311. 10. 1446 5.7
140.851 124 ENERGY 3.8 0. 0 0.
140.852 124 ALIVE 228,53,28,184,20,220,96,252,128,64,204,222,62,138,41,191
140.852 124 GPS_DIAGNOSTICS 1408 9.987216 0.100128 100128
141.163 124 ROTORCRAFT_FP 0 0 0 0 0 -6677 12546 4438 -10524 0 0 0 0 0 0
141.204 124 GPS_DIAGNOSTICS 1410 7.359435 0.13588 135880
141.273 124 ROTORCRAFT_NAV_STATUS 140 140 2.3 0. 2 1 3
141.346 124 SYS_MON 1951 1141 2765 915 595 1750 148 46
141.346 124 GPS_DIAGNOSTICS 1413 10.122482 0.09879 98790
141.598 124 DL_VALUE 23 0.
141.598 124 ROTORCRAFT_STATUS 0 0 2 0 3 0 0 0 0 0 38 230
141.709 124 DELFLY_STATE 0 0 0 0 0 0 0 0 0 0 0 0 0 0 0 0 0
141.787 124 LINK_REPORT 124 -1 142 0 47138 1463 0 341. 11. 1456 5.7
141.845 124 GPS_DIAGNOSTICS 1418 17.003044 0.058813 58813
142.102 124 ROTORCRAFT_FP 0 0 0 0 0 -7210 12548 4438 -10554 0 0 0 0 0 0
142.142 124 GPS_DIAGNOSTICS 1421 9.905305 0.100956 100956
142.357 124 SYS_MON 1951 1327 2585 914 669 1682 148 46
142.357 124 AUTOPILOT_VERSION 50700 v5.7_devel-356-g27d8ee9-dirty
142.372 124 ALIVE 228,53,28,184,20,220,96,252,128,64,204,222,62,138,41,191
142.372 124 GPS_DIAGNOSTICS 1423 9.788471 0.102161 102161
142.601 124 DELFLY_STATE 0 0 0 0 0 0 0 0 0 0 0 0 0 0 0 0 0
142.613 124 GPS_DIAGNOSTICS 1426 10.002901 0.099971 99971
142.740 124 ROTORCRAFT_NAV_STATUS 142 142 2.3 0. 2 1 3
142.787 124 LINK_REPORT 124 -1 143 0 47493 1473 0 355. 10. 1466 5.7
142.842 124 GPS_DIAGNOSTICS 1428 9.846299 0.101561 101561
143.102 124 DL_VALUE 24 5.
143.103 124 ROTORCRAFT_STATUS 0 0 2 0 3 0 0 0 0 0 38 231
143.149 124 ROTORCRAFT_FP 0 0 0 0 0 -5774 12550 4438 -10578 0 0 0 0 0 0
143.149 124 GPS_DIAGNOSTICS 1431 9.891197 0.1011 101100
143.345 124 SYS_MON 1951 1553 2349 915 755 1600 148 46
143.345 124 GPS_DIAGNOSTICS 1433 9.880837 0.101206 101206
143.598 124 DELFLY_STATE 0 0 0 0 0 0 0 0 0 0 0 0 0 0 0 0 0
143.637 124 GPS_DIAGNOSTICS 1436 9.988713 0.100113 100113
143.789 124 LINK_REPORT 124 -1 144 0 47798 1482 0 305. 9. 1476 5.7
143.852 124 ENERGY 3.8 0. 0 0.
143.853 124 ALIVE 228,53,28,184,20,220,96,252,128,64,204,222,62,138,41,191
143.853 124 GPS_DIAGNOSTICS 1438 9.912473 0.100883 100883
144.098 124 ROTORCRAFT_FP 0 0 0 0 0 -4966 12551 4439 -10602 0 0 0 0 0 0
144.140 124 GPS_DIAGNOSTICS 1441 9.889143 0.101121 101121
144.240 124 ROTORCRAFT_NAV_STATUS 143 143 2.3 0. 2 1 3
144.346 124 SYS_MON 1951 1389 2506 914 689 1652 148 46
144.346 124 GPS_DIAGNOSTICS 1443 10.024158 0.099759 99759
144.603 124 DL_VALUE 25 0.
144.603 124 ROTORCRAFT_STATUS 0 0 2 0 3 0 0 0 0 0 38 233
144.650 124 DELFLY_STATE 0 0 0 0 0 0 0 0 0 0 0 0 0 0 0 0 0
144.789 124 LINK_REPORT 124 -1 145 0 48139 1493 0 341. 11. 1486 5.7
144.844 124 GPS_DIAGNOSTICS 1448 10.045103 0.099551 99551
145.098 124 ROTORCRAFT_FP 0 0 0 0 0 -5682 12552 4440 -10627 0 0 0 0 0 0
145.099 124 GPS_DIAGNOSTICS 1451 9.922308 0.100783 100783
145.210 124 PONG 
145.354 124 SYS_MON 1951 1593 2303 914 767 1575 148 46
145.354 124 DATALINK_REPORT 1 1495 2391 331 56
145.354 124 ALIVE 228,53,28,184,20,220,96,252,128,64,204,222,62,138,41,191
145.356 124 GPS_DIAGNOSTICS 1453 10.008006 0.09992 99920
145.602 124 DELFLY_STATE 0 0 0 0 0 0 0 0 0 0 0 0 0 0 0 0 0
145.641 124 GPS_DIAGNOSTICS 1455 9.856198 0.101459 101459
145.743 124 ROTORCRAFT_NAV_STATUS 145 145 2.3 0. 2 1 3
145.791 124 LINK_REPORT 124 -1 146 0 48475 1504 0 336. 11. 1497 4.16
145.845 124 GPS_DIAGNOSTICS 1458 9.925263 0.100753 100753
146.097 124 DL_VALUE 26 0.5
146.098 124 ROTORCRAFT_STATUS 0 0 2 0 3 0 0 0 0 0 38 234
146.105 124 ROTORCRAFT_FP 0 0 0 0 0 -6711 12553 4440 -10648 0 0 0 0 0 0
146.108 124 GPS_DIAGNOSTICS 1460 10.003701 0.099963 99963
146.350 124 GPS_DIAGNOSTICS 1463 9.92881 0.100717 100717
146.354 124 SYS_MON 1951 1364 2542 915 678 1667 148 46
146.604 124 DELFLY_STATE 0 0 0 0 0 0 0 0 0 0 0 0 0 0 0 0 0
146.606 124 GPS_DIAGNOSTICS 1465 9.983926 0.100161 100161
146.790 124 LINK_REPORT 124 -1 147 0 48780 1513 0 305. 9. 1506 4.16
146.828 124 WIND_INFO 124 42 0. 0. 0.
146.848 124 ENERGY 3.8 0. 0 0.
146.848 124 ALIVE 228,53,28,184,20,220,96,252,128,64,204,222,62,138,41,191
146.848 124 GPS_DIAGNOSTICS 1468 9.97556 0.100245 100245
147.098 124 ROTORCRAFT_FP 0 0 0 0 0 -6652 12555 4440 -10671 0 0 0 0 0 0
147.100 124 GPS_DIAGNOSTICS 1470 10.0007 0.099993 99993
147.245 124 ROTORCRAFT_NAV_STATUS 146 146 2.3 0. 2 1 3
147.345 124 SYS_MON 1951 1555 2358 915 764 1624 148 46
147.345 124 GPS_DIAGNOSTICS 1473 10.00981 0.099902 99902
147.598 124 DL_VALUE 27 1.169371
147.598 124 ROTORCRAFT_STATUS 0 0 2 0 3 0 0 0 0 0 38 236
147.606 124 DELFLY_STATE 0 0 0 0 0 0 0 0 0 0 0 0 0 0 0 0 0
147.790 124 LINK_REPORT 124 -1 148 0 49121 1524 0 341. 11. 1517 4.16
147.845 124 GPS_DIAGNOSTICS 1478 9.937987 0.100624 100624
148.103 124 ROTORCRAFT_FP 0 0 0 0 0 -5209 12557 4439 -10692 0 0 0 0 0 0
148.109 124 GPS_DIAGNOSTICS 1480 9.91552 0.100852 100852
148.355 124 SYS_MON 1951 1164 2740 914 604 1753 148 46
148.356 124 AUTOPILOT_VERSION 50700 v5.7_devel-356-g27d8ee9-dirty
148.356 124 UART_ERRORS 0 273 105 1
148.397 124 ALIVE 228,53,28,184,20,220,96,252,128,64,204,222,62,138,41,191
148.397 124 GPS_DIAGNOSTICS 1483 9.966413 0.100337 100337
148.598 124 DELFLY_STATE 0 0 0 0 0 0 0 0 0 0 0 0 0 0 0 0 0
148.622 124 GPS_DIAGNOSTICS 1485 9.949556 0.100507 100507
148.748 124 ROTORCRAFT_NAV_STATUS 148 148 2.3 0. 2 1 3
148.791 124 LINK_REPORT 124 -1 149 0 49489 1535 0 368. 11. 1527 4.16
148.846 124 GPS_DIAGNOSTICS 1488 9.957977 0.100422 100422
149.110 124 DL_VALUE 28 0.85
149.111 124 ROTORCRAFT_STATUS 0 0 2 0 3 0 0 0 0 0 38 237
149.114 124 ROTORCRAFT_FP 0 0 0 0 0 -5510 12559 4439 -10712 0 0 0 0 0 0
149.114 124 GPS_DIAGNOSTICS 1490 9.711001 0.102976 102976
149.349 124 SYS_MON 1951 1271 2628 915 648 1704 148 46
149.350 124 GPS_DIAGNOSTICS 1493 9.915913 0.100848 100848
149.600 124 DELFLY_STATE 0 0 0 0 0 0 0 0 0 0 0 0 0 0 0 0 0
149.601 124 GPS_DIAGNOSTICS 1495 10.331326 0.096793 96793
149.791 124 LINK_REPORT 124 -1 150 0 49794 1544 0 305. 9. 1537 4.16
149.855 124 ENERGY 3.8 0. 0 0.
149.855 124 ALIVE 228,53,28,184,20,220,96,252,128,64,204,222,62,138,41,191
149.855 124 GPS_DIAGNOSTICS 1498 9.997601 0.100024 100024
150.104 124 ROTORCRAFT_FP 0 0 0 0 0 -5617 12561 4438 -10732 0 0 0 0 0 0
150.105 124 GPS_DIAGNOSTICS 1500 9.892665 0.101085 101085
150.212 124 PONG 
150.240 124 ROTORCRAFT_NAV_STATUS 149 149 2.3 0. 2 1 3
150.346 124 SYS_MON 1951 1141 2764 915 595 1749 148 46
150.346 124 GPS_DIAGNOSTICS 1503 9.950348 0.100499 100499
150.597 124 DL_VALUE 29 808.
150.598 124 ROTORCRAFT_STATUS 0 0 2 0 3 0 0 0 0 0 38 239
150.601 124 DELFLY_STATE 0 0 0 0 0 0 0 0 0 0 0 0 0 0 0 0 0
