1.587 124 GPS_INT 392433221 30036232 500219725 519906295 43767971 45536 350 -4 3 2 0 0 0 0 4 3
1.654 124 INS 0 7 -1556 36700 31457 -13704470 -281 -39 -18225
1.697 124 ROTORCRAFT_STATUS 0 0 0 90 3 14 0 0 5 1 37 9
1.785 124 GPS_INT 392433222 30036232 500219726 519906295 43767971 45550 360 -1 0 0 0 0 0 0 4 3
1.808 124 UART_ERRORS 0 0 2150 3
1.873 124 INS 0 7 -130 0 0 2075311 232 912 837
1.931 124 LINK_REPORT 124 -1 2 0 1188 27 0 651. 16. 48 0.
1.961 124 GPS_DIAGNOSTICS 45 45 22.260808 0.044922 22.282136 0.044879 44922 220878.288889 44879 11
1.983 124 STATE_FILTER_STATUS 3 3 0
2.094 124 GPS_INT 392433224 30036231 500219726 519906293 43767969 45562 370 8 -10 -7 0 0 0 0 4 3
2.094 124 DL_VALUE 9 2024.
2.203 124 ROTORCRAFT_FP 0 0 -82 -57671 -52428 -1315319 -6214 -1861 -12667 0 0 -82 0 0 0
2.225 124 WP_MOVED_ENU 8 -138 125 11914
2.336 124 GPS_INT 392433226 30036230 500219728 519906293 43767967 45589 400 7 -9 -6 0 0 0 0 4 3
2.357 124 DATALINK_REPORT 0 56 159 634 63
2.445 124 ROTORCRAFT_FP -5 -7 -7 -36700 -36700 82919 -6191 -2294 12605 0 0 -7 0 0 0
2.556 124 GPS_INT 392433230 30036227 500219731 519906292 43767962 45636 450 6 -7 -5 0 0 0 0 4 3
2.577 124 ROTORCRAFT_NAV_STATUS 1 1 0.7 0. 2 1 3
2.643 124 INS -7 -7 -24 -36700 -36700 -269196 -974 192 -771
2.731 124 GPS_DIAGNOSTICS 67 67 46.546267 0.021484 47.557902 0.021027 21484 159180.80597 21027 4
2.841 124 GPS_INT 392433231 30036226 500219733 519906293 43767961 45658 470 3 -4 -3 0 0 0 0 4 3
2.908 124 INS -7 -10 -34 -36700 -36700 -184833 -838 594 -1147
2.931 124 LINK_REPORT 124 -1 3 0 1842 42 0 654. 15. 78 0.
2.951 124 ROTORCRAFT_STATUS 0 0 0 90 3 14 0 0 5 1 37 10
3.039 124 GPS_INT 392433229 30036225 500219732 519906294 43767960 45637 450 1 -2 -2 0 0 0 0 4 3
3.105 124 INS -2 -12 -27 -15728 -20971 -93997 -79 -24 -820
3.215 124 ROTORCRAFT_FP -12 -2 27 -20971 -15728 88094 -5762 -1844 12214 0 0 27 0 0 0
3.215 124 DL_VALUE 10 200.
3.326 124 GPS_INT 392433229 30036224 500219732 519906294 43767958 45637 450 1 -2 -2 0 0 0 0 4 3
3.391 124 INS -2 -15 -25 -10485 -15728 -91310 -68 -78 -718
3.413 124 ALIVE 250,239,0,216,55,64,129,17,219,79,213,213,217,41,1,1
3.523 124 GPS_INT 392433228 30036224 500219732 519906294 43767958 45630 440 1 -2 -2 0 0 0 0 4 3
3.545 124 WP_MOVED_ENU 9 -138 125 11914
3.611 124 INS 0 -15 -24 -10485 -15728 -84801 103 127 -555
3.699 124 GPS_DIAGNOSTICS 95 95 15.05888 0.066406 15.151286 0.066001 66406 122914.105263 66001 16
3.810 124 GPS_INT 392433228 30036223 500219732 519906294 43767957 45630 440 0 0 0 0 0 0 0 4 3
3.875 124 INS 0 -17 -23 0 0 -83183 575 -546 -789
3.931 124 LINK_REPORT 124 -1 4 0 2457 56 0 615. 14. 102 0.
3.963 124 GPS_DIAGNOSTICS 101 101 46.546267 0.021484 46.996898 0.021278 21484 118222.910891 21278 4
4.051 124 GPS_INT 392433227 30036224 500219732 519906295 43767958 45624 430 -2 1 1 0 0 0 0 4 3
4.095 124 ROTORCRAFT_STATUS 0 0 0 91 3 14 0 0 5 1 37 12
4.205 124 ROTORCRAFT_FP -15 2 19 5242 10485 41258 -4413 -380 12269 0 0 19 0 0 0
4.227 124 ROTORCRAFT_NAV_STATUS 3 3 0.8 0. 2 1 3
4.249 124 DL_VALUE 11 800.
4.337 124 GPS_INT 392433226 30036224 500219731 519906295 43767959 45610 420 0 0 0 0 0 0 0 4 3
4.403 124 INS 2 -15 -20 0 0 -68989 224 -745 -2081
4.513 124 GPS_INT 392433224 30036225 500219732 519906297 43767960 45606 420 0 0 0 0 0 0 0 4 3
4.579 124 INS 7 -12 -15 20971 15728 -63746 230 803 650
4.667 124 ROTORCRAFT_FP -10 7 15 20971 26214 57700 -4067 -1092 11912 0 0 15 0 0 0
4.777 124 GPS_INT 392433224 30036226 500219732 519906297 43767962 45607 420 -4 3 2 0 0 0 0 4 3
4.843 124 INS 7 -10 -16 10485 10485 -65624 -219 -546 -442
4.865 124 WP_MOVED_ENU 10 -138 125 11914
4.932 124 LINK_REPORT 124 -1 5 0 3092 70 0 635. 14. 123 0.
4.954 124 GPS_DIAGNOSTICS 120 120 22.260312 0.044923 22.35636 0.04473 44923 107943.475 44730 10
5.063 124 GPS_INT 392433223 30036228 500219733 519906298 43767965 45609 420 -5 4 3 0 0 0 0 4 3
5.129 124 INS 10 -2 -15 31457 26214 -71989 -417 -873 -687
5.218 124 GPS_DIAGNOSTICS 127 127 46.544101 0.021485 47.530776 0.021039 21485 103723.976378 21039 4
5.239 124 STATE_FILTER_STATUS 3 3 0
5.261 124 ROTORCRAFT_STATUS 0 0 0 90 3 14 0 0 5 1 37 13
5.305 124 ENERGY 3.7 0. 0 0.
5.371 124 INS 10 0 -14 20971 15728 -14035 1102 -2285 -587
5.393 124 DL_VALUE 12 0.
5.481 124 GPS_DIAGNOSTICS 135 135 46.546267 0.021484 47.147572 0.02121 21484 99530.503704 21210 5
5.525 124 ALIVE 250,239,0,216,55,64,129,17,219,79,213,213,217,41,1,1
5.591 124 INS 5 0 -11 0 0 -16795 -269 -1006 -363
5.591 124 PONG 
5.701 124 ROTORCRAFT_FP 0 5 11 0 0 32095 -2528 -1762 10179 0 0 11 0 0 0
5.723 124 ROTORCRAFT_NAV_STATUS 4 4 0.7 0. 2 1 3
5.812 124 GPS_INT 392433224 30036230 500219729 519906295 43767967 45585 400 0 0 0 0 0 0 0 4 3
5.877 124 INS 2 0 -10 26214 20971 -41827 -4896 2397 -9068
5.932 124 LINK_REPORT 124 -1 6 0 3739 87 0 647. 17. 154 159.98
5.987 124 GPS_DIAGNOSTICS 149 149 22.755717 0.043945 22.881724 0.043703 43945 93573.697987 43703 10
6.075 124 GPS_INT 392433224 30036231 500219729 519906295 43767969 45586 400 -2 1 1 0 0 0 0 4 3
6.141 124 INS 0 2 -11 10485 10485 -64446 -103 -85 -579
6.163 124 WP_MOVED_ENU 11 -138 125 11914
6.273 124 GPS_INT 392433224 30036232 500219731 519906296 43767970 45602 410 -1 0 0 0 0 0 0 4 3
6.339 124 INS 5 5 -11 0 0 -28981 277 -191 -299
6.427 124 ROTORCRAFT_FP 5 5 10 0 0 26429 -2830 -1500 9928 0 0 10 0 0 0
6.471 124 ROTORCRAFT_STATUS 0 0 0 90 3 14 0 0 5 1 37 14
6.493 124 DL_VALUE 13 1012.
6.581 124 GPS_INT 392433224 30036232 500219729 519906295 43767970 45586 400 0 0 0 0 0 0 0 4 3
6.647 124 INS 2 5 -8 0 0 -25663 149 73 -1127
6.757 124 GPS_DIAGNOSTICS 171 171 48.761459 0.020508 47.174262 0.021198 20508 85778.204678 21198 4
6.845 124 GPS_INT 392433225 30036233 500219729 519906294 43767972 45593 400 -1 0 0 0 0 0 0 4 3
6.933 124 LINK_REPORT 124 -1 7 0 4348 100 0 609. 13. 175 159.98
6.955 124 ROTORCRAFT_FP 7 0 9 0 0 46426 -2949 -1280 9882 0 0 9 0 0 0
7.043 124 GPS_INT 392433225 30036233 500219729 519906294 43767972 45593 400 -1 0 0 0 0 0 0 4 3
7.109 124 INS 0 7 -14 0 0 -56291 -350 20 208
7.219 124 ROTORCRAFT_FP 7 0 15 0 0 58985 -2849 -1354 9808 0 0 15 0 0 0
7.308 124 GPS_INT 392433225 30036233 500219729 519906294 43767972 45593 400 -1 0 0 0 0 0 0 4 3
7.373 124 INS 0 5 -7 0 0 -23797 -475 149 -617
7.395 124 ROTORCRAFT_NAV_STATUS 6 6 0.7 0. 2 1 3
7.439 124 DATALINK_REPORT 0 178 232 633 97
7.461 124 WP_MOVED_ENU 0 10956 10549 512
7.527 124 INS_REF 392433223 30036229 500219726 519906294 43767966 45555 370 0.
7.527 124 DL_VALUE 14 108.
7.571 124 ALIVE 250,239,0,216,55,64,129,17,219,79,213,213,217,41,1,1
7.637 124 INS -5 7 -7 0 0 -35995 546 -2124 -22
7.681 124 ROTORCRAFT_STATUS 0 0 0 92 3 14 0 0 5 1 37 15
7.769 124 GPS_INT 392433226 30036233 500219727 519906293 43767972 45583 390 0 0 0 0 0 0 0 4 3
7.813 124 ENERGY 3.7 0. 0 0.
7.879 124 INS -5 7 -7 0 0 -56666 484 -110 -549
7.933 124 LINK_REPORT 124 -1 8 0 5000 117 0 652. 17. 192 159.98
7.967 124 GPS_DIAGNOSTICS 188 188 46.546267 0.021484 46.73334 0.021398 21484 84577.143617 21398 5
8.055 124 GPS_INT 392433227 30036233 500219727 519906292 43767971 45589 400 0 0 0 0 0 0 0 4 3
8.121 124 INS -7 7 -10 0 0 -60781 329 195 -1071
8.209 124 GPS_DIAGNOSTICS 192 192 22.755717 0.043945 22.833135 0.043796 43945 83959.536458 43796 10
8.319 124 GPS_INT 392433227 30036233 500219727 519906292 43767971 45589 400 -1 0 0 0 0 0 0 4 3
8.385 124 INS -7 7 -9 0 0 -37355 114 -455 214
8.407 124 STATE_FILTER_STATUS 3 3 0
8.495 124 GPS_DIAGNOSTICS 196 196 22.7552 0.043946 22.789945 0.043879 43946 83591.352041 43879 11
8.583 124 GPS_INT 392433227 30036233 500219727 519906292 43767971 45589 400 0 0 0 0 0 0 0 4 3
8.649 124 INS -7 7 -11 0 0 -68834 -27 -144 -1451
8.671 124 DL_VALUE 15 0.
8.693 124 WP_MOVED_ENU 1 135 -130 512
8.804 124 GPS_INT 392433227 30036233 500219727 519906292 43767971 45589 400 0 0 0 0 0 0 0 4 3
8.869 124 INS -7 7 -15 0 0 -66961 1268 929 368
8.891 124 ROTORCRAFT_STATUS 0 0 0 90 3 14 0 0 5 1 37 16
8.933 124 LINK_REPORT 124 -1 9 0 5656 132 0 656. 15. 206 159.98
9.001 124 GPS_DIAGNOSTICS 201 201 46.546267 0.021484 47.728141 0.020952 21484 84252.189055 20952 4
9.023 124 ROTORCRAFT_NAV_STATUS 7 7 0.7 0. 2 1 3
9.089 124 INS -10 7 -14 0 0 -55127 -483 -1277 -2254
9.199 124 ROTORCRAFT_FP 7 -10 16 10485 10485 97758 -1535 -1797 8398 0 0 16 0 0 0
9.287 124 GPS_INT 392433229 30036233 500219730 519906292 43767971 45625 440 0 -1 -1 0 0 0 0 4 3
9.353 124 INS -5 10 -20 10485 10485 -70394 -253 641 1259
9.442 124 GPS_DIAGNOSTICS 216 216 46.546267 0.021484 47.487891 0.021058 21484 80743.300926 21058 5
9.551 124 GPS_INT 392433230 30036236 500219733 519906293 43767975 45656 470 -11 11 7 0 0 0 0 4 3
9.617 124 INS -5 15 -27 73400 68157 -76819 1508 -1061 256
9.705 124 ROTORCRAFT_FP 17 -5 28 52428 52428 53659 -775 -1457 7218 0 0 28 0 0 0
9.749 124 ALIVE 250,239,0,216,55,64,129,17,219,79,213,213,217,41,1,1
9.771 124 DL_VALUE 16 300.
9.837 124 INS -2 23 -33 52428 52428 -42176 1836 -809 816
9.925 124 ROTORCRAFT_FP 23 -2 34 31457 36700 43367 -423 -1398 6799 0 0 34 0 0 0
9.934 124 LINK_REPORT 124 -1 10 0 6313 146 0 657. 14. 236 159.98
10.035 124 GPS_INT 392433230 30036241 500219736 519906294 43767983 45682 500 -6 5 3 0 0 0 0 4 3
10.057 124 WP_MOVED_ENU 2 135 -130 512
10.101 124 ROTORCRAFT_STATUS 0 0 0 91 3 14 0 0 5 1 37 18
10.189 124 ROTORCRAFT_FP 28 2 36 20971 26214 46478 -264 -1182 6714 0 0 36 0 0 0
10.299 124 GPS_INT 392433231 30036242 500219739 519906295 43767984 45712 520 -6 5 3 0 0 0 0 4 3
10.321 124 ENERGY 3.7 0. 0 0.
10.387 124 INS 0 30 -38 10485 10485 -4683 601 -1711 -1480
10.475 124 GPS_DIAGNOSTICS 246 246 22.260808 0.044922 22.338881 0.044765 44922 75013.235772 44765 10
10.585 124 GPS_INT 392433229 30036242 500219738 519906296 43767984 45692 510 3 -4 -3 0 0 0 0 4 3
10.585 124 PONG 
10.629 124 ROTORCRAFT_NAV_STATUS 9 9 0.7 0. 2 1 3
10.717 124 GPS_DIAGNOSTICS 252 252 48.761459 0.020508 47.094283 0.021234 20508 74095.265873 21234 4
10.806 124 GPS_INT 392433229 30036241 500219738 519906296 43767983 45692 510 0 0 0 0 0 0 0 4 3
10.871 124 INS 2 28 -33 0 0 -3705 -35 -122 373
10.893 124 DL_VALUE 17 600.
10.934 124 LINK_REPORT 124 -1 11 0 6927 161 0 614. 15. 267 153.27
10.981 124 GPS_DIAGNOSTICS 259 259 48.761459 0.020508 47.030052 0.021263 20508 73027.787645 21263 4
11.091 124 GPS_INT 392433229 30036241 500219738 519906296 43767983 45692 510 0 0 0 0 0 0 0 4 3
11.157 124 INS 2 28 -33 0 0 -7139 383 -27 136
11.245 124 GPS_DIAGNOSTICS 267 267 48.761459 0.020508 47.178713 0.021196 20508 71827.228464 21196 5
11.289 124 ROTORCRAFT_STATUS 0 0 0 91 3 14 0 0 5 1 37 19
11.355 124 INS 2 30 -34 -5242 -5242 -27733 -44 289 -58
11.377 124 WP_MOVED_ENU 3 135 -130 512
11.465 124 GPS_DIAGNOSTICS 275 275 46.544101 0.021485 47.517225 0.021045 21485 70700.076364 21045 4
11.575 124 GPS_INT 392433230 30036242 500219738 519906295 43767984 45698 510 0 -1 -1 0 0 0 0 4 3
11.575 124 STATE_FILTER_STATUS 3 3 0
11.641 124 INS 2 30 -36 0 0 -15213 480 146 -281
11.751 124 GPS_DIAGNOSTICS 283 283 46.546267 0.021484 47.134238 0.021216 21484 69633.194346 21216 4
11.773 124 ALIVE 250,239,0,216,55,64,129,17,219,79,213,213,217,41,1,1
11.839 124 INS 2 28 -34 -5242 -5242 -10511 -204 145 -159
11.900 124 WIND_INFO 124 42 0. 0. 0.
11.935 124 LINK_REPORT 124 -1 12 0 7530 175 0 603. 14. 298 153.27
11.949 124 ROTORCRAFT_FP 28 2 34 -20971 -15728 7058 -467 -1249 6389 0 0 34 0 0 0
11.971 124 DL_VALUE 18 0.
12.059 124 GPS_INT 392433229 30036241 500219739 519906297 43767983 45700 510 -1 0 0 0 0 0 0 4 3
12.125 124 INS 5 28 -36 0 0 -33836 272 -255 -431
12.169 124 ROTORCRAFT_NAV_STATUS 11 11 0.7 0. 2 1 3
12.257 124 GPS_DIAGNOSTICS 297 297 23.272592 0.042969 22.852442 0.043759 42969 67981.727273 43759 10
12.345 124 GPS_INT 392433229 30036241 500219738 519906296 43767983 45692 510 0 0 0 0 0 0 0 4 3
12.455 124 ROTORCRAFT_FP 28 2 34 0 0 15862 -468 -1302 6462 0 0 34 0 0 0
12.477 124 ROTORCRAFT_STATUS 0 0 0 90 3 14 0 0 5 1 37 20
12.499 124 DATALINK_REPORT 0 309 309 634 130
12.565 124 INS 2 28 -33 -5242 -5242 -8062 -123 -416 -106
12.630 124 INS_REF 392433223 30036229 500219726 519906294 43767966 45555 370 0.
12.675 124 WP_MOVED_ENU 4 197 -440 512
12.763 124 GPS_INT 392433229 30036241 500219738 519906296 43767983 45692 510 0 0 0 0 0 0 0 4 3
12.785 124 ENERGY 3.7 0. 0 0.
12.851 124 INS 2 28 -35 0 0 -17902 388 246 318
12.935 124 LINK_REPORT 124 -1 13 0 8176 191 0 646. 16. 328 153.27
12.961 124 GPS_DIAGNOSTICS 319 319 46.544101 0.021485 46.783626 0.021375 21485 65567.912226 21375 5
13.049 124 GPS_INT 392433231 30036241 500219739 519906295 43767983 45712 520 0 0 0 0 0 0 0 4 3
13.071 124 DL_VALUE 19 0.
13.137 124 INS 0 28 -38 0 0 -30361 416 -185 -206
13.225 124 GPS_DIAGNOSTICS 327 327 48.761459 0.020508 47.176487 0.021197 20508 64770.146789 21197 4
13.313 124 GPS_INT 392433230 30036241 500219738 519906295 43767983 45698 510 0 -1 -1 0 0 0 0 4 3
13.379 124 INS 2 28 -36 0 0 -9678 169 -343 -146
13.489 124 GPS_DIAGNOSTICS 335 335 46.544101 0.021485 47.454088 0.021073 21485 64013.397015 21073 5
13.577 124 GPS_INT 392433230 30036241 500219738 519906295 43767983 45698 510 0 0 0 0 0 0 0 4 3
13.643 124 INS 2 28 -36 0 0 -10598 89 29 -161
13.687 124 ROTORCRAFT_STATUS 0 0 0 90 3 14 0 0 5 1 37 21
13.709 124 ROTORCRAFT_NAV_STATUS 12 12 0.7 0. 2 1 3
13.819 124 GPS_INT 392433230 30036241 500219738 519906295 43767983 45698 510 0 -1 -1 0 0 0 0 4 3
13.885 124 INS 2 28 -36 0 0 -14764 126 294 -328
13.907 124 ALIVE 250,239,0,216,55,64,129,17,219,79,213,213,217,41,1,1
13.936 124 LINK_REPORT 124 -1 14 0 8847 206 0 671. 15. 358 153.27
14.019 124 GPS_DIAGNOSTICS 350 350 46.544101 0.021485 47.463097 0.021069 21485 62715.288571 21069 4
14.038 124 WP_MOVED_ENU 5 -138 128 396
14.105 124 INS 0 28 -38 0 0 -22391 179 -352 -113
14.193 124 ROTORCRAFT_FP 28 0 38 0 0 23588 -214 -1357 6367 0 0 38 0 0 0
14.215 124 DL_VALUE 20 0.75
14.325 124 GPS_INT 392433229 30036241 500219738 519906296 43767983 45692 510 0 -1 -1 0 0 0 0 4 3
14.391 124 INS 2 28 -35 0 0 10466 -88 -788 70
14.479 124 GPS_DIAGNOSTICS 365 365 22.260808 0.044922 22.486059 0.044472 44922 61526.547945 44472 10
14.567 124 GPS_INT 392433229 30036240 500219738 519906296 43767981 45691 510 0 -1 -1 0 0 0 0 4 3
14.633 124 INS 5 25 -33 0 0 6691 -106 -250 -87
14.743 124 GPS_DIAGNOSTICS 372 372 48.761459 0.020508 47.076546 0.021242 20508 60956.833333 21242 4
14.743 124 STATE_FILTER_STATUS 3 3 0
14.853 124 GPS_INT 392433229 30036241 500219738 519906296 43767983 45692 510 0 0 0 0 0 0 0 4 3
14.875 124 ROTORCRAFT_STATUS 0 0 0 91 3 14 0 0 5 1 37 22
14.937 124 LINK_REPORT 124 -1 15 0 9463 220 0 616. 14. 388 153.27
14.985 124 GPS_DIAGNOSTICS 380 380 48.761459 0.020508 47.138682 0.021214 20508 60367.410526 21214 5
15.073 124 GPS_INT 392433229 30036240 500219738 519906296 43767981 45691 510 0 0 0 0 0 0 0 4 3
15.138 124 INS 5 25 -33 0 0 -11465 -91 -607 59
15.227 124 GPS_DIAGNOSTICS 387 387 48.761459 0.020508 46.963791 0.021293 20508 59901.30491 21293 5
15.271 124 WP_MOVED_ENU 6 -138 128 396
15.271 124 DL_VALUE 21 0.
15.315 124 ENERGY 3.7 0. 0 0.
15.381 124 INS 5 25 -33 0 0 -10258 -29 -285 105
15.403 124 ROTORCRAFT_NAV_STATUS 14 14 0.7 0. 2 1 3
15.491 124 GPS_DIAGNOSTICS 395 395 46.546267 0.021484 47.600914 0.021008 21484 59358.113924 21008 4
15.601 124 GPS_INT 392433229 30036240 500219738 519906296 43767981 45691 510 0 0 0 0 0 0 0 4 3
15.601 124 PONG 
15.710 124 GPS_DIAGNOSTICS 401 401 22.7552 0.043946 22.728822 0.043997 43946 59073.927681 43997 10
15.799 124 GPS_INT 392433229 30036240 500219738 519906296 43767981 45691 510 0 0 0 0 0 0 0 4 3
15.865 124 INS 5 25 -34 0 0 -3972 407 -549 80
15.938 124 LINK_REPORT 124 -1 16 0 10088 235 0 625. 15. 419 168.4
15.975 124 ROTORCRAFT_FP 25 5 33 0 0 6129 -206 -1314 6296 0 0 33 0 0 0
15.997 124 ALIVE 250,239,0,216,55,64,129,17,219,79,213,213,217,41,1,1
16.107 124 GPS_INT 392433229 30036240 500219738 519906296 43767981 45691 510 0 0 0 0 0 0 0 4 3
16.128 124 ROTORCRAFT_STATUS 0 0 0 90 3 14 0 0 5 1 37 24
16.217 124 GPS_DIAGNOSTICS 416 416 22.755717 0.043945 22.49061 0.044463 43945 58159.872596 44463 10
16.327 124 GPS_INT 392433229 30036240 500219738 519906296 43767981 45691 510 0 0 0 0 0 0 0 4 3
16.392 124 INS 5 25 -33 0 0 -6926 117 -282 70
16.414 124 DL_VALUE 22 -33.
16.502 124 GPS_DIAGNOSTICS 424 424 22.755717 0.043945 23.012312 0.043455 43945 57684.389151 43455 10
16.591 124 GPS_INT 392433229 30036240 500219738 519906296 43767981 45691 510 0 0 0 0 0 0 0 4 3
16.634 124 WP_MOVED_ENU 7 -138 128 396
16.722 124 GPS_DIAGNOSTICS 431 431 22.755717 0.043945 22.434603 0.044574 43945 57309.443155 44574 11
16.811 124 GPS_INT 392433229 30036240 500219738 519906296 43767981 45691 510 0 0 0 0 0 0 0 4 3
16.876 124 INS 5 25 -33 0 0 -8719 414 -146 -160
16.938 124 LINK_REPORT 124 -1 17 0 10737 249 0 649. 14. 449 168.4
16.987 124 GPS_DIAGNOSTICS 438 438 46.544101 0.021485 46.724605 0.021402 21485 56895.203196 21402 5
17.009 124 ROTORCRAFT_NAV_STATUS 15 15 0.7 0. 2 1 3
17.097 124 GPS_INT 392433229 30036240 500219738 519906296 43767981 45691 510 0 0 0 0 0 0 0 4 3
17.206 124 GPS_DIAGNOSTICS 446 446 48.761459 0.020508 47.344002 0.021122 20508 56465.856502 21122 4
17.228 124 ROTORCRAFT_STATUS 0 0 0 90 3 14 0 0 5 1 37 25
17.339 124 GPS_INT 392433229 30036240 500219738 519906296 43767981 45691 510 0 0 0 0 0 0 0 4 3
17.404 124 INS 5 25 -33 0 0 -10258 428 5 -126
17.480 124 SETTING 0 124 11.
17.493 124 GPS_DIAGNOSTICS 454 454 48.761459 0.020508 47.098719 0.021232 20508 56051.643172 21232 5
17.514 124 DL_VALUE 23 0.
17.603 124 GPS_INT 392433229 30036240 500219738 519906296 43767981 45691 510 0 0 0 0 0 0 0 4 3
17.624 124 DATALINK_REPORT 0 462 384 639 164
17.646 124 DL_VALUE 0 11.
17.691 124 GUIDANCE_H_INT 0 0 0 0 5 25
17.734 124 GUIDANCE_H_INT 0 0 0 0 5 25
17.779 124 ALIVE 250,239,0,216,55,64,129,17,219,79,213,213,217,41,1,1
17.823 124 GUIDANCE_H_INT 0 0 0 0 2 25
17.867 124 GUIDANCE_H_INT 0 0 0 0 2 25
17.910 124 ROTORCRAFT_STATUS 0 0 0 90 3 14 0 0 5 1 37 25
17.939 124 LINK_REPORT 124 -1 18 0 11389 267 0 652. 18. 480 168.4
17.955 124 GUIDANCE_H_INT 0 0 0 0 5 25
17.999 124 GUIDANCE_H_INT 0 0 0 0 5 25
18.042 124 GUIDANCE_H_INT 0 0 0 0 5 25
18.086 124 GUIDANCE_H_INT 0 0 0 0 5 25
18.152 124 GUIDANCE_H_INT 0 0 0 0 5 25
18.196 124 GUIDANCE_H_INT 0 0 0 0 5 25
18.240 124 GUIDANCE_H_INT 0 0 0 0 5 25
18.285 124 GUIDANCE_H_INT 0 0 0 0 2 23
18.328 124 GUIDANCE_H_INT 0 0 0 0 2 23
18.372 124 GUIDANCE_H_INT 0 0 0 0 2 23
18.416 124 GUIDANCE_H_INT 0 0 0 0 2 23
18.482 124 GUIDANCE_H_INT 0 0 0 0 2 23
18.528 124 GUIDANCE_H_INT 0 0 0 0 2 23
18.570 124 GUIDANCE_H_INT 0 0 0 0 2 23
18.615 124 GUIDANCE_H_INT 0 0 0 0 2 23
18.658 124 GUIDANCE_H_INT 0 0 0 0 2 23
18.703 124 GUIDANCE_H_INT 0 0 0 0 5 23
18.746 124 GUIDANCE_H_INT 0 0 0 0 5 23
18.812 124 GUIDANCE_H_INT 0 0 0 0 2 23
18.857 124 GUIDANCE_H_INT 0 0 0 0 2 20
18.900 124 GUIDANCE_H_INT 0 0 0 0 2 20
18.940 124 LINK_REPORT 124 -1 19 0 12019 288 0 630. 21. 509 168.4
18.944 124 GUIDANCE_H_INT 0 0 0 0 2 20
19.011 124 ROTORCRAFT_TUNE_HOVER 56 -224 0 56 -224 0 0 -817 -408 6280
19.055 124 GUIDANCE_H_INT 0 0 0 0 0 20
19.098 124 ROTORCRAFT_STATUS 0 0 0 90 3 14 0 0 5 1 37 27
19.099 124 DL_VALUE 25 0.
19.164 124 GUIDANCE_H_INT 0 0 0 0 -2 20
19.209 124 ROTORCRAFT_TUNE_HOVER 56 -224 0 56 -224 0 0 -661 -288 6398
19.275 124 GUIDANCE_H_INT 0 0 0 0 0 17
19.318 124 GUIDANCE_H_INT 0 0 0 0 0 17
19.362 124 GUIDANCE_H_INT 0 0 0 0 0 17
19.406 124 GUIDANCE_H_INT 0 0 0 0 0 17
19.450 124 GUIDANCE_H_INT 0 0 0 0 0 17
19.604 124 ROTORCRAFT_TUNE_HOVER 56 -224 0 56 -224 0 0 -634 -340 6364
19.648 124 GUIDANCE_H_INT 0 0 0 0 2 17
19.714 124 GUIDANCE_H_INT 0 0 0 0 2 17
19.758 124 GUIDANCE_H_INT 0 0 0 0 2 17
19.802 124 GUIDANCE_H_INT 0 0 0 0 2 17
19.846 124 GUIDANCE_H_INT 0 0 0 0 2 17
19.890 124 ALIVE 250,239,0,216,55,64,129,17,219,79,213,213,217,41,1,1
19.935 124 GUIDANCE_H_INT 0 0 0 0 2 17
19.940 124 LINK_REPORT 124 -1 20 0 12616 308 1 597. 20. 539 168.4
20.001 124 ROTORCRAFT_TUNE_HOVER 56 -224 0 56 -224 0 0 -558 -402 6383
20.044 124 GUIDANCE_H_INT 0 0 0 0 2 17
20.088 124 GUIDANCE_H_INT 0 0 0 0 2 17
20.132 124 GUIDANCE_H_INT 0 0 0 0 2 17
20.199 124 ROTORCRAFT_TUNE_HOVER 56 -224 0 56 -224 0 0 -567 -397 6372
20.242 124 GUIDANCE_H_INT 0 0 0 0 2 17
20.287 124 GUIDANCE_H_INT 0 0 0 0 2 17
20.330 124 GUIDANCE_H_INT 0 0 0 0 2 17
20.396 124 GUIDANCE_H_INT 0 0 0 0 2 17
20.440 124 GUIDANCE_H_INT 0 0 0 0 2 17
20.484 124 GUIDANCE_H_INT 0 0 0 0 2 17
20.530 124 GUIDANCE_H_INT 0 0 0 0 2 17
20.572 124 GUIDANCE_H_INT 0 0 0 0 2 17
20.594 124 PONG 
20.638 124 GUIDANCE_H_INT 0 0 0 0 2 17
20.683 124 GUIDANCE_H_INT 0 0 0 0 2 17
20.726 124 GUIDANCE_H_INT 0 0 0 0 2 17
20.770 124 GUIDANCE_H_INT 0 0 0 0 2 17
20.814 124 GUIDANCE_H_INT 0 0 0 0 2 17
20.858 124 GUIDANCE_H_INT 0 0 0 0 2 17
20.924 124 GUIDANCE_H_INT 0 0 0 0 2 17
20.941 124 LINK_REPORT 124 -1 21 0 13242 329 1 626. 21. 570 160.66
20.968 124 GUIDANCE_H_INT 0 0 0 0 2 17
21.012 124 GUIDANCE_H_INT 0 0 0 0 2 17
21.056 124 GUIDANCE_H_INT 0 0 0 0 2 17
21.100 124 GUIDANCE_H_INT 0 0 0 0 2 17
21.144 124 GUIDANCE_H_INT 0 0 0 0 2 17
21.188 124 GUIDANCE_H_INT 0 0 0 0 2 17
21.254 124 GUIDANCE_H_INT 0 0 0 0 2 17
21.298 124 ROTORCRAFT_TUNE_HOVER 56 -224 0 56 -224 0 0 -485 -457 6371
21.364 124 GUIDANCE_H_INT 0 0 0 0 2 17
21.408 124 GUIDANCE_H_INT 0 0 0 0 2 17
21.452 124 GUIDANCE_H_INT 0 0 0 0 2 17
21.474 124 ROTORCRAFT_STATUS 0 0 0 91 3 14 0 0 5 1 37 29
21.540 124 GUIDANCE_H_INT 0 0 0 0 2 17
21.584 124 ROTORCRAFT_TUNE_HOVER 56 -224 0 56 -224 0 0 -487 -472 6372
21.650 124 GUIDANCE_H_INT 0 0 0 0 2 17
21.694 124 ROTORCRAFT_TUNE_HOVER 56 -224 0 56 -224 0 0 -476 -469 6382
21.760 124 GUIDANCE_H_INT 0 0 0 0 2 17
21.804 124 GUIDANCE_H_INT 0 0 0 0 2 17
21.849 124 GUIDANCE_H_INT 0 0 0 0 2 17
21.892 124 GUIDANCE_H_INT 0 0 0 0 2 17
21.900 124 WIND_INFO 124 42 0. 0. 0.
21.936 124 GUIDANCE_H_INT 0 0 0 0 2 17
21.942 124 LINK_REPORT 124 -1 22 0 13895 350 1 653. 21. 601 160.66
21.980 124 ALIVE 250,239,0,216,55,64,129,17,219,79,213,213,217,41,1,1
22.024 124 GUIDANCE_H_INT 0 0 0 0 2 17
22.090 124 ROTORCRAFT_TUNE_HOVER 56 -224 0 56 -224 0 0 -525 -495 6405
22.134 124 GUIDANCE_H_INT 0 0 0 0 2 17
22.178 124 GUIDANCE_H_INT 0 0 0 0 2 17
22.222 124 GUIDANCE_H_INT 0 0 0 0 2 17
22.288 124 ROTORCRAFT_TUNE_HOVER 56 -224 0 56 -224 0 0 -526 -492 6404
22.332 124 GUIDANCE_H_INT 0 0 0 0 2 17
22.376 124 GUIDANCE_H_INT 0 0 0 0 2 17
22.398 124 DL_VALUE 28 0.85
22.442 124 GUIDANCE_H_INT 0 0 0 0 2 17
22.486 124 GUIDANCE_H_INT 0 0 0 0 2 17
22.553 124 ROTORCRAFT_TUNE_HOVER 56 -224 0 56 -224 0 0 -508 -486 6405
22.596 124 GUIDANCE_H_INT 0 0 0 0 2 17
22.662 124 ROTORCRAFT_TUNE_HOVER 56 -224 0 56 -224 0 0 -506 -480 6391
22.706 124 ROTORCRAFT_STATUS 0 0 0 91 3 14 0 0 5 1 37 30
22.772 124 ROTORCRAFT_TUNE_HOVER 56 -224 0 56 -224 0 0 -513 -480 6387
22.816 124 GUIDANCE_H_INT 0 0 0 0 2 17
22.860 124 GUIDANCE_H_INT 0 0 0 0 2 17
22.904 124 GUIDANCE_H_INT 0 0 0 0 2 17
22.942 124 LINK_REPORT 124 -1 23 0 14512 370 1 617. 20. 631 160.66
22.948 124 GUIDANCE_H_INT 0 0 0 0 2 17
23.014 124 GUIDANCE_H_INT 0 0 0 0 2 17
23.058 124 GUIDANCE_H_INT 0 0 0 0 2 17
23.102 124 GUIDANCE_H_INT 0 0 0 0 2 17
23.146 124 GUIDANCE_H_INT 0 0 0 0 2 17
23.191 124 GUIDANCE_H_INT 0 0 0 0 2 17
23.234 124 GUIDANCE_H_INT 0 0 0 0 2 17
23.278 124 GUIDANCE_H_INT 0 0 0 0 2 17
23.344 124 GUIDANCE_H_INT 0 0 0 0 2 17
23.388 124 ROTORCRAFT_TUNE_HOVER 56 -224 0 56 -224 0 0 -520 -497 6410
23.454 124 GUIDANCE_H_INT 0 0 0 0 2 17
23.454 124 DL_VALUE 29 400.
23.498 124 GUIDANCE_H_INT 0 0 0 0 2 17
23.564 124 GUIDANCE_H_INT 0 0 0 0 2 17
23.608 124 GUIDANCE_H_INT 0 0 0 0 2 17
23.652 124 GUIDANCE_H_INT 0 0 0 0 2 17
23.696 124 GUIDANCE_H_INT 0 0 0 0 2 17
23.740 124 GUIDANCE_H_INT 0 0 0 0 2 17
23.784 124 GUIDANCE_H_INT 0 0 0 0 2 17
23.828 124 GUIDANCE_H_INT 0 0 0 0 2 17
23.872 124 ROTORCRAFT_STATUS 0 0 0 90 3 14 0 0 5 1 37 31
23.916 124 GUIDANCE_H_INT 0 0 0 0 2 17
23.944 124 LINK_REPORT 124 -1 24 0 15156 392 1 644. 22. 661 160.66
23.960 124 GUIDANCE_H_INT 0 0 0 0 2 17
24.026 124 GUIDANCE_H_INT 0 0 0 0 2 17
24.070 124 ROTORCRAFT_TUNE_HOVER 56 -224 0 56 -224 0 0 -539 -499 6394
24.114 124 ALIVE 250,239,0,216,55,64,129,17,219,79,213,213,217,41,1,1
24.158 124 GUIDANCE_H_INT 0 0 0 0 2 17
24.202 124 GUIDANCE_H_INT 0 0 0 0 2 17
24.246 124 GUIDANCE_H_INT 0 0 0 0 2 17
24.312 124 GUIDANCE_H_INT 0 0 0 0 2 17
24.356 124 ROTORCRAFT_TUNE_HOVER 56 -224 0 56 -224 0 0 -523 -503 6388
24.422 124 GUIDANCE_H_INT 0 0 0 0 2 17
24.466 124 ROTORCRAFT_TUNE_HOVER 56 -224 0 56 -224 0 0 -529 -499 6403
24.536 124 GUIDANCE_H_INT 0 0 0 0 2 17
24.576 124 ROTORCRAFT_TUNE_HOVER 56 -224 0 56 -224 0 0 -528 -500 6386
24.598 124 DL_VALUE 30 0.
24.642 124 GUIDANCE_H_INT 0 0 0 0 2 17
24.708 124 GUIDANCE_H_INT 0 0 0 0 2 17
24.752 124 ROTORCRAFT_TUNE_HOVER 56 -224 0 56 -224 0 0 -537 -502 6402
24.818 124 GUIDANCE_H_INT 0 0 0 0 2 17
24.862 124 ROTORCRAFT_TUNE_HOVER 56 -224 0 56 -224 0 0 -545 -504 6397
24.928 124 GUIDANCE_H_INT 0 0 0 0 2 17
24.944 124 LINK_REPORT 124 -1 25 0 15790 412 1 634. 20. 691 160.66
24.972 124 ROTORCRAFT_TUNE_HOVER 56 -224 0 56 -224 0 0 -554 -498 6406
25.038 124 GUIDANCE_H_INT 0 0 0 0 2 17
25.082 124 ROTORCRAFT_TUNE_HOVER 56 -224 0 56 -224 0 0 -550 -500 6396
25.148 124 GUIDANCE_H_INT 0 0 0 0 2 17
25.192 124 GUIDANCE_H_INT 0 0 0 0 2 17
25.258 124 ROTORCRAFT_TUNE_HOVER 56 -224 0 56 -224 0 0 -558 -498 6394
25.302 124 GUIDANCE_H_INT 0 0 0 0 2 17
25.346 124 GUIDANCE_H_INT 0 0 0 0 2 17
25.390 124 GUIDANCE_H_INT 0 0 0 0 2 17
25.435 124 GUIDANCE_H_INT 0 0 0 0 2 17
25.478 124 GUIDANCE_H_INT 0 0 0 0 2 17
25.523 124 GUIDANCE_H_INT 0 0 0 0 2 17
25.588 124 GUIDANCE_H_INT 0 0 0 0 2 17
25.588 124 PONG 
25.632 124 GUIDANCE_H_INT 0 0 0 0 2 17
25.654 124 DL_VALUE 31 204.
25.698 124 GUIDANCE_H_INT 0 0 0 0 2 17
25.742 124 GUIDANCE_H_INT 0 0 0 0 2 17
25.786 124 GUIDANCE_H_INT 0 0 0 0 2 17
25.830 124 GUIDANCE_H_INT 0 0 0 0 2 17
25.896 124 GUIDANCE_H_INT 0 0 0 0 2 17
25.940 124 GUIDANCE_H_INT 0 0 0 0 2 17
25.945 124 LINK_REPORT 124 -1 26 0 16437 434 1 647. 22. 722 154.09
25.984 124 GUIDANCE_H_INT 0 0 0 0 2 17
26.028 124 GUIDANCE_H_INT 0 0 0 0 2 17
26.072 124 GUIDANCE_H_INT 0 0 0 0 2 17
26.116 124 GUIDANCE_H_INT 0 0 0 0 2 17
26.182 124 ROTORCRAFT_TUNE_HOVER 56 -224 0 56 -224 0 0 -499 -476 6366
26.226 124 GUIDANCE_H_INT 0 0 0 0 2 17
26.270 124 ROTORCRAFT_STATUS 0 0 0 90 3 14 0 0 5 1 37 34
26.314 124 GUIDANCE_H_INT 0 0 0 0 2 17
26.380 124 ROTORCRAFT_TUNE_HOVER 56 -224 0 56 -224 0 0 -532 -476 6374
26.424 124 GUIDANCE_H_INT 0 0 0 0 2 17
26.468 124 GUIDANCE_H_INT 0 0 0 0 2 17
26.512 124 GUIDANCE_H_INT 0 0 0 0 2 17
26.578 124 ROTORCRAFT_TUNE_HOVER 56 -224 0 56 -224 0 0 -548 -490 6383
26.622 124 GUIDANCE_H_INT 0 0 0 0 2 17
26.688 124 GUIDANCE_H_INT 0 0 0 0 2 17
26.732 124 GUIDANCE_H_INT 0 0 0 0 2 17
26.798 124 ROTORCRAFT_TUNE_HOVER 56 -224 0 56 -224 0 0 -546 -488 6373
26.798 124 DL_VALUE 32 0.
26.842 124 GUIDANCE_H_INT 0 0 0 0 2 17
26.908 124 GUIDANCE_H_INT 0 0 0 0 2 17
26.945 124 LINK_REPORT 124 -1 27 0 17051 454 1 614. 20. 752 154.09
26.952 124 ROTORCRAFT_TUNE_HOVER 56 -224 0 56 -224 0 0 -551 -491 6379
27.018 124 GUIDANCE_H_INT 0 0 0 0 2 17
27.062 124 ROTORCRAFT_TUNE_HOVER 56 -224 0 56 -224 0 0 -561 -491 6384
27.128 124 GUIDANCE_H_INT 0 0 0 0 2 17
27.172 124 ROTORCRAFT_TUNE_HOVER 56 -224 0 56 -224 0 0 -572 -495 6392
27.238 124 GUIDANCE_H_INT 0 0 0 0 2 17
27.282 124 GUIDANCE_H_INT 0 0 0 0 2 17
27.326 124 GUIDANCE_H_INT 0 0 0 0 2 17
27.370 124 GUIDANCE_H_INT 0 0 0 0 2 17
27.414 124 GUIDANCE_H_INT 0 0 0 0 2 17
27.458 124 GUIDANCE_H_INT 0 0 0 0 2 17
27.502 124 ROTORCRAFT_STATUS 0 0 0 90 3 14 0 0 5 1 37 35
27.568 124 ROTORCRAFT_TUNE_HOVER 56 -224 0 56 -224 0 0 -570 -489 6389
27.612 124 GUIDANCE_H_INT 0 0 0 0 2 17
27.656 124 GUIDANCE_H_INT 0 0 0 0 2 17
27.700 124 GUIDANCE_H_INT 0 0 0 0 2 17
27.766 124 ROTORCRAFT_TUNE_HOVER 56 -224 0 56 -224 0 0 -583 -489 6395
27.810 124 GUIDANCE_H_INT 0 0 0 0 2 17
27.854 124 GUIDANCE_H_INT 0 0 0 0 2 17
27.876 124 DL_VALUE 33 0.
27.920 124 GUIDANCE_H_INT 0 0 0 0 2 17
27.946 124 LINK_REPORT 124 -1 28 0 17705 475 1 654. 21. 782 154.09
27.964 124 GUIDANCE_H_INT 0 0 0 0 2 17
28.030 124 GUIDANCE_H_INT 0 0 0 0 2 17
28.074 124 ROTORCRAFT_TUNE_HOVER 56 -224 0 56 -224 0 0 -583 -490 6385
28.140 124 GUIDANCE_H_INT 0 0 0 0 2 17
28.184 124 GUIDANCE_H_INT 0 0 0 0 2 17
28.228 124 GUIDANCE_H_INT 0 0 0 0 2 17
28.272 124 ALIVE 250,239,0,216,55,64,129,17,219,79,213,213,217,41,1,1
28.316 124 GUIDANCE_H_INT 0 0 0 0 2 17
28.382 124 ROTORCRAFT_TUNE_HOVER 56 -224 0 56 -224 0 0 -585 -490 6388
28.426 124 GUIDANCE_H_INT 0 0 0 0 2 17
28.492 124 ROTORCRAFT_TUNE_HOVER 56 -224 0 56 -224 0 0 -587 -497 6399
28.536 124 GUIDANCE_H_INT 0 0 0 0 2 17
28.580 124 GUIDANCE_H_INT 0 0 0 0 2 17
28.624 124 GUIDANCE_H_INT 0 0 0 0 2 17
28.668 124 GUIDANCE_H_INT 0 0 0 0 2 17
28.712 124 GUIDANCE_H_INT 0 0 0 0 2 17
28.756 124 GUIDANCE_H_INT 0 0 0 0 2 17
28.822 124 GUIDANCE_H_INT 0 0 0 0 2 17
28.866 124 ROTORCRAFT_TUNE_HOVER 56 -224 0 56 -224 0 0 -595 -497 6414
28.932 124 GUIDANCE_H_INT 0 0 0 0 2 17
28.946 124 LINK_REPORT 124 -1 29 0 18338 495 1 633. 20. 812 154.09
28.976 124 GUIDANCE_H_INT 0 0 0 0 2 17
28.976 124 DL_VALUE 34 0.
29.042 124 GUIDANCE_H_INT 0 0 0 0 2 17
29.086 124 GUIDANCE_H_INT 0 0 0 0 2 17
29.130 124 GUIDANCE_H_INT 0 0 0 0 2 17
29.174 124 GUIDANCE_H_INT 0 0 0 0 2 17
29.218 124 GUIDANCE_H_INT 0 0 0 0 2 17
29.262 124 GUIDANCE_H_INT 0 0 0 0 2 17
29.306 124 GUIDANCE_H_INT 0 0 0 0 2 17
29.372 124 GUIDANCE_H_INT 0 0 0 0 2 17
29.416 124 GUIDANCE_H_INT 0 0 0 0 2 17
29.460 124 GUIDANCE_H_INT 0 0 0 0 2 17
29.504 124 GUIDANCE_H_INT 0 0 0 0 2 17
29.548 124 GUIDANCE_H_INT 0 0 0 0 0 17
29.592 124 GUIDANCE_H_INT 0 0 0 0 0 17
29.658 124 ROTORCRAFT_TUNE_HOVER 56 -224 0 56 -224 0 0 -625 -489 6406
29.702 124 GUIDANCE_H_INT 0 0 0 0 0 17
29.768 124 ROTORCRAFT_TUNE_HOVER 56 -224 0 56 -224 0 0 -632 -500 6411
29.812 124 GUIDANCE_H_INT 0 0 0 0 2 17
29.856 124 GUIDANCE_H_INT 0 0 0 0 0 17
29.900 124 ROTORCRAFT_STATUS 0 0 0 91 3 14 0 0 5 1 37 37
29.947 124 LINK_REPORT 124 -1 30 0 18962 516 1 624. 21. 842 154.09
29.966 124 ROTORCRAFT_TUNE_HOVER 56 -224 0 56 -224 0 0 -642 -497 6416
30.010 124 GUIDANCE_H_INT 0 0 0 0 5 17
30.053 124 GUIDANCE_H_INT 0 0 0 0 5 17
30.076 124 DL_VALUE 35 0.
30.120 124 GUIDANCE_H_INT 0 0 0 0 5 17
30.164 124 GUIDANCE_H_INT 0 0 0 0 5 17
30.208 124 GUIDANCE_H_INT 0 0 0 0 5 17
30.274 124 GUIDANCE_H_INT 0 0 0 0 5 17
30.318 124 GUIDANCE_H_INT 0 0 0 0 5 17
30.340 124 ALIVE 250,239,0,216,55,64,129,17,219,79,213,213,217,41,1,1
30.406 124 GUIDANCE_H_INT 0 0 0 0 5 17
30.450 124 GUIDANCE_H_INT 0 0 0 0 5 17
30.494 124 GUIDANCE_H_INT 0 0 0 0 5 17
30.538 124 GUIDANCE_H_INT 0 0 0 0 5 17
30.582 124 GUIDANCE_H_INT 0 0 0 0 5 17
30.604 124 PONG 
30.648 124 GUIDANCE_H_INT 0 0 0 0 5 17
30.692 124 GUIDANCE_H_INT 0 0 0 0 2 17
30.736 124 GUIDANCE_H_INT 0 0 0 0 5 17
30.780 124 GUIDANCE_H_INT 0 0 0 0 5 17
30.824 124 GUIDANCE_H_INT 0 0 0 0 5 17
30.868 124 GUIDANCE_H_INT 0 0 0 0 5 17
30.934 124 GUIDANCE_H_INT 0 0 0 0 5 17
30.948 124 LINK_REPORT 124 -1 31 0 19612 539 1 650. 23. 873 168.82
30.978 124 GUIDANCE_H_INT 0 0 0 0 5 17
31.022 124 GUIDANCE_H_INT 0 0 0 0 5 17
31.066 124 GUIDANCE_H_INT 0 0 0 0 5 17
31.110 124 GUIDANCE_H_INT 0 0 0 0 5 17
31.154 124 GUIDANCE_H_INT 0 0 0 0 5 17
31.176 124 DL_VALUE 36 45.299999
31.220 124 GUIDANCE_H_INT 0 0 0 0 5 17
31.264 124 GUIDANCE_H_INT 0 0 0 0 5 17
31.308 124 GUIDANCE_H_INT 0 0 0 0 5 17
31.374 124 GUIDANCE_H_INT 0 0 0 0 5 17
31.418 124 GUIDANCE_H_INT 0 0 0 0 5 17
31.462 124 GUIDANCE_H_INT 0 0 0 0 5 17
31.506 124 GUIDANCE_H_INT 0 0 0 0 5 17
31.550 124 GUIDANCE_H_INT 0 0 0 0 5 17
31.594 124 GUIDANCE_H_INT 0 0 0 0 5 17
31.660 124 ROTORCRAFT_TUNE_HOVER 56 -224 0 56 -224 0 0 -643 -491 6406
31.704 124 GUIDANCE_H_INT 0 0 0 0 5 17
31.748 124 GUIDANCE_H_INT 0 0 0 0 5 17
31.814 124 GUIDANCE_H_INT 0 0 0 0 5 17
31.858 124 ROTORCRAFT_TUNE_HOVER 56 -224 0 56 -224 0 0 -659 -492 6407
31.901 124 WIND_INFO 124 42 0. 0. 0.
31.924 124 GUIDANCE_H_INT 0 0 0 0 5 17
31.949 124 LINK_REPORT 124 -1 32 0 20243 560 1 631. 21. 904 168.82
31.968 124 GUIDANCE_H_INT 0 0 0 0 5 17
32.012 124 GUIDANCE_H_INT 0 0 0 0 5 17
32.056 124 GUIDANCE_H_INT 0 0 0 0 5 17
32.100 124 GUIDANCE_H_INT 0 0 0 0 5 17
32.144 124 GUIDANCE_H_INT 0 0 0 0 5 17
32.188 124 GUIDANCE_H_INT 0 0 0 0 5 17
32.254 124 ROTORCRAFT_TUNE_HOVER 56 -224 0 56 -224 0 0 -666 -482 6404
32.298 124 ROTORCRAFT_STATUS 0 0 0 92 3 14 0 0 5 1 37 40
32.342 124 GUIDANCE_H_INT 0 0 0 0 5 17
32.386 124 GUIDANCE_H_INT 0 0 0 0 5 17
32.452 124 ROTORCRAFT_TUNE_HOVER 56 -224 0 56 -224 0 0 -682 -484 6417
32.496 124 ALIVE 250,239,0,216,55,64,129,17,219,79,213,213,217,41,1,1
32.540 124 GUIDANCE_H_INT 0 0 0 0 5 17
32.584 124 GUIDANCE_H_INT 0 0 0 0 5 17
32.650 124 ROTORCRAFT_TUNE_HOVER 56 -224 0 56 -224 0 0 -677 -491 6413
32.693 124 GUIDANCE_H_INT 0 0 0 0 5 17
32.738 124 GUIDANCE_H_INT 0 0 0 0 5 17
32.782 124 GUIDANCE_H_INT 0 0 0 0 5 17
32.826 124 GUIDANCE_H_INT 0 0 0 0 5 17
32.892 124 GUIDANCE_H_INT 0 0 0 0 5 17
32.936 124 GUIDANCE_H_INT 0 0 0 0 5 17
32.949 124 LINK_REPORT 124 -1 33 0 20889 581 1 646. 21. 934 168.82
32.980 124 GUIDANCE_H_INT 0 0 0 0 5 17
33.024 124 GUIDANCE_H_INT 0 0 0 0 5 17
33.068 124 GUIDANCE_H_INT 0 0 0 0 5 17
33.112 124 GUIDANCE_H_INT 0 0 0 0 5 17
33.156 124 GUIDANCE_H_INT 0 0 0 0 5 17
33.222 124 GUIDANCE_H_INT 0 0 0 0 5 17
33.266 124 GUIDANCE_H_INT 0 0 0 0 5 17
33.310 124 GUIDANCE_H_INT 0 0 0 0 5 17
33.354 124 GUIDANCE_H_INT 0 0 0 0 5 17
33.376 124 DL_VALUE 38 5.
33.419 124 GUIDANCE_H_INT 0 0 0 0 5 17
33.464 124 GUIDANCE_H_INT 0 0 0 0 5 17
33.508 124 GUIDANCE_H_INT 0 0 0 0 5 17
33.552 124 GUIDANCE_H_INT 0 0 0 0 5 17
33.618 124 GUIDANCE_H_INT 0 0 0 0 5 17
33.661 124 GUIDANCE_H_INT 0 0 0 0 5 17
33.706 124 GUIDANCE_H_INT 0 0 0 0 5 17
33.750 124 GUIDANCE_H_INT 0 0 0 0 5 17
33.793 124 GUIDANCE_H_INT 0 0 0 0 5 17
33.838 124 GUIDANCE_H_INT 0 0 0 0 5 17
33.882 124 GUIDANCE_H_INT 0 0 0 0 5 17
33.948 124 ROTORCRAFT_TUNE_HOVER 56 -224 0 56 -224 0 0 -678 -475 6408
33.950 124 LINK_REPORT 124 -1 34 0 21540 603 1 651. 22. 964 168.82
33.992 124 GUIDANCE_H_INT 0 0 0 0 5 17
34.057 124 GUIDANCE_H_INT 0 0 0 0 5 17
34.101 124 GUIDANCE_H_INT 0 0 0 0 5 17
34.168 124 ROTORCRAFT_TUNE_HOVER 56 -224 0 56 -224 0 0 -683 -480 6406
34.211 124 GUIDANCE_H_INT 0 0 0 0 5 17
34.255 124 GUIDANCE_H_INT 0 0 0 0 5 17
34.300 124 GUIDANCE_H_INT 0 0 0 0 5 17
34.343 124 GUIDANCE_H_INT 0 0 0 0 5 17
34.388 124 GUIDANCE_H_INT 0 0 0 0 5 17
34.431 124 GUIDANCE_H_INT 0 0 0 0 5 17
34.453 124 DL_VALUE 39 0.5
34.497 124 GUIDANCE_H_INT 0 0 0 0 5 17
34.542 124 GUIDANCE_H_INT 0 0 0 0 5 17
34.586 124 ALIVE 250,239,0,216,55,64,129,17,219,79,213,213,217,41,1,1
34.629 124 GUIDANCE_H_INT 0 0 0 0 5 17
34.673 124 ROTORCRAFT_STATUS 0 0 0 90 3 14 0 0 5 1 37 42
34.740 124 ROTORCRAFT_TUNE_HOVER 56 -224 0 56 -224 0 0 -640 -470 6386
34.783 124 GUIDANCE_H_INT 0 0 0 0 5 17
34.828 124 GUIDANCE_H_INT 0 0 0 0 5 17
34.872 124 GUIDANCE_H_INT 0 0 0 0 5 17
34.937 124 ROTORCRAFT_TUNE_HOVER 56 -224 0 56 -224 0 0 -644 -469 6379
34.951 124 LINK_REPORT 124 -1 35 0 22167 624 1 627. 21. 994 168.82
34.982 124 GUIDANCE_H_INT 0 0 0 0 5 17
35.049 124 ROTORCRAFT_TUNE_HOVER 56 -224 0 56 -224 0 0 -643 -460 6383
35.091 124 GUIDANCE_H_INT 0 0 0 0 5 17
35.136 124 GUIDANCE_H_INT 0 0 0 0 5 17
35.179 124 GUIDANCE_H_INT 0 0 0 0 5 17
35.246 124 ROTORCRAFT_TUNE_HOVER 56 -224 0 56 -224 0 0 -664 -457 6384
35.289 124 GUIDANCE_H_INT 0 0 0 0 5 17
35.355 124 GUIDANCE_H_INT 0 0 0 0 5 17
35.399 124 GUIDANCE_H_INT 0 0 0 0 5 17
35.443 124 GUIDANCE_H_INT 0 0 0 0 5 17
35.488 124 GUIDANCE_H_INT 0 0 0 0 5 17
35.531 124 GUIDANCE_H_INT 0 0 0 0 5 17
35.553 124 DL_VALUE 40 -0.8
35.597 124 GUIDANCE_H_INT 0 0 0 0 5 17
35.619 124 PONG 
35.663 124 GUIDANCE_H_INT 0 0 0 0 5 17
35.708 124 GUIDANCE_H_INT 0 0 0 0 5 17
35.752 124 GUIDANCE_H_INT 0 0 0 0 5 17
35.796 124 GUIDANCE_H_INT 0 0 0 0 5 17
35.839 124 GUIDANCE_H_INT 0 0 0 0 5 17
35.884 124 ROTORCRAFT_STATUS 0 0 0 91 3 14 0 0 5 1 37 43
35.927 124 GUIDANCE_H_INT 0 0 0 0 5 17
35.952 124 LINK_REPORT 124 -1 36 0 22797 646 1 630. 22. 1025 183.9
35.972 124 GUIDANCE_H_INT 0 0 0 0 5 17
36.015 124 GUIDANCE_H_INT 0 0 0 0 5 17
36.059 124 GUIDANCE_H_INT 0 0 0 0 5 17
36.125 124 GUIDANCE_H_INT 0 0 0 0 5 17
36.169 124 GUIDANCE_H_INT 0 0 0 0 5 17
36.213 124 GUIDANCE_H_INT 0 0 0 0 5 17
36.257 124 GUIDANCE_H_INT 0 0 0 0 5 17
36.301 124 GUIDANCE_H_INT 0 0 0 0 5 17
36.345 124 GUIDANCE_H_INT 0 0 0 0 5 17
36.389 124 GUIDANCE_H_INT 0 0 0 0 5 17
36.455 124 GUIDANCE_H_INT 0 0 0 0 5 17
36.499 124 GUIDANCE_H_INT 0 0 0 0 5 17
36.544 124 GUIDANCE_H_INT 0 0 0 0 5 17
36.588 124 GUIDANCE_H_INT 0 0 0 0 5 17
36.631 124 GUIDANCE_H_INT 0 0 0 0 5 17
36.653 124 DL_VALUE 41 400.
36.697 124 ALIVE 250,239,0,216,55,64,129,17,219,79,213,213,217,41,1,1
36.742 124 ROTORCRAFT_TUNE_HOVER 56 -224 0 56 -224 0 0 -680 -449 6403
36.808 124 GUIDANCE_H_INT 0 0 0 0 5 17
36.851 124 GUIDANCE_H_INT 0 0 0 0 5 17
36.895 124 GUIDANCE_H_INT 0 0 0 0 5 17
36.939 124 GUIDANCE_H_INT 0 0 0 0 5 17
36.952 124 LINK_REPORT 124 -1 37 0 23441 668 1 644. 22. 1055 183.9
36.983 124 GUIDANCE_H_INT 0 0 0 0 5 17
37.027 124 GUIDANCE_H_INT 0 0 0 0 5 17
37.071 124 ROTORCRAFT_STATUS 0 0 0 90 3 14 0 0 5 1 37 45
37.138 124 ROTORCRAFT_TUNE_HOVER 56 -224 0 56 -224 0 0 -710 -454 6424
37.181 124 GUIDANCE_H_INT 0 0 0 0 5 17
37.226 124 GUIDANCE_H_INT 0 0 0 0 5 17
37.269 124 GUIDANCE_H_INT 0 0 0 0 5 17
37.336 124 ROTORCRAFT_TUNE_HOVER 56 -224 0 56 -224 0 0 -705 -458 6428
37.380 124 GUIDANCE_H_INT 0 0 0 0 5 17
37.423 124 GUIDANCE_H_INT 0 0 0 0 5 17
37.489 124 GUIDANCE_H_INT 0 0 0 0 5 17
37.534 124 ROTORCRAFT_TUNE_HOVER 56 -224 0 56 -224 0 0 -703 -457 6421
37.599 124 GUIDANCE_H_INT 0 0 0 0 5 17
37.643 124 GUIDANCE_H_INT 0 0 0 0 5 17
37.709 124 ROTORCRAFT_TUNE_HOVER 56 -224 0 56 -224 0 0 -651 -439 6384
37.753 124 GUIDANCE_H_INT 0 0 0 0 5 17
37.754 124 DL_VALUE 42 400.
37.819 124 GUIDANCE_H_INT 0 0 0 0 5 17
37.863 124 GUIDANCE_H_INT 0 0 0 0 5 17
37.907 124 GUIDANCE_H_INT 0 0 0 0 5 15
37.951 124 GUIDANCE_H_INT 0 0 0 0 5 15
37.953 124 LINK_REPORT 124 -1 38 0 24085 689 1 644. 21. 1085 183.9
37.995 124 GUIDANCE_H_INT 0 0 0 0 5 15
38.039 124 GUIDANCE_H_INT 0 0 0 0 5 15
38.105 124 INS_REF 392433223 30036229 500219726 519906294 43767966 45555 370 0.
38.149 124 GUIDANCE_H_INT 0 0 0 0 5 15
38.193 124 GUIDANCE_H_INT 0 0 0 0 5 15
38.237 124 GUIDANCE_H_INT 0 0 0 0 5 15
38.281 124 ROTORCRAFT_STATUS 0 0 0 90 3 14 0 0 5 1 37 46
38.325 124 GUIDANCE_H_INT 0 0 0 0 7 15
38.369 124 GUIDANCE_H_INT 0 0 0 0 7 15
38.435 124 GUIDANCE_H_INT 0 0 0 0 7 15
38.480 124 GUIDANCE_H_INT 0 0 0 0 5 15
38.545 124 ROTORCRAFT_TUNE_HOVER 56 -224 0 56 -224 0 0 -613 -407 6356
38.589 124 GUIDANCE_H_INT 0 0 0 0 5 15
38.655 124 ROTORCRAFT_TUNE_HOVER 56 -224 0 56 -224 0 0 -628 -425 6360
38.699 124 GUIDANCE_H_INT 0 0 0 0 7 15
38.743 124 GUIDANCE_H_INT 0 0 0 0 7 15
38.765 124 ALIVE 250,239,0,216,55,64,129,17,219,79,213,213,217,41,1,1
38.831 124 ROTORCRAFT_TUNE_HOVER 56 -224 0 56 -224 0 0 -606 -436 6367
38.853 124 DL_VALUE 43 418.
38.897 124 GUIDANCE_H_INT 0 0 0 0 5 15
38.941 124 GUIDANCE_H_INT 0 0 0 0 5 15
38.954 124 LINK_REPORT 124 -1 39 0 24720 710 1 635. 21. 1115 183.9
39.007 124 GUIDANCE_H_INT 0 0 0 0 5 15
39.053 124 GUIDANCE_H_INT 0 0 0 0 5 15
39.095 124 GUIDANCE_H_INT 0 0 0 0 7 15
39.139 124 GUIDANCE_H_INT 0 0 0 0 7 15
39.183 124 GUIDANCE_H_INT 0 0 0 0 7 15
39.228 124 GUIDANCE_H_INT 0 0 0 0 7 15
39.271 124 GUIDANCE_H_INT 0 0 0 0 7 15
39.337 124 GUIDANCE_H_INT 0 0 0 0 7 15
39.381 124 GUIDANCE_H_INT 0 0 0 0 7 15
39.447 124 ROTORCRAFT_TUNE_HOVER 56 -224 0 56 -224 0 0 -642 -434 6371
39.491 124 GUIDANCE_H_INT 0 0 0 0 7 15
39.535 124 GUIDANCE_H_INT 0 0 0 0 7 15
39.579 124 GUIDANCE_H_INT 0 0 0 0 7 15
39.623 124 GUIDANCE_H_INT 0 0 0 0 7 15
39.668 124 GUIDANCE_H_INT 0 0 0 0 7 15
39.711 124 GUIDANCE_H_INT 0 0 0 0 7 15
39.777 124 GUIDANCE_H_INT 0 0 0 0 7 15
39.822 124 ROTORCRAFT_TUNE_HOVER 56 -224 0 56 -224 0 0 -640 -438 6364
39.887 124 GUIDANCE_H_INT 0 0 0 0 7 15
39.954 124 LINK_REPORT 124 -1 40 0 25310 729 1 590. 19. 1145 183.9
39.997 124 DL_VALUE 44 301.
40.041 124 GUIDANCE_H_INT 0 0 0 0 7 15
40.107 124 ROTORCRAFT_TUNE_HOVER 56 -224 0 56 -224 0 0 -634 -440 6366
40.151 124 GUIDANCE_H_INT 0 0 0 0 7 15
40.218 124 ROTORCRAFT_TUNE_HOVER 56 -224 0 56 -224 0 0 -625 -433 6367
40.261 124 GUIDANCE_H_INT 0 0 0 0 7 15
40.305 124 GUIDANCE_H_INT 0 0 0 0 7 15
40.349 124 GUIDANCE_H_INT 0 0 0 0 7 15
40.393 124 GUIDANCE_H_INT 0 0 0 0 7 15
40.437 124 GUIDANCE_H_INT 0 0 0 0 7 15
40.481 124 GUIDANCE_H_INT 0 0 0 0 7 15
40.547 124 GUIDANCE_H_INT 0 0 0 0 7 15
40.591 124 GUIDANCE_H_INT 0 0 0 0 5 15
40.591 124 PONG 
40.635 124 GUIDANCE_H_INT 0 0 0 0 5 15
40.679 124 ROTORCRAFT_STATUS 0 0 0 91 3 14 0 0 5 1 37 48
40.723 124 GUIDANCE_H_INT 0 0 0 0 5 17
40.768 124 GUIDANCE_H_INT 0 0 0 0 5 17
40.811 124 GUIDANCE_H_INT 0 0 0 0 5 17
40.855 124 ALIVE 250,239,0,216,55,64,129,17,219,79,213,213,217,41,1,1
40.899 124 GUIDANCE_H_INT 0 0 0 0 5 17
40.943 124 GUIDANCE_H_INT 0 0 0 0 5 17
40.955 124 LINK_REPORT 124 -1 41 0 25933 751 2 623. 22. 1176 155.19
40.987 124 GUIDANCE_H_INT 0 0 0 0 5 17
41.053 124 GUIDANCE_H_INT 0 0 0 0 5 17
41.057 124 DL_VALUE 45 302.
41.119 124 GUIDANCE_H_INT 0 0 0 0 5 17
41.163 124 GUIDANCE_H_INT 0 0 0 0 5 17
41.229 124 ROTORCRAFT_TUNE_HOVER 56 -224 0 56 -224 0 0 -564 -380 6581
41.273 124 GUIDANCE_H_INT 0 0 0 0 5 17
41.340 124 ROTORCRAFT_TUNE_HOVER 56 -224 0 56 -224 0 0 -569 -385 6564
41.383 124 GUIDANCE_H_INT 0 0 0 0 5 17
41.427 124 GUIDANCE_H_INT 0 0 0 0 5 17
41.471 124 GUIDANCE_H_INT 0 0 0 0 5 17
41.515 124 GUIDANCE_H_INT 0 0 0 0 5 17
41.559 124 GUIDANCE_H_INT 0 0 0 0 5 17
41.603 124 GUIDANCE_H_INT 0 0 0 0 5 17
41.669 124 GUIDANCE_H_INT 0 0 0 0 5 17
41.713 124 ROTORCRAFT_TUNE_HOVER 56 -224 0 56 -224 0 0 -549 -398 6556
41.779 124 GUIDANCE_H_INT 0 0 0 0 5 17
41.823 124 GUIDANCE_H_INT 0 0 0 0 5 17
41.867 124 GUIDANCE_H_INT 0 0 0 0 5 17
41.889 124 ROTORCRAFT_STATUS 0 0 0 90 3 14 0 0 5 1 37 49
41.902 124 WIND_INFO 124 42 0. 0. 0.
41.955 124 GUIDANCE_H_INT 0 0 0 0 5 17
41.955 124 LINK_REPORT 124 -1 42 0 26567 772 2 634. 21. 1207 155.19
41.999 124 ROTORCRAFT_TUNE_HOVER 56 -224 0 56 -224 0 0 -463 -457 6555
42.065 124 GUIDANCE_H_INT 0 0 0 0 5 17
42.109 124 ROTORCRAFT_TUNE_HOVER 56 -224 0 56 -224 0 0 -409 -449 6561
42.175 124 GUIDANCE_H_INT 0 0 0 0 2 17
42.175 124 DL_VALUE 46 303.
42.241 124 GUIDANCE_H_INT 0 0 0 0 2 17
42.285 124 ROTORCRAFT_TUNE_HOVER 56 -224 0 56 -224 0 0 -363 -488 6563
42.351 124 GUIDANCE_H_INT 0 0 0 0 2 17
42.395 124 ROTORCRAFT_TUNE_HOVER 56 -224 0 56 -224 0 0 -361 -463 6573
42.461 124 GUIDANCE_H_INT 0 0 0 0 2 17
42.505 124 ROTORCRAFT_TUNE_HOVER 56 -224 0 56 -224 0 0 -372 -440 6553
42.571 124 GUIDANCE_H_INT 0 0 0 0 2 17
42.615 124 ROTORCRAFT_TUNE_HOVER 56 -224 0 56 -224 0 0 -361 -455 6561
42.681 124 GUIDANCE_H_INT 0 0 0 0 2 17
42.725 124 GUIDANCE_H_INT 0 0 0 0 2 17
42.769 124 GUIDANCE_H_INT 0 0 0 0 2 17
42.813 124 GUIDANCE_H_INT 0 0 0 0 0 17
42.857 124 GUIDANCE_H_INT 0 0 0 0 0 17
42.901 124 GUIDANCE_H_INT 0 0 0 0 0 17
42.945 124 ALIVE 250,239,0,216,55,64,129,17,219,79,213,213,217,41,1,1
42.956 124 LINK_REPORT 124 -1 43 0 27201 792 2 634. 20. 1237 155.19
42.989 124 GUIDANCE_H_INT 0 0 0 0 0 17
43.033 124 GUIDANCE_H_INT 0 0 0 0 0 17
43.077 124 ROTORCRAFT_STATUS 0 0 0 92 3 14 0 0 5 1 37 51
43.121 124 GUIDANCE_H_INT 0 0 0 0 2 17
43.165 124 GUIDANCE_H_INT 0 0 0 0 2 17
43.209 124 GUIDANCE_H_INT 0 0 0 0 2 17
43.253 124 GUIDANCE_H_INT 0 0 0 0 2 17
43.275 124 DL_VALUE 47 0.
43.319 124 GUIDANCE_H_INT 0 0 0 0 2 17
43.363 124 GUIDANCE_H_INT 0 0 0 0 2 17
43.429 124 GUIDANCE_H_INT 0 0 0 0 2 17
43.473 124 GUIDANCE_H_INT 0 0 0 0 2 17
43.517 124 GUIDANCE_H_INT 0 0 0 0 2 20
43.562 124 GUIDANCE_H_INT 0 0 0 0 -2 20
43.605 124 GUIDANCE_H_INT 0 0 0 0 -2 20
43.649 124 GUIDANCE_H_INT 0 0 0 0 -2 20
43.693 124 GUIDANCE_H_INT 0 0 0 0 0 17
43.759 124 GUIDANCE_H_INT 0 0 0 0 2 17
43.803 124 ROTORCRAFT_TUNE_HOVER 56 -224 0 56 -224 0 0 -399 -357 6557
43.869 124 GUIDANCE_H_INT 0 0 0 0 2 17
43.913 124 ROTORCRAFT_TUNE_HOVER 56 -224 0 56 -224 0 0 -378 -347 6558
43.957 124 LINK_REPORT 124 -1 44 0 27825 813 2 624. 21. 1266 155.19
43.979 124 GUIDANCE_H_INT 0 0 0 0 2 17
44.023 124 GUIDANCE_H_INT 0 0 0 0 2 17
44.067 124 GUIDANCE_H_INT 0 0 0 0 2 17
44.111 124 GUIDANCE_H_INT 0 0 0 0 2 17
44.155 124 GUIDANCE_H_INT 0 0 0 0 2 17
44.199 124 GUIDANCE_H_INT 0 0 0 0 2 17
44.243 124 GUIDANCE_H_INT 0 0 0 0 2 17
44.287 124 ROTORCRAFT_STATUS 0 0 0 90 3 14 0 0 5 1 37 52
44.331 124 GUIDANCE_H_INT 0 0 0 0 2 17
44.353 124 DL_VALUE 48 0.
44.397 124 GUIDANCE_H_INT 0 0 0 0 2 17
44.441 124 GUIDANCE_H_INT 0 0 0 0 2 17
44.507 124 ROTORCRAFT_TUNE_HOVER 56 -224 0 56 -224 0 0 -332 -359 6513
44.551 124 GUIDANCE_H_INT 0 0 0 0 2 17
44.595 124 GUIDANCE_H_INT 0 0 0 0 2 17
44.661 124 GUIDANCE_H_INT 0 0 0 0 2 17
44.705 124 ROTORCRAFT_TUNE_HOVER 56 -224 0 56 -224 0 0 -326 -394 6614
44.771 124 ROTORCRAFT_TUNE_HOVER 56 -224 0 56 -224 0 0 -277 -348 6606
44.815 124 GUIDANCE_H_INT 0 0 0 0 2 17
44.881 124 ROTORCRAFT_TUNE_HOVER 56 -224 0 56 -224 0 0 -281 -369 6569
44.925 124 GUIDANCE_H_INT 0 0 0 0 2 17
44.957 124 LINK_REPORT 124 -1 45 0 28469 834 2 644. 21. 1296 155.19
44.991 124 ROTORCRAFT_TUNE_HOVER 56 -224 0 56 -224 0 0 -295 -365 6590
45.035 124 GUIDANCE_H_INT 0 0 0 0 2 17
45.101 124 ROTORCRAFT_TUNE_HOVER 56 -224 0 56 -224 0 0 -318 -331 6560
45.145 124 GUIDANCE_H_INT 0 0 0 0 2 17
45.211 124 GUIDANCE_H_INT 0 0 0 0 0 15
45.255 124 GUIDANCE_H_INT 0 0 0 0 0 15
45.299 124 GUIDANCE_H_INT 0 0 0 0 0 15
45.343 124 GUIDANCE_H_INT 0 0 0 0 0 15
45.387 124 GUIDANCE_H_INT 0 0 0 0 0 15
45.431 124 ROTORCRAFT_STATUS 0 0 0 90 3 14 0 0 5 1 37 53
45.475 124 GUIDANCE_H_INT 0 0 0 0 0 15
45.497 124 DL_VALUE 49 0.
45.541 124 GUIDANCE_H_INT 0 0 0 0 0 15
45.585 124 GUIDANCE_H_INT 0 0 0 0 0 15
45.629 124 GUIDANCE_H_INT 0 0 0 0 0 15
45.651 124 PONG 
45.695 124 GUIDANCE_H_INT 0 0 0 0 0 15
45.739 124 GUIDANCE_H_INT 0 0 0 0 0 15
45.783 124 GUIDANCE_H_INT 0 0 0 0 0 15
45.827 124 GUIDANCE_H_INT 0 0 0 0 0 15
45.871 124 GUIDANCE_H_INT 0 0 0 0 2 15
45.915 124 GUIDANCE_H_INT 0 0 0 0 2 15
45.957 124 LINK_REPORT 124 -1 46 0 29099 856 2 630. 22. 1327 213.5
45.981 124 GUIDANCE_H_INT 0 0 0 0 2 15
46.025 124 GUIDANCE_H_INT 0 0 0 0 0 15
46.069 124 GUIDANCE_H_INT 0 0 0 0 0 15
46.113 124 GUIDANCE_H_INT 0 0 0 0 0 15
46.157 124 GUIDANCE_H_INT 0 0 0 0 0 15
46.201 124 GUIDANCE_H_INT 0 0 0 0 0 15
46.245 124 GUIDANCE_H_INT 0 0 0 0 2 15
46.311 124 GUIDANCE_H_INT 0 0 0 0 5 15
46.355 124 GUIDANCE_H_INT 0 0 0 0 5 15
46.399 124 GUIDANCE_H_INT 0 0 0 0 5 15
46.443 124 GUIDANCE_H_INT 0 0 0 0 5 15
46.487 124 GUIDANCE_H_INT 0 0 0 0 5 15
46.531 124 GUIDANCE_H_INT 0 0 0 0 2 15
46.597 124 ROTORCRAFT_TUNE_HOVER 56 -224 0 56 -224 0 0 -367 -277 6501
46.641 124 GUIDANCE_H_INT 0 0 0 0 2 15
46.685 124 ROTORCRAFT_STATUS 0 0 0 91 3 14 0 0 5 1 37 54
46.729 124 GUIDANCE_H_INT 0 0 0 0 2 15
46.795 124 ROTORCRAFT_TUNE_HOVER 56 -224 0 56 -224 0 0 -374 -270 6510
46.839 124 GUIDANCE_H_INT 0 0 0 0 2 15
46.883 124 GUIDANCE_H_INT 0 0 0 0 2 15
46.927 124 GUIDANCE_H_INT 0 0 0 0 0 15
46.958 124 LINK_REPORT 124 -1 47 0 29742 877 2 643. 21. 1357 213.5
46.993 124 ROTORCRAFT_TUNE_HOVER 56 -224 0 56 -224 0 0 -370 -285 6523
47.037 124 GUIDANCE_H_INT 0 0 0 0 0 15
47.103 124 GUIDANCE_H_INT 0 0 0 0 0 15
47.147 124 GUIDANCE_H_INT 0 0 0 0 0 15
47.213 124 ROTORCRAFT_TUNE_HOVER 56 -224 0 56 -224 0 0 -400 -268 6524
47.257 124 GUIDANCE_H_INT 0 0 0 0 2 15
47.301 124 GUIDANCE_H_INT 0 0 0 0 2 15
47.345 124 GUIDANCE_H_INT 0 0 0 0 2 15
47.389 124 GUIDANCE_H_INT 0 0 0 0 5 15
47.433 124 GUIDANCE_H_INT 0 0 0 0 5 15
47.499 124 ROTORCRAFT_TUNE_HOVER 56 -224 0 56 -224 0 0 -419 -284 6534
47.543 124 GUIDANCE_H_INT 0 0 0 0 5 15
47.587 124 GUIDANCE_H_INT 0 0 0 0 5 15
47.653 124 GUIDANCE_H_INT 0 0 0 0 5 15
47.697 124 ROTORCRAFT_TUNE_HOVER 56 -224 0 56 -224 0 0 -393 -279 6532
47.763 124 GUIDANCE_H_INT 0 0 0 0 5 15
47.807 124 GUIDANCE_H_INT 0 0 0 0 5 15
47.851 124 GUIDANCE_H_INT 0 0 0 0 5 15
47.873 124 ROTORCRAFT_STATUS 0 0 0 90 3 14 0 0 5 1 37 55
47.939 124 GUIDANCE_H_INT 0 0 0 0 5 15
47.958 124 LINK_REPORT 124 -1 48 0 30375 897 2 633. 20. 1387 213.5
47.983 124 GUIDANCE_H_INT 0 0 0 0 5 15
48.027 124 GUIDANCE_H_INT 0 0 0 0 5 15
48.071 124 GUIDANCE_H_INT 0 0 0 0 5 15
48.115 124 GUIDANCE_H_INT 0 0 0 0 5 15
48.159 124 GUIDANCE_H_INT 0 0 0 0 5 15
48.203 124 GUIDANCE_H_INT 0 0 0 0 2 15
48.269 124 GUIDANCE_H_INT 0 0 0 0 2 15
48.313 124 INS_REF 392433223 30036229 500219726 519906294 43767966 45555 370 0.
48.357 124 GUIDANCE_H_INT 0 0 0 0 2 15
48.423 124 GUIDANCE_H_INT 0 0 0 0 2 15
48.467 124 GUIDANCE_H_INT 0 0 0 0 2 15
48.511 124 GUIDANCE_H_INT 0 0 0 0 2 15
48.555 124 GUIDANCE_H_INT 0 0 0 0 2 15
48.599 124 GUIDANCE_H_INT 0 0 0 0 2 15
48.643 124 GUIDANCE_H_INT 0 0 0 0 2 15
48.687 124 GUIDANCE_H_INT 0 0 0 0 2 15
48.753 124 GUIDANCE_H_INT 0 0 0 0 5 15
48.753 124 DL_VALUE 52 7.
48.819 124 GUIDANCE_H_INT 0 0 0 0 5 15
48.863 124 GUIDANCE_H_INT 0 0 0 0 5 15
48.907 124 GUIDANCE_H_INT 0 0 0 0 5 15
48.951 124 GUIDANCE_H_INT 0 0 0 0 5 15
48.959 124 LINK_REPORT 124 -1 49 0 31024 919 2 649. 22. 1417 213.5
48.995 124 GUIDANCE_H_INT 0 0 0 0 5 15
49.039 124 GUIDANCE_H_INT 0 0 0 0 5 15
49.084 124 ROTORCRAFT_STATUS 0 0 0 90 3 14 0 0 5 1 37 57
49.127 124 GUIDANCE_H_INT 0 0 0 0 2 15
49.193 124 ROTORCRAFT_TUNE_HOVER 56 -224 0 56 -224 0 0 -327 -303 6536
49.237 124 GUIDANCE_H_INT 0 0 0 0 2 15
49.281 124 ALIVE 250,239,0,216,55,64,129,17,219,79,213,213,217,41,1,1
49.325 124 GUIDANCE_H_INT 0 0 0 0 5 15
49.391 124 ROTORCRAFT_TUNE_HOVER 56 -224 0 56 -224 0 0 -347 -307 6550
49.435 124 GUIDANCE_H_INT 0 0 0 0 5 15
49.479 124 GUIDANCE_H_INT 0 0 0 0 5 15
49.523 124 GUIDANCE_H_INT 0 0 0 0 5 15
49.589 124 ROTORCRAFT_TUNE_HOVER 56 -224 0 56 -224 0 0 -311 -298 6514
49.633 124 GUIDANCE_H_INT 0 0 0 0 5 15
49.677 124 GUIDANCE_H_INT 0 0 0 0 5 15
49.721 124 GUIDANCE_H_INT 0 0 0 0 5 15
49.787 124 ROTORCRAFT_TUNE_HOVER 56 -224 0 56 -224 0 0 -333 -306 6555
49.831 124 GUIDANCE_H_INT 0 0 0 0 5 15
49.897 124 GUIDANCE_H_INT 0 0 0 0 5 15
49.897 124 DL_VALUE 53 1.
49.941 124 GUIDANCE_H_INT 0 0 0 0 5 15
49.959 124 LINK_REPORT 124 -1 50 0 31661 940 2 637. 21. 1447 213.5
50.007 124 GUIDANCE_H_INT 0 0 0 0 5 15
50.051 124 ROTORCRAFT_TUNE_HOVER 56 -224 0 56 -224 0 0 -324 -320 6546
50.117 124 GUIDANCE_H_INT 0 0 0 0 5 15
50.161 124 ROTORCRAFT_TUNE_HOVER 56 -224 0 56 -224 0 0 -341 -312 6516
50.226 124 GUIDANCE_H_INT 0 0 0 0 5 15
50.271 124 GUIDANCE_H_INT 0 0 0 0 5 15
50.293 124 ROTORCRAFT_STATUS 0 0 0 92 3 14 0 0 5 1 37 58
50.359 124 GUIDANCE_H_INT 0 0 0 0 5 15
50.403 124 GUIDANCE_H_INT 0 0 0 0 5 15
50.447 124 GUIDANCE_H_INT 0 0 0 0 5 15
50.491 124 GUIDANCE_H_INT 0 0 0 0 5 15
50.535 124 GUIDANCE_H_INT 0 0 0 0 5 15
50.579 124 GUIDANCE_H_INT 0 0 0 0 5 15
50.601 124 PONG 
50.645 124 GUIDANCE_H_INT 0 0 0 0 5 15
50.689 124 GUIDANCE_H_INT 0 0 0 0 7 15
50.732 124 GUIDANCE_H_INT 0 0 0 0 7 15
50.777 124 GUIDANCE_H_INT 0 0 0 0 7 15
50.820 124 GUIDANCE_H_INT 0 0 0 0 7 15
50.887 124 GUIDANCE_H_INT 0 0 0 0 7 15
50.931 124 GUIDANCE_H_INT 0 0 0 0 7 15
50.960 124 LINK_REPORT 124 -1 51 0 32280 961 2 619. 21. 1478 162.51
50.997 124 ROTORCRAFT_TUNE_HOVER 56 -224 0 56 -224 0 0 -385 -354 6568
50.997 124 DL_VALUE 54 1.
51.041 124 GUIDANCE_H_INT 0 0 0 0 7 15
51.107 124 GUIDANCE_H_INT 0 0 0 0 7 15
51.150 124 GUIDANCE_H_INT 0 0 0 0 7 15
51.195 124 GUIDANCE_H_INT 0 0 0 0 7 15
51.238 124 GUIDANCE_H_INT 0 0 0 0 7 15
51.283 124 GUIDANCE_H_INT 0 0 0 0 7 15
51.326 124 GUIDANCE_H_INT 0 0 0 0 7 15
51.371 124 ALIVE 250,239,0,216,55,64,129,17,219,79,213,213,217,41,1,1
51.415 124 GUIDANCE_H_INT 0 0 0 0 7 15
51.481 124 ROTORCRAFT_TUNE_HOVER 56 -224 0 56 -224 0 0 -376 -332 6542
51.525 124 GUIDANCE_H_INT 0 0 0 0 7 15
51.574 124 GUIDANCE_H_INT 0 0 0 0 7 15
51.613 124 GUIDANCE_H_INT 0 0 0 0 7 15
51.679 124 ROTORCRAFT_TUNE_HOVER 56 -224 0 56 -224 0 0 -366 -302 6527
51.723 124 GUIDANCE_H_INT 0 0 0 0 7 15
51.789 124 GUIDANCE_H_INT 0 0 0 0 7 15
51.833 124 GUIDANCE_H_INT 0 0 0 0 7 15
51.899 124 ROTORCRAFT_TUNE_HOVER 56 -224 0 56 -224 0 0 -364 -288 6538
51.903 124 WIND_INFO 124 42 0. 0. 0.
51.943 124 GUIDANCE_H_INT 0 0 0 0 7 15
51.960 124 LINK_REPORT 124 -1 52 0 32924 982 2 644. 21. 1509 162.51
51.986 124 GUIDANCE_H_INT 0 0 0 0 7 15
52.031 124 GUIDANCE_H_INT 0 0 0 0 7 15
52.074 124 GUIDANCE_H_INT 0 0 0 0 7 15
52.097 124 DL_VALUE 55 0.
52.140 124 GUIDANCE_H_INT 0 0 0 0 7 15
52.185 124 GUIDANCE_H_INT 0 0 0 0 7 15
52.229 124 GUIDANCE_H_INT 0 0 0 0 7 15
52.273 124 GUIDANCE_H_INT 0 0 0 0 7 15
52.339 124 ROTORCRAFT_TUNE_HOVER 56 -224 0 56 -224 0 0 -396 -318 6465
52.383 124 GUIDANCE_H_INT 0 0 0 0 7 12
52.449 124 ROTORCRAFT_TUNE_HOVER 56 -224 0 56 -224 0 0 -371 -334 6464
52.492 124 GUIDANCE_H_INT 0 0 0 0 7 12
52.559 124 ROTORCRAFT_TUNE_HOVER 56 -224 0 56 -224 0 0 -411 -315 6413
52.603 124 GUIDANCE_H_INT 0 0 0 0 7 12
52.669 124 ROTORCRAFT_TUNE_HOVER 56 -224 0 56 -224 0 0 -430 -346 6404
52.713 124 GUIDANCE_H_INT 0 0 0 0 7 12
52.779 124 ROTORCRAFT_TUNE_HOVER 56 -224 0 56 -224 0 0 -438 -339 6395
52.822 124 GUIDANCE_H_INT 0 0 0 0 7 12
52.888 124 GUIDANCE_H_INT 0 0 0 0 7 12
52.933 124 GUIDANCE_H_INT 0 0 0 0 7 12
52.960 124 LINK_REPORT 124 -1 53 0 33555 1002 2 631. 20. 1539 162.51
52.977 124 GUIDANCE_H_INT 0 0 0 0 7 12
53.021 124 GUIDANCE_H_INT 0 0 0 0 7 12
53.065 124 GUIDANCE_H_INT 0 0 0 0 7 12
53.108 124 GUIDANCE_H_INT 0 0 0 0 7 12
53.175 124 ROTORCRAFT_TUNE_HOVER 56 -224 0 56 -224 0 0 -463 -453 6209
53.196 124 DL_VALUE 56 20.
53.240 124 GUIDANCE_H_INT 0 0 0 0 7 12
53.285 124 GUIDANCE_H_INT 0 0 0 0 7 12
53.328 124 GUIDANCE_H_INT 0 0 0 0 7 12
53.394 124 GUIDANCE_H_INT 0 0 0 0 7 12
53.439 124 GUIDANCE_H_INT 0 0 0 0 7 12
53.461 124 ALIVE 250,239,0,216,55,64,129,17,219,79,213,213,217,41,1,1
53.505 124 GUIDANCE_H_INT 0 0 0 0 7 12
53.573 124 ROTORCRAFT_TUNE_HOVER 56 -224 0 56 -224 0 0 -389 -523 6110
53.615 124 GUIDANCE_H_INT 0 0 0 0 5 12
53.681 124 GUIDANCE_H_INT 0 0 0 0 5 12
53.724 124 GUIDANCE_H_INT 0 0 0 0 7 12
53.769 124 GUIDANCE_H_INT 0 0 0 0 7 12
53.812 124 GUIDANCE_H_INT 0 0 0 0 7 12
53.857 124 ROTORCRAFT_STATUS 0 0 0 91 3 14 0 0 5 1 37 61
53.900 124 GUIDANCE_H_INT 0 0 0 0 7 12
53.961 124 LINK_REPORT 124 -1 54 0 34172 1023 2 617. 21. 1569 162.51
53.966 124 ROTORCRAFT_TUNE_HOVER 56 -224 0 56 -224 0 0 -428 -535 6165
54.010 124 GUIDANCE_H_INT 0 0 0 0 7 12
54.054 124 GUIDANCE_H_INT 0 0 0 0 7 12
54.098 124 GUIDANCE_H_INT 0 0 0 0 7 12
54.165 124 ROTORCRAFT_TUNE_HOVER 56 -224 0 56 -224 0 0 -400 -542 6178
54.209 124 GUIDANCE_H_INT 0 0 0 0 7 12
54.253 124 GUIDANCE_H_INT 0 0 0 0 7 12
54.274 124 DL_VALUE 57 0.
54.318 124 GUIDANCE_H_INT 0 0 0 0 5 12
54.362 124 GUIDANCE_H_INT 0 0 0 0 5 12
54.406 124 GUIDANCE_H_INT 0 0 0 0 5 12
54.472 124 GUIDANCE_H_INT 0 0 0 0 2 12
54.517 124 GUIDANCE_H_INT 0 0 0 0 2 12
54.560 124 GUIDANCE_H_INT 0 0 0 0 5 12
54.605 124 GUIDANCE_H_INT 0 0 0 0 5 12
54.671 124 ROTORCRAFT_TUNE_HOVER 56 -224 0 56 -224 0 0 -395 -562 6250
54.714 124 GUIDANCE_H_INT 0 0 0 0 5 12
54.758 124 GUIDANCE_H_INT 0 0 0 0 5 12
54.802 124 GUIDANCE_H_INT 0 0 0 0 2 12
54.869 124 ROTORCRAFT_TUNE_HOVER 56 -224 0 56 -224 0 0 -348 -562 6238
54.912 124 GUIDANCE_H_INT 0 0 0 0 2 12
54.957 124 GUIDANCE_H_INT 0 0 0 0 2 12
54.961 124 LINK_REPORT 124 -1 55 0 34853 1045 2 681. 22. 1599 162.51
55.023 124 GUIDANCE_H_INT 0 0 0 0 2 12
55.066 124 ROTORCRAFT_TUNE_HOVER 56 -224 0 56 -224 0 0 -350 -544 6219
55.132 124 ROTORCRAFT_TUNE_HOVER 56 -224 0 56 -224 0 0 -346 -550 6244
55.176 124 GUIDANCE_H_INT 0 0 0 0 2 12
55.242 124 GUIDANCE_H_INT 0 0 0 0 2 12
55.287 124 GUIDANCE_H_INT 0 0 0 0 5 12
55.330 124 GUIDANCE_H_INT 0 0 0 0 7 12
55.353 124 DL_VALUE 58 0.
55.396 124 GUIDANCE_H_INT 0 0 0 0 7 12
55.441 124 GUIDANCE_H_INT 0 0 0 0 7 12
55.484 124 GUIDANCE_H_INT 0 0 0 0 7 12
55.528 124 GUIDANCE_H_INT 0 0 0 0 7 12
55.572 124 ALIVE 250,239,0,216,55,64,129,17,219,79,213,213,217,41,1,1
55.616 124 GUIDANCE_H_INT 0 0 0 0 7 12
55.616 124 PONG 
55.682 124 GUIDANCE_H_INT 0 0 0 0 7 12
55.726 124 GUIDANCE_H_INT 0 0 0 0 7 12
55.770 124 GUIDANCE_H_INT 0 0 0 0 7 12
55.814 124 GUIDANCE_H_INT 0 0 0 0 7 12
55.858 124 GUIDANCE_H_INT 0 0 0 0 7 12
55.902 124 GUIDANCE_H_INT 0 0 0 0 7 12
55.946 124 GUIDANCE_H_INT 0 0 0 0 7 12
55.962 124 LINK_REPORT 124 -1 56 0 35483 1067 2 630. 22. 1630 177.45
56.012 124 GUIDANCE_H_INT 0 0 0 0 7 12
56.056 124 ROTORCRAFT_TUNE_HOVER 56 -224 0 56 -224 0 0 -354 -536 6309
56.122 124 GUIDANCE_H_INT 0 0 0 0 7 12
56.166 124 GUIDANCE_H_INT 0 0 0 0 7 12
56.211 124 GUIDANCE_H_INT 0 0 0 0 7 12
56.254 124 ROTORCRAFT_STATUS 0 0 0 90 3 14 0 0 5 1 37 64
56.298 124 GUIDANCE_H_INT 0 0 0 0 7 12
56.364 124 ROTORCRAFT_TUNE_HOVER 56 -224 0 56 -224 0 0 -376 -482 6404
56.408 124 GUIDANCE_H_INT 0 0 0 0 7 12
56.474 124 ROTORCRAFT_TUNE_HOVER 56 -224 0 56 -224 0 0 -364 -443 6362
56.474 124 DL_VALUE 0 11.
56.518 124 GUIDANCE_H_INT 0 0 0 0 7 12
56.584 124 GUIDANCE_H_INT 0 0 0 0 7 12
56.628 124 GUIDANCE_H_INT 0 0 0 0 7 12
56.672 124 GUIDANCE_H_INT 0 0 0 0 7 12
56.716 124 GUIDANCE_H_INT 0 0 0 0 7 12
56.760 124 GUIDANCE_H_INT 0 0 0 0 7 12
56.804 124 GUIDANCE_H_INT 0 0 0 0 7 12
56.848 124 GUIDANCE_H_INT 0 0 0 0 7 12
56.914 124 GUIDANCE_H_INT 0 0 0 0 7 12
56.958 124 ROTORCRAFT_TUNE_HOVER 56 -224 0 56 -224 0 0 -396 -330 6432
56.963 124 LINK_REPORT 124 -1 57 0 36127 1088 2 644. 21. 1660 177.45
57.024 124 GUIDANCE_H_INT 0 0 0 0 7 12
57.068 124 GUIDANCE_H_INT 0 0 0 0 7 12
57.112 124 GUIDANCE_H_INT 0 0 0 0 7 12
57.156 124 GUIDANCE_H_INT 0 0 0 0 7 12
57.200 124 GUIDANCE_H_INT 0 0 0 0 7 12
57.244 124 GUIDANCE_H_INT 0 0 0 0 7 12
57.288 124 GUIDANCE_H_INT 0 0 0 0 7 12
57.355 124 ROTORCRAFT_TUNE_HOVER 56 -224 0 56 -224 0 0 -357 -365 6411
57.398 124 GUIDANCE_H_INT 0 0 0 0 7 12
57.464 124 GUIDANCE_H_INT 0 0 0 0 7 12
57.486 124 ROTORCRAFT_STATUS 0 0 0 91 3 14 0 0 5 1 37 65
57.552 124 ROTORCRAFT_TUNE_HOVER 56 -224 0 56 -224 0 0 -357 -354 6413
57.574 124 DL_VALUE 1 10.
57.640 124 ROTORCRAFT_TUNE_HOVER 56 -224 0 56 -224 0 0 -327 -387 6416
57.662 124 ALIVE 250,239,0,216,55,64,129,17,219,79,213,213,217,41,1,1
57.728 124 GUIDANCE_H_INT 0 0 0 0 7 12
57.772 124 GUIDANCE_H_INT 0 0 0 0 7 12
57.816 124 GUIDANCE_H_INT 0 0 0 0 7 12
57.860 124 GUIDANCE_H_INT 0 0 0 0 7 12
57.904 124 GUIDANCE_H_INT 0 0 0 0 7 12
57.948 124 GUIDANCE_H_INT 0 0 0 0 7 12
57.964 124 LINK_REPORT 124 -1 58 0 36754 1109 2 627. 21. 1690 177.45
57.992 124 GUIDANCE_H_INT 0 0 0 0 7 12
58.058 124 GUIDANCE_H_INT 0 0 0 0 7 12
58.102 124 GUIDANCE_H_INT 0 0 0 0 7 12
58.168 124 ROTORCRAFT_TUNE_HOVER 56 -224 0 56 -224 0 0 -369 -401 6436
58.212 124 GUIDANCE_H_INT 0 0 0 0 7 12
58.278 124 ROTORCRAFT_TUNE_HOVER 56 -224 0 56 -224 0 0 -356 -340 6422
58.322 124 GUIDANCE_H_INT 0 0 0 0 7 12
58.366 124 GUIDANCE_H_INT 0 0 0 0 7 12
58.410 124 GUIDANCE_H_INT 0 0 0 0 7 12
58.454 124 GUIDANCE_H_INT 0 0 0 0 7 12
58.498 124 GUIDANCE_H_INT 0 0 0 0 7 12
58.542 124 GUIDANCE_H_INT 0 0 0 0 7 12
58.608 124 GUIDANCE_H_INT 0 0 0 0 7 12
58.652 124 ROTORCRAFT_TUNE_HOVER 56 -224 0 56 -224 0 0 -379 -378 6446
58.674 124 DL_VALUE 2 1.
58.718 124 GUIDANCE_H_INT 0 0 0 0 7 12
58.762 124 GUIDANCE_H_INT 0 0 0 0 7 12
58.828 124 GUIDANCE_H_INT 0 0 0 0 7 12
58.872 124 GUIDANCE_H_INT 0 0 0 0 7 12
58.916 124 GUIDANCE_H_INT 0 0 0 0 7 12
58.960 124 GUIDANCE_H_INT 0 0 0 0 7 12
58.965 124 LINK_REPORT 124 -1 59 0 37395 1130 2 641. 21. 1720 177.45
59.004 124 GUIDANCE_H_INT 0 0 0 0 7 12
59.048 124 GUIDANCE_H_INT 0 0 0 0 7 12
59.092 124 GUIDANCE_H_INT 0 0 0 0 7 12
59.158 124 GUIDANCE_H_INT 0 0 0 0 7 12
59.202 124 GUIDANCE_H_INT 0 0 0 0 7 12
59.247 124 GUIDANCE_H_INT 0 0 0 0 7 12
59.290 124 GUIDANCE_H_INT 0 0 0 0 7 12
59.334 124 GUIDANCE_H_INT 0 0 0 0 7 12
59.378 124 GUIDANCE_H_INT 0 0 0 0 7 12
59.444 124 ROTORCRAFT_TUNE_HOVER 56 -224 0 56 -224 0 0 -353 -358 6424
59.488 124 GUIDANCE_H_INT 0 0 0 0 7 12
59.532 124 GUIDANCE_H_INT 0 0 0 0 7 12
59.598 124 GUIDANCE_H_INT 0 0 0 0 7 12
59.642 124 ROTORCRAFT_TUNE_HOVER 56 -224 0 56 -224 0 0 -360 -337 6445
59.708 124 GUIDANCE_H_INT 0 0 0 0 7 12
59.752 124 GUIDANCE_H_INT 0 0 0 0 7 12
59.774 124 DL_VALUE 3 0.
59.796 124 ALIVE 250,239,0,216,55,64,129,17,219,79,213,213,217,41,1,1
59.840 124 GUIDANCE_H_INT 0 0 0 0 7 12
59.884 124 ROTORCRAFT_STATUS 0 0 0 91 3 14 0 0 5 1 37 67
59.950 124 ROTORCRAFT_TUNE_HOVER 56 -224 0 56 -224 0 0 -372 -382 6382
59.966 124 LINK_REPORT 124 -1 60 0 38022 1151 2 627. 21. 1750 177.45
59.994 124 GUIDANCE_H_INT 0 0 0 0 7 12
60.038 124 GUIDANCE_H_INT 0 0 0 0 7 12
60.082 124 GUIDANCE_H_INT 0 0 0 0 7 12
60.148 124 ROTORCRAFT_TUNE_HOVER 56 -224 0 56 -224 0 0 -372 -347 6401
60.193 124 GUIDANCE_H_INT 0 0 0 0 7 12
60.347 124 ROTORCRAFT_TUNE_HOVER 56 -224 0 56 -224 0 0 -372 -369 6333
60.412 124 GUIDANCE_H_INT 0 0 0 0 7 12
60.456 124 GUIDANCE_H_INT 0 0 0 0 7 12
60.500 124 GUIDANCE_H_INT 0 0 0 0 7 12
60.544 124 GUIDANCE_H_INT 0 0 0 0 7 12
60.588 124 GUIDANCE_H_INT 0 0 0 0 7 12
60.610 124 PONG 
60.654 124 GUIDANCE_H_INT 0 0 0 0 7 12
60.698 124 GUIDANCE_H_INT 0 0 0 0 7 12
60.742 124 GUIDANCE_H_INT 0 0 0 0 7 12
60.786 124 GUIDANCE_H_INT 0 0 0 0 7 12
60.830 124 GUIDANCE_H_INT 0 0 0 0 7 12
60.852 124 DL_VALUE 4 14.
60.896 124 GUIDANCE_H_INT 0 0 0 0 7 12
60.940 124 GUIDANCE_H_INT 0 0 0 0 7 12
60.966 124 LINK_REPORT 124 -1 61 0 38599 1171 3 577. 20. 1781 170.05
60.984 124 GUIDANCE_H_INT 0 0 0 0 7 12
61.050 124 GUIDANCE_H_INT 0 0 0 0 7 12
61.072 124 ROTORCRAFT_STATUS 0 0 0 91 3 14 0 0 5 1 37 69
61.116 124 GUIDANCE_H_INT 0 0 0 0 7 12
61.182 124 GUIDANCE_H_INT 0 0 0 0 7 12
61.226 124 ROTORCRAFT_TUNE_HOVER 56 -224 0 56 -224 0 0 -313 -393 6285
61.292 124 GUIDANCE_H_INT 0 0 0 0 7 12
61.336 124 ROTORCRAFT_TUNE_HOVER 56 -224 0 56 -224 0 0 -316 -425 6392
61.402 124 GUIDANCE_H_INT 0 0 0 0 7 12
61.446 124 GUIDANCE_H_INT 0 0 0 0 7 12
61.490 124 GUIDANCE_H_INT 0 0 0 0 7 12
61.534 124 GUIDANCE_H_INT 0 0 0 0 7 12
61.578 124 GUIDANCE_H_INT 0 0 0 0 7 12
61.622 124 GUIDANCE_H_INT 0 0 0 0 7 12
61.666 124 GUIDANCE_H_INT 0 0 0 0 7 12
61.732 124 ROTORCRAFT_TUNE_HOVER 56 -224 0 56 -224 0 0 -367 -401 6409
61.776 124 GUIDANCE_H_INT 0 0 0 0 7 12
61.842 124 ROTORCRAFT_TUNE_HOVER 56 -224 0 56 -224 0 0 -351 -379 6408
61.886 124 ALIVE 250,239,0,216,55,64,129,17,219,79,213,213,217,41,1,1
61.904 124 WIND_INFO 124 42 0. 0. 0.
61.930 124 GUIDANCE_H_INT 0 0 0 0 7 12
61.952 124 DL_VALUE 5 2224.
61.966 124 LINK_REPORT 124 -1 62 0 39236 1192 3 637. 21. 1812 170.05
61.996 124 GUIDANCE_H_INT 0 0 0 0 7 12
62.040 124 GUIDANCE_H_INT 0 0 0 0 7 12
62.087 124 GUIDANCE_H_INT 0 0 0 0 7 12
62.128 124 GUIDANCE_H_INT 0 0 0 0 7 12
62.194 124 GUIDANCE_H_INT 0 0 0 0 7 12
62.238 124 ROTORCRAFT_TUNE_HOVER 56 -224 0 56 -224 0 0 -400 -404 6439
62.282 124 ROTORCRAFT_STATUS 0 0 0 90 3 14 0 0 5 1 37 70
62.326 124 GUIDANCE_H_INT 0 0 0 0 7 12
62.370 124 GUIDANCE_H_INT 0 0 0 0 7 12
62.436 124 ROTORCRAFT_TUNE_HOVER 56 -224 0 56 -224 0 0 -392 -398 6435
62.480 124 GUIDANCE_H_INT 0 0 0 0 7 12
62.524 124 GUIDANCE_H_INT 0 0 0 0 7 12
62.590 124 GUIDANCE_H_INT 0 0 0 0 7 12
62.634 124 ROTORCRAFT_TUNE_HOVER 56 -224 0 56 -224 0 0 -389 -400 6452
62.700 124 GUIDANCE_H_INT 0 0 0 0 7 12
62.744 124 GUIDANCE_H_INT 0 0 0 0 7 12
62.788 124 GUIDANCE_H_INT 0 0 0 0 7 12
62.832 124 GUIDANCE_H_INT 0 0 0 0 7 12
62.876 124 GUIDANCE_H_INT 0 0 0 0 7 12
62.920 124 GUIDANCE_H_INT 0 0 0 0 7 12
62.964 124 GUIDANCE_H_INT 0 0 0 0 7 12
62.968 124 LINK_REPORT 124 -1 63 0 39889 1213 3 653. 21. 1842 170.05
63.030 124 ROTORCRAFT_TUNE_HOVER 56 -224 0 56 -224 0 0 -449 -397 6497
63.074 124 GUIDANCE_H_INT 0 0 0 0 7 12
63.096 124 DL_VALUE 6 1.
63.140 124 GUIDANCE_H_INT 0 0 0 0 7 12
63.206 124 GUIDANCE_H_INT 0 0 0 0 7 12
63.250 124 GUIDANCE_H_INT 0 0 0 0 7 12
63.294 124 GUIDANCE_H_INT 0 0 0 0 7 12
63.338 124 GUIDANCE_H_INT 0 0 0 0 7 12
63.382 124 GUIDANCE_H_INT 0 0 0 0 7 12
63.426 124 GUIDANCE_H_INT 0 0 0 0 7 12
63.470 124 ROTORCRAFT_STATUS 0 0 0 90 3 14 0 0 5 1 37 71
63.514 124 GUIDANCE_H_INT 0 0 0 0 7 12
63.558 124 GUIDANCE_H_INT 0 0 0 0 7 12
63.602 124 GUIDANCE_H_INT 0 0 0 0 7 12
63.646 124 GUIDANCE_H_INT 0 0 0 0 5 12
63.712 124 GUIDANCE_H_INT 0 0 0 0 2 15
63.756 124 GUIDANCE_H_INT 0 0 0 0 2 15
63.800 124 GUIDANCE_H_INT 0 0 0 0 2 15
63.844 124 GUIDANCE_H_INT 0 0 0 0 2 12
63.888 124 GUIDANCE_H_INT 0 0 0 0 2 12
63.932 124 GUIDANCE_H_INT 0 0 0 0 2 12
63.968 124 LINK_REPORT 124 -1 64 0 40503 1234 3 614. 21. 1872 170.05
63.976 124 ALIVE 250,239,0,216,55,64,129,17,219,79,213,213,217,41,1,1
64.020 124 GUIDANCE_H_INT 0 0 0 0 7 12
64.064 124 GUIDANCE_H_INT 0 0 0 0 7 12
64.130 124 ROTORCRAFT_TUNE_HOVER 56 -224 0 56 -224 0 0 -266 -452 6435
64.152 124 DL_VALUE 7 0.
64.196 124 GUIDANCE_H_INT 0 0 0 0 7 12
64.240 124 GUIDANCE_H_INT 0 0 0 0 7 12
64.284 124 GUIDANCE_H_INT 0 0 0 0 7 12
64.328 124 GUIDANCE_H_INT 0 0 0 0 7 12
64.394 124 GUIDANCE_H_INT 0 0 0 0 7 12
64.438 124 GUIDANCE_H_INT 0 0 0 0 7 12
64.482 124 GUIDANCE_H_INT 0 0 0 0 7 12
64.526 124 GUIDANCE_H_INT 0 0 0 0 7 12
64.570 124 GUIDANCE_H_INT 0 0 0 0 7 12
64.614 124 GUIDANCE_H_INT 0 0 0 0 7 12
64.658 124 ROTORCRAFT_STATUS 0 0 0 91 3 14 0 0 5 1 37 72
64.724 124 ROTORCRAFT_TUNE_HOVER 56 -224 0 56 -224 0 0 -313 -428 6424
64.768 124 GUIDANCE_H_INT 0 0 0 0 7 12
64.812 124 GUIDANCE_H_INT 0 0 0 0 7 12
64.856 124 GUIDANCE_H_INT 0 0 0 0 7 12
64.922 124 ROTORCRAFT_TUNE_HOVER 56 -224 0 56 -224 0 0 -276 -432 6390
64.966 124 GUIDANCE_H_INT 0 0 0 0 7 12
64.969 124 LINK_REPORT 124 -1 65 0 41160 1256 3 657. 22. 1902 170.05
65.010 124 GUIDANCE_H_INT 0 0 0 0 7 12
65.076 124 GUIDANCE_H_INT 0 0 0 0 7 12
65.120 124 ROTORCRAFT_TUNE_HOVER 56 -224 0 56 -224 0 0 -265 -434 6378
65.186 124 GUIDANCE_H_INT 0 0 0 0 7 12
65.230 124 ROTORCRAFT_TUNE_HOVER 56 -224 0 56 -224 0 0 -283 -430 6363
65.296 124 GUIDANCE_H_INT 0 0 0 0 7 12
65.296 124 DL_VALUE 8 0.
65.340 124 GUIDANCE_H_INT 0 0 0 0 7 12
65.406 124 GUIDANCE_H_INT 0 0 0 0 7 12
65.450 124 GUIDANCE_H_INT 0 0 0 0 7 12
65.494 124 GUIDANCE_H_INT 0 0 0 0 7 12
65.538 124 GUIDANCE_H_INT 0 0 0 0 7 12
65.582 124 GUIDANCE_H_INT 0 0 0 0 7 12
65.604 124 PONG 
65.648 124 GUIDANCE_H_INT 0 0 0 0 7 12
65.692 124 GUIDANCE_H_INT 0 0 0 0 7 12
65.736 124 GUIDANCE_H_INT 0 0 0 0 7 12
65.780 124 GUIDANCE_H_INT 0 0 0 0 7 12
65.824 124 GUIDANCE_H_INT 0 0 0 0 7 12
65.868 124 ROTORCRAFT_STATUS 0 0 0 90 3 14 0 0 5 1 37 73
65.912 124 GUIDANCE_H_INT 0 0 0 0 7 12
65.956 124 GUIDANCE_H_INT 0 0 0 0 7 12
65.969 124 LINK_REPORT 124 -1 66 0 41790 1278 3 630. 22. 1933 162.99
66.022 124 ROTORCRAFT_TUNE_HOVER 56 -224 0 56 -224 0 0 -274 -460 6333
66.066 124 ALIVE 250,239,0,216,55,64,129,17,219,79,213,213,217,41,1,1
66.109 124 GUIDANCE_H_INT 0 0 0 0 7 12
66.154 124 GUIDANCE_H_INT 0 0 0 0 7 12
66.220 124 ROTORCRAFT_TUNE_HOVER 56 -224 0 56 -224 0 0 -285 -474 6324
66.264 124 GUIDANCE_H_INT 0 0 0 0 7 12
66.308 124 GUIDANCE_H_INT 0 0 0 0 7 12
66.330 124 DL_VALUE 9 2024.
66.374 124 GUIDANCE_H_INT 0 0 0 0 7 12
66.418 124 GUIDANCE_H_INT 0 0 0 0 7 12
66.462 124 GUIDANCE_H_INT 0 0 0 0 7 12
66.528 124 GUIDANCE_H_INT 0 0 0 0 7 12
66.572 124 GUIDANCE_H_INT 0 0 0 0 7 12
66.638 124 ROTORCRAFT_TUNE_HOVER 56 -224 0 56 -224 0 0 -312 -489 6397
66.682 124 GUIDANCE_H_INT 0 0 0 0 7 12
66.726 124 GUIDANCE_H_INT 0 0 0 0 7 12
66.770 124 GUIDANCE_H_INT 0 0 0 0 7 12
66.814 124 GUIDANCE_H_INT 0 0 0 0 7 12
66.858 124 GUIDANCE_H_INT 0 0 0 0 7 12
66.902 124 GUIDANCE_H_INT 0 0 0 0 7 12
66.968 124 GUIDANCE_H_INT 0 0 0 0 7 12
66.970 124 LINK_REPORT 124 -1 67 0 42424 1299 3 634. 21. 1963 162.99
67.012 124 ROTORCRAFT_TUNE_HOVER 56 -224 0 56 -224 0 0 -319 -497 6415
67.056 124 ROTORCRAFT_STATUS 0 0 0 90 3 14 0 0 5 1 37 75
67.122 124 ROTORCRAFT_TUNE_HOVER 56 -224 0 56 -224 0 0 -333 -495 6411
67.166 124 GUIDANCE_H_INT 0 0 0 0 7 12
67.210 124 GUIDANCE_H_INT 0 0 0 0 7 12
67.254 124 GUIDANCE_H_INT 0 0 0 0 7 12
67.320 124 ROTORCRAFT_TUNE_HOVER 56 -224 0 56 -224 0 0 -336 -500 6412
67.364 124 GUIDANCE_H_INT 0 0 0 0 7 12
67.408 124 GUIDANCE_H_INT 0 0 0 0 7 12
67.474 124 GUIDANCE_H_INT 0 0 0 0 7 12
67.474 124 DL_VALUE 10 200.
67.540 124 GUIDANCE_H_INT 0 0 0 0 7 12
67.584 124 ROTORCRAFT_TUNE_HOVER 56 -224 0 56 -224 0 0 -294 -513 6450
67.650 124 GUIDANCE_H_INT 0 0 0 0 7 12
67.694 124 GUIDANCE_H_INT 0 0 0 0 7 12
67.738 124 GUIDANCE_H_INT 0 0 0 0 7 12
67.782 124 GUIDANCE_H_INT 0 0 0 0 7 12
67.826 124 GUIDANCE_H_INT 0 0 0 0 7 12
67.870 124 GUIDANCE_H_INT 0 0 0 0 7 12
67.914 124 GUIDANCE_H_INT 0 0 0 0 7 12
67.971 124 LINK_REPORT 124 -1 68 0 43038 1319 3 614. 20. 1993 162.99
67.980 124 GUIDANCE_H_INT 0 0 0 0 7 12
68.024 124 GUIDANCE_H_INT 0 0 0 0 7 12
68.068 124 GUIDANCE_H_INT 0 0 0 0 7 12
68.112 124 GUIDANCE_H_INT 0 0 0 0 7 12
68.156 124 ALIVE 250,239,0,216,55,64,129,17,219,79,213,213,217,41,1,1
68.200 124 GUIDANCE_H_INT 0 0 0 0 7 12
68.244 124 GUIDANCE_H_INT 0 0 0 0 7 12
68.288 124 ROTORCRAFT_STATUS 0 0 0 92 3 14 0 0 5 1 37 76
68.332 124 GUIDANCE_H_INT 0 0 0 0 7 12
68.375 124 GUIDANCE_H_INT 0 0 0 0 7 12
68.419 124 GUIDANCE_H_INT 0 0 0 0 7 12
68.464 124 GUIDANCE_H_INT 0 0 0 0 7 12
68.508 124 GUIDANCE_H_INT 0 0 0 0 7 12
68.530 124 DL_VALUE 11 800.
68.574 124 GUIDANCE_H_INT 0 0 0 0 7 12
68.618 124 GUIDANCE_H_INT 0 0 0 0 7 12
68.662 124 GUIDANCE_H_INT 0 0 0 0 7 12
68.728 124 GUIDANCE_H_INT 0 0 0 0 7 12
68.771 124 GUIDANCE_H_INT 0 0 0 0 7 12
68.816 124 GUIDANCE_H_INT 0 0 0 0 7 12
68.860 124 GUIDANCE_H_INT 0 0 0 0 7 12
68.904 124 GUIDANCE_H_INT 0 0 0 0 7 12
68.948 124 GUIDANCE_H_INT 0 0 0 0 7 12
68.972 124 LINK_REPORT 124 -1 69 0 43695 1342 3 657. 23. 2023 162.99
69.014 124 ROTORCRAFT_TUNE_HOVER 56 -224 0 56 -224 0 0 -297 -522 6264
69.058 124 GUIDANCE_H_INT 0 0 0 0 7 12
69.101 124 GUIDANCE_H_INT 0 0 0 0 7 12
69.168 124 GUIDANCE_H_INT 0 0 0 0 7 12
69.212 124 ROTORCRAFT_TUNE_HOVER 56 -224 0 56 -224 0 0 -259 -502 6191
69.278 124 GUIDANCE_H_INT 0 0 0 0 7 12
69.322 124 GUIDANCE_H_INT 0 0 0 0 7 12
69.366 124 GUIDANCE_H_INT 0 0 0 0 7 12
69.411 124 GUIDANCE_H_INT 0 0 0 0 7 12
69.454 124 GUIDANCE_H_INT 0 0 0 0 7 12
69.498 124 GUIDANCE_H_INT 0 0 0 0 7 12
69.542 124 GUIDANCE_H_INT 0 0 0 0 7 12
69.608 124 ROTORCRAFT_TUNE_HOVER 56 -224 0 56 -224 0 0 -258 -487 6197
69.652 124 GUIDANCE_H_INT 0 0 0 0 7 12
69.673 124 DL_VALUE 12 0.
69.718 124 GUIDANCE_H_INT 0 0 0 0 7 12
69.783 124 GUIDANCE_H_INT 0 0 0 0 7 12
69.828 124 GUIDANCE_H_INT 0 0 0 0 7 12
69.894 124 ROTORCRAFT_TUNE_HOVER 56 -224 0 56 -224 0 0 -262 -509 6193
69.938 124 GUIDANCE_H_INT 0 0 0 0 7 12
69.973 124 LINK_REPORT 124 -1 70 0 44316 1362 3 621. 20. 2053 162.99
70.004 124 ROTORCRAFT_TUNE_HOVER 56 -224 0 56 -224 0 0 -249 -508 6189
70.048 124 GUIDANCE_H_INT 0 0 0 0 7 12
70.113 124 ROTORCRAFT_TUNE_HOVER 56 -224 0 56 -224 0 0 -251 -497 6161
70.158 124 GUIDANCE_H_INT 0 0 0 0 7 12
70.201 124 GUIDANCE_H_INT 0 0 0 0 7 12
70.246 124 GUIDANCE_H_INT 0 0 0 0 7 12
70.290 124 ALIVE 250,239,0,216,55,64,129,17,219,79,213,213,217,41,1,1
70.334 124 GUIDANCE_H_INT 0 0 0 0 7 12
70.378 124 GUIDANCE_H_INT 0 0 0 0 7 12
70.422 124 GUIDANCE_H_INT 0 0 0 0 7 12
70.466 124 GUIDANCE_H_INT 0 0 0 0 7 12
70.509 124 GUIDANCE_H_INT 0 0 0 0 7 12
70.554 124 GUIDANCE_H_INT 0 0 0 0 7 12
70.575 124 PONG 
70.620 124 GUIDANCE_H_INT 0 0 0 0 7 12
70.664 124 ROTORCRAFT_STATUS 0 0 0 90 3 14 0 0 5 1 37 78
70.730 124 ROTORCRAFT_TUNE_HOVER 56 -224 0 56 -224 0 0 -285 -480 6232
70.773 124 GUIDANCE_H_INT 0 0 0 0 7 12
70.774 124 DL_VALUE 13 1012.
70.839 124 GUIDANCE_H_INT 0 0 0 0 7 12
70.884 124 GUIDANCE_H_INT 0 0 0 0 7 12
70.927 124 GUIDANCE_H_INT 0 0 0 0 7 12
70.972 124 GUIDANCE_H_INT 0 0 0 0 7 12
70.973 124 LINK_REPORT 124 -1 71 0 44979 1385 3 663. 23. 2084 133.62
71.016 124 GUIDANCE_H_INT 0 0 0 0 7 12
71.060 124 GUIDANCE_H_INT 0 0 0 0 7 12
71.103 124 GUIDANCE_H_INT 0 0 0 0 7 12
71.169 124 GUIDANCE_H_INT 0 0 0 0 7 12
71.214 124 GUIDANCE_H_INT 0 0 0 0 7 12
71.258 124 GUIDANCE_H_INT 0 0 0 0 7 12
71.301 124 GUIDANCE_H_INT 0 0 0 0 7 12
71.346 124 GUIDANCE_H_INT 0 0 0 0 7 12
71.390 124 GUIDANCE_H_INT 0 0 0 0 7 12
71.433 124 GUIDANCE_H_INT 0 0 0 0 7 12
71.500 124 ROTORCRAFT_TUNE_HOVER 56 -224 0 56 -224 0 0 -294 -503 6201
71.543 124 GUIDANCE_H_INT 0 0 0 0 7 12
71.609 124 GUIDANCE_H_INT 0 0 0 0 7 12
71.654 124 GUIDANCE_H_INT 0 0 0 0 7 12
71.697 124 GUIDANCE_H_INT 0 0 0 0 7 12
71.742 124 GUIDANCE_H_INT 0 0 0 0 7 12
71.785 124 GUIDANCE_H_INT 0 0 0 0 5 12
71.830 124 GUIDANCE_H_INT 0 0 0 0 5 12
71.873 124 ROTORCRAFT_STATUS 0 0 0 91 3 14 0 0 5 1 37 79
71.896 124 DL_VALUE 14 108.
71.905 124 WIND_INFO 124 42 0. 0. 0.
71.940 124 GUIDANCE_H_INT 0 0 0 0 2 12
71.974 124 LINK_REPORT 124 -1 72 0 45593 1406 3 614. 21. 2115 133.62
71.984 124 GUIDANCE_H_INT 0 0 0 0 2 12
72.027 124 GUIDANCE_H_INT 0 0 0 0 2 10
72.094 124 ROTORCRAFT_TUNE_HOVER 56 -224 0 56 -224 0 0 -37 -1130 4404
72.137 124 GUIDANCE_H_INT 0 0 0 0 2 7
72.181 124 GUIDANCE_H_INT 0 0 0 0 2 2
72.226 124 GUIDANCE_H_INT 0 0 0 0 7 0
72.291 124 ROTORCRAFT_TUNE_HOVER 56 -224 0 56 -224 0 0 -753 -1399 3583
72.336 124 GUIDANCE_H_INT 0 0 0 0 10 -10
72.402 124 ROTORCRAFT_TUNE_HOVER 56 -224 0 56 -224 0 0 -1058 -1452 2965
72.445 124 GUIDANCE_H_INT 0 0 0 0 10 -20
72.511 124 GUIDANCE_H_INT 0 0 0 0 7 -28
72.556 124 ROTORCRAFT_TUNE_HOVER 56 -224 0 56 -224 0 0 -1109 -1372 1975
72.621 124 GUIDANCE_H_INT 0 0 0 0 2 -33
72.666 124 GUIDANCE_H_INT 0 0 0 0 2 -33
72.709 124 GUIDANCE_H_INT 0 0 0 0 2 -35
72.754 124 GUIDANCE_H_INT 0 0 0 0 2 -38
72.797 124 GUIDANCE_H_INT 0 0 0 0 2 -40
72.841 124 GUIDANCE_H_INT 0 0 0 0 0 -40
72.886 124 GUIDANCE_H_INT 0 0 0 0 0 -43
72.951 124 GUIDANCE_H_INT 0 0 0 0 5 -46
72.952 124 DL_VALUE 15 0.
72.974 124 LINK_REPORT 124 -1 73 0 46244 1427 3 651. 21. 2145 133.62
73.017 124 GUIDANCE_H_INT 0 0 0 0 5 -46
73.039 124 ROTORCRAFT_STATUS 0 0 0 90 3 14 0 0 5 1 37 81
73.084 124 GUIDANCE_H_INT 0 0 0 0 5 -46
73.127 124 GUIDANCE_H_INT 0 0 0 0 5 -48
73.193 124 ROTORCRAFT_TUNE_HOVER 56 -224 0 56 -224 0 0 -1345 -1688 1478
73.237 124 GUIDANCE_H_INT 0 0 0 0 7 -48
73.304 124 GUIDANCE_H_INT 0 0 0 0 7 -48
73.347 124 GUIDANCE_H_INT 0 0 0 0 2 -48
73.391 124 GUIDANCE_H_INT 0 0 0 0 2 -48
73.435 124 GUIDANCE_H_INT 0 0 0 0 2 -51
73.480 124 GUIDANCE_H_INT 0 0 0 0 2 -51
73.524 124 GUIDANCE_H_INT 0 0 0 0 2 -51
73.590 124 ROTORCRAFT_TUNE_HOVER 56 -224 0 56 -224 0 0 -899 -1848 649
73.634 124 GUIDANCE_H_INT 0 0 0 0 0 -51
73.677 124 GUIDANCE_H_INT 0 0 0 0 0 -51
73.743 124 GUIDANCE_H_INT 0 0 0 0 2 -51
73.787 124 ROTORCRAFT_TUNE_HOVER 56 -224 0 56 -224 0 0 -821 -2123 503
73.853 124 GUIDANCE_H_INT 0 0 0 0 2 -51
73.898 124 GUIDANCE_H_INT 0 0 0 0 2 -51
73.941 124 GUIDANCE_H_INT 0 0 0 0 2 -51
73.975 124 LINK_REPORT 124 -1 74 0 46867 1447 3 623. 20. 2175 133.62
73.986 124 GUIDANCE_H_INT 0 0 0 0 2 -51
74.030 124 GUIDANCE_H_INT 0 0 0 0 2 -51
74.051 124 DL_VALUE 16 300.
74.095 124 GUIDANCE_H_INT 0 0 0 0 2 -51
74.139 124 GUIDANCE_H_INT 0 0 0 0 2 -51
74.183 124 GUIDANCE_H_INT 0 0 0 0 2 -51
74.250 124 GUIDANCE_H_INT 0 0 0 0 2 -51
74.271 124 ROTORCRAFT_STATUS 0 0 0 90 3 14 0 0 5 1 37 82
74.315 124 GUIDANCE_H_INT 0 0 0 0 2 -51
74.381 124 ROTORCRAFT_TUNE_HOVER 56 -224 0 56 -224 0 0 -727 -2129 352
74.425 124 GUIDANCE_H_INT 0 0 0 0 0 -53
74.492 124 ROTORCRAFT_TUNE_HOVER 56 -224 0 56 -224 0 0 -751 -2122 343
74.535 124 GUIDANCE_H_INT 0 0 0 0 0 -53
74.579 124 GUIDANCE_H_INT 0 0 0 0 0 -53
74.645 124 GUIDANCE_H_INT 0 0 0 0 0 -53
74.689 124 ROTORCRAFT_TUNE_HOVER 56 -224 0 56 -224 0 0 -718 -2037 399
74.755 124 ROTORCRAFT_TUNE_HOVER 56 -224 0 56 -224 0 0 -784 -2043 425
74.799 124 GUIDANCE_H_INT 0 0 0 0 0 -53
74.865 124 ROTORCRAFT_TUNE_HOVER 56 -224 0 56 -224 0 0 -859 -2063 473
74.909 124 GUIDANCE_H_INT 0 0 0 0 -2 -53
74.975 124 ROTORCRAFT_TUNE_HOVER 56 -224 0 56 -224 0 0 -866 -2068 534
74.976 124 LINK_REPORT 124 -1 75 0 47531 1468 3 664. 21. 2205 133.62
75.019 124 GUIDANCE_H_INT 0 0 0 0 0 -53
75.086 124 ROTORCRAFT_TUNE_HOVER 56 -224 0 56 -224 0 0 -865 -2027 549
75.129 124 GUIDANCE_H_INT 0 0 0 0 -2 -53
75.151 124 DL_VALUE 17 600.
75.195 124 GUIDANCE_H_INT 0 0 0 0 -2 -53
75.261 124 GUIDANCE_H_INT 0 0 0 0 -2 -53
75.305 124 GUIDANCE_H_INT 0 0 0 0 -2 -53
75.349 124 GUIDANCE_H_INT 0 0 0 0 -2 -53
75.393 124 GUIDANCE_H_INT 0 0 0 0 -2 -53
75.437 124 ROTORCRAFT_STATUS 0 0 0 92 3 14 0 0 5 1 37 83
75.481 124 GUIDANCE_H_INT 0 0 0 0 -2 -53
75.525 124 GUIDANCE_H_INT 0 0 0 0 0 -53
75.569 124 GUIDANCE_H_INT 0 0 0 0 -2 -53
75.613 124 GUIDANCE_H_INT 0 0 0 0 -2 -53
75.635 124 PONG 
75.679 124 ROTORCRAFT_TUNE_HOVER 56 -224 0 56 -224 0 0 -963 -1979 550
75.745 124 GUIDANCE_H_INT 0 0 0 0 -2 -53
75.789 124 GUIDANCE_H_INT 0 0 0 0 -2 -53
75.833 124 GUIDANCE_H_INT 0 0 0 0 -2 -53
75.877 124 GUIDANCE_H_INT 0 0 0 0 -2 -53
75.921 124 GUIDANCE_H_INT 0 0 0 0 -2 -56
75.977 124 LINK_REPORT 124 -1 76 0 48131 1489 3 600. 21. 2236 192.71
75.987 124 ROTORCRAFT_TUNE_HOVER 56 -224 0 56 -224 0 0 -988 -2011 608
76.031 124 GUIDANCE_H_INT 0 0 0 0 0 -56
76.077 124 GUIDANCE_H_INT 0 0 0 0 0 -53
76.119 124 GUIDANCE_H_INT 0 0 0 0 0 -53
76.185 124 ROTORCRAFT_TUNE_HOVER 56 -224 0 56 -224 0 0 -1039 -2025 1132
76.229 124 GUIDANCE_H_INT 0 0 0 0 2 -53
76.251 124 DL_VALUE 18 0.
76.295 124 GUIDANCE_H_INT 0 0 0 0 7 -51
76.361 124 GUIDANCE_H_INT 0 0 0 0 7 -51
76.405 124 GUIDANCE_H_INT 0 0 0 0 7 -48
76.449 124 GUIDANCE_H_INT 0 0 0 0 12 -46
76.493 124 GUIDANCE_H_INT 0 0 0 0 12 -43
76.537 124 GUIDANCE_H_INT 0 0 0 0 17 -40
76.582 124 ALIVE 250,239,0,216,55,64,129,17,219,79,213,213,217,41,1,1
76.625 124 GUIDANCE_H_INT 0 0 0 0 20 -28
76.669 124 ROTORCRAFT_STATUS 0 0 0 90 3 14 0 0 5 1 37 84
76.713 124 GUIDANCE_H_INT 0 0 0 0 17 -23
76.779 124 ROTORCRAFT_TUNE_HOVER 56 -224 0 56 -224 0 0 -1202 -1650 5789
76.823 124 GUIDANCE_H_INT 0 0 0 0 15 -15
76.889 124 ROTORCRAFT_TUNE_HOVER 56 -224 0 56 -224 0 0 -1080 -1797 6230
76.933 124 GUIDANCE_H_INT 0 0 0 0 12 -10
76.977 124 LINK_REPORT 124 -1 77 0 48768 1510 3 637. 21. 2266 192.71
76.999 124 ROTORCRAFT_TUNE_HOVER 56 -224 0 56 -224 0 0 -887 -1738 6469
77.043 124 GUIDANCE_H_INT 0 0 0 0 10 -7
77.087 124 GUIDANCE_H_INT 0 0 0 0 10 -5
77.131 124 GUIDANCE_H_INT 0 0 0 0 10 -2
77.175 124 GUIDANCE_H_INT 0 0 0 0 10 -2
77.219 124 GUIDANCE_H_INT 0 0 0 0 7 0
77.263 124 GUIDANCE_H_INT 0 0 0 0 7 0
77.329 124 GUIDANCE_H_INT 0 0 0 0 7 2
77.373 124 ROTORCRAFT_TUNE_HOVER 56 -224 0 56 -224 0 0 -738 -1654 7221
77.439 124 GUIDANCE_H_INT 0 0 0 0 7 2
77.483 124 GUIDANCE_H_INT 0 0 0 0 7 2
77.527 124 GUIDANCE_H_INT 0 0 0 0 7 5
77.571 124 GUIDANCE_H_INT 0 0 0 0 7 5
77.615 124 GUIDANCE_H_INT 0 0 0 0 7 5
77.659 124 GUIDANCE_H_INT 0 0 0 0 7 5
77.703 124 GUIDANCE_H_INT 0 0 0 0 7 5
77.769 124 GUIDANCE_H_INT 0 0 0 0 7 5
77.813 124 GUIDANCE_H_INT 0 0 0 0 7 5
77.857 124 GUIDANCE_H_INT 0 0 0 0 2 5
77.901 124 GUIDANCE_H_INT 0 0 0 0 2 2
77.945 124 GUIDANCE_H_INT 0 0 0 0 5 2
77.977 124 LINK_REPORT 124 -1 78 0 49418 1531 3 650. 21. 2296 192.71
77.989 124 GUIDANCE_H_INT 0 0 0 0 2 2
78.033 124 GUIDANCE_H_INT 0 0 0 0 2 2
78.099 124 GUIDANCE_H_INT 0 0 0 0 2 2
78.143 124 GUIDANCE_H_INT 0 0 0 0 7 2
78.187 124 GUIDANCE_H_INT 0 0 0 0 7 2
78.231 124 GUIDANCE_H_INT 0 0 0 0 7 2
78.275 124 GUIDANCE_H_INT 0 0 0 0 7 2
78.319 124 GUIDANCE_H_INT 0 0 0 0 7 2
78.363 124 GUIDANCE_H_INT 0 0 0 0 7 2
78.429 124 GUIDANCE_H_INT 0 0 0 0 7 2
78.473 124 ROTORCRAFT_TUNE_HOVER 56 -224 0 56 -224 0 0 -987 -1633 7354
78.539 124 GUIDANCE_H_INT 0 0 0 0 7 2
78.583 124 GUIDANCE_H_INT 0 0 0 0 10 2
78.627 124 GUIDANCE_H_INT 0 0 0 0 10 2
78.649 124 ALIVE 250,239,0,216,55,64,129,17,219,79,213,213,217,41,1,1
78.715 124 GUIDANCE_H_INT 0 0 0 0 12 5
78.759 124 ROTORCRAFT_TUNE_HOVER 56 -224 0 56 -224 0 0 -1789 -2073 8087
78.825 124 GUIDANCE_H_INT 0 0 0 0 12 7
78.869 124 ROTORCRAFT_TUNE_HOVER 56 -224 0 56 -224 0 0 -1874 -2074 8384
78.935 124 GUIDANCE_H_INT 0 0 0 0 10 7
78.978 124 LINK_REPORT 124 -1 79 0 50041 1551 3 623. 20. 2326 192.71
78.979 124 GUIDANCE_H_INT 0 0 0 0 10 7
79.023 124 GUIDANCE_H_INT 0 0 0 0 12 5
79.067 124 ROTORCRAFT_STATUS 0 0 0 91 3 14 0 0 5 1 37 87
79.111 124 GUIDANCE_H_INT 0 0 0 0 10 7
79.177 124 ROTORCRAFT_TUNE_HOVER 56 -224 0 56 -224 0 0 -2432 -2172 8530
79.221 124 GUIDANCE_H_INT 0 0 0 0 12 7
79.287 124 ROTORCRAFT_TUNE_HOVER 56 -224 0 56 -224 0 0 -2387 -2355 8409
79.331 124 GUIDANCE_H_INT 0 0 0 0 12 10
79.375 124 GUIDANCE_H_INT 0 0 0 0 12 10
79.419 124 GUIDANCE_H_INT 0 0 0 0 12 10
79.463 124 GUIDANCE_H_INT 0 0 0 0 7 12
79.507 124 GUIDANCE_H_INT 0 0 0 0 7 12
79.573 124 ROTORCRAFT_TUNE_HOVER 56 -224 0 56 -224 0 0 -2875 -2734 8202
79.617 124 GUIDANCE_H_INT 0 0 0 0 7 17
79.661 124 GUIDANCE_H_INT 0 0 0 0 10 20
79.727 124 GUIDANCE_H_INT 0 0 0 0 7 20
79.771 124 ROTORCRAFT_TUNE_HOVER 56 -224 0 56 -224 0 0 -3962 -3498 9315
79.837 124 GUIDANCE_H_INT 0 0 0 0 7 28
79.881 124 GUIDANCE_H_INT 0 0 0 0 7 30
79.947 124 ROTORCRAFT_TUNE_HOVER 56 -224 0 56 -224 0 0 -4536 -4007 9966
79.979 124 LINK_REPORT 124 -1 80 0 50684 1571 3 643. 20. 2356 192.71
79.991 124 GUIDANCE_H_INT 0 0 0 0 7 35
80.057 124 ROTORCRAFT_TUNE_HOVER 56 -224 0 56 -224 0 0 -5004 -4252 10536
80.101 124 GUIDANCE_H_INT 0 0 0 0 7 43
80.145 124 GUIDANCE_H_INT 0 0 0 0 7 46
80.189 124 GUIDANCE_H_INT 0 0 0 0 7 51
80.233 124 GUIDANCE_H_INT 0 0 0 0 7 53
80.277 124 GUIDANCE_H_INT 0 0 0 0 7 53
80.321 124 GUIDANCE_H_INT 0 0 0 0 10 56
80.387 124 GUIDANCE_H_INT 0 0 0 0 10 58
80.431 124 GUIDANCE_H_INT 0 0 0 0 10 58
80.475 124 GUIDANCE_H_INT 0 0 0 0 10 58
80.519 124 GUIDANCE_H_INT 0 0 0 0 10 58
80.563 124 GUIDANCE_H_INT 0 0 0 0 10 58
80.585 124 PONG 
80.629 124 GUIDANCE_H_INT 0 0 0 0 10 58
80.630 124 DL_VALUE 22 21.
80.695 124 GUIDANCE_H_INT 0 0 0 0 10 61
80.739 124 GUIDANCE_H_INT 0 0 0 0 10 61
80.761 124 ALIVE 250,239,0,216,55,64,129,17,219,79,213,213,217,41,1,1
80.827 124 GUIDANCE_H_INT 0 0 0 0 10 58
80.871 124 GUIDANCE_H_INT 0 0 0 0 10 58
80.915 124 GUIDANCE_H_INT 0 0 0 0 10 58
80.959 124 GUIDANCE_H_INT 0 0 0 0 10 58
80.980 124 LINK_REPORT 124 -1 81 0 51334 1594 3 650. 23. 2387 142.26
81.003 124 GUIDANCE_H_INT 0 0 0 0 10 61
81.047 124 GUIDANCE_H_INT 0 0 0 0 10 61
81.091 124 GUIDANCE_H_INT 0 0 0 0 10 61
81.157 124 ROTORCRAFT_TUNE_HOVER 56 -224 0 56 -224 0 0 -8197 -4416 -12635
81.201 124 GUIDANCE_H_INT 0 0 0 0 10 61
81.267 124 ROTORCRAFT_TUNE_HOVER 56 -224 0 56 -224 0 0 -8244 -4464 -12572
81.311 124 GUIDANCE_H_INT 0 0 0 0 10 61
81.377 124 GUIDANCE_H_INT 0 0 0 0 10 61
81.421 124 GUIDANCE_H_INT 0 0 0 0 10 61
81.487 124 ROTORCRAFT_TUNE_HOVER 56 -224 0 56 -224 0 0 -8571 -4592 -12246
81.531 124 GUIDANCE_H_INT 0 0 0 0 10 61
81.575 124 GUIDANCE_H_INT 0 0 0 0 10 61
81.619 124 GUIDANCE_H_INT 0 0 0 0 10 61
81.663 124 GUIDANCE_H_INT 0 0 0 0 10 61
81.707 124 GUIDANCE_H_INT 0 0 0 0 10 61
81.751 124 GUIDANCE_H_INT 0 0 0 0 10 61
81.773 124 DL_VALUE 23 0.
81.817 124 GUIDANCE_H_INT 0 0 0 0 10 61
81.861 124 GUIDANCE_H_INT 0 0 0 0 10 61
81.906 124 WIND_INFO 124 42 0. 0. 0.
81.927 124 GUIDANCE_H_INT 0 0 0 0 7 61
81.971 124 GUIDANCE_H_INT 0 0 0 0 7 61
81.980 124 LINK_REPORT 124 -1 82 0 51975 1615 3 641. 21. 2417 142.26
82.015 124 GUIDANCE_H_INT 0 0 0 0 7 61
82.059 124 GUIDANCE_H_INT 0 0 0 0 7 61
82.103 124 GUIDANCE_H_INT 0 0 0 0 7 58
82.147 124 GUIDANCE_H_INT 0 0 0 0 7 58
82.191 124 GUIDANCE_H_INT 0 0 0 0 7 58
82.257 124 ROTORCRAFT_TUNE_HOVER 56 -224 0 56 -224 0 0 -7683 -4845 12362
82.301 124 GUIDANCE_H_INT 0 0 0 0 7 58
82.367 124 GUIDANCE_H_INT 0 0 0 0 7 61
82.411 124 ROTORCRAFT_TUNE_HOVER 56 -224 0 56 -224 0 0 -7437 -4838 12057
82.477 124 GUIDANCE_H_INT 0 0 0 0 7 61
82.521 124 ROTORCRAFT_TUNE_HOVER 56 -224 0 56 -224 0 0 -7413 -4830 11985
82.587 124 GUIDANCE_H_INT 0 0 0 0 7 61
82.631 124 GUIDANCE_H_INT 0 0 0 0 7 61
82.653 124 ROTORCRAFT_STATUS 0 0 0 91 3 14 0 0 5 1 37 90
82.719 124 GUIDANCE_H_INT 0 0 0 0 7 61
82.763 124 GUIDANCE_H_INT 0 0 0 0 7 58
82.807 124 GUIDANCE_H_INT 0 0 0 0 7 56
82.829 124 DL_VALUE 24 5.
82.851 124 ALIVE 250,239,0,216,55,64,129,17,219,79,213,213,217,41,1,1
82.895 124 GUIDANCE_H_INT 0 0 0 0 7 56
82.961 124 GUIDANCE_H_INT 0 0 0 0 7 56
82.982 124 LINK_REPORT 124 -1 83 0 52602 1636 3 627. 21. 2447 142.26
83.005 124 GUIDANCE_H_INT 0 0 0 0 7 56
83.071 124 ROTORCRAFT_TUNE_HOVER 56 -224 0 56 -224 0 0 -6771 -4784 10946
83.116 124 GUIDANCE_H_INT 0 0 0 0 7 56
83.181 124 ROTORCRAFT_TUNE_HOVER 56 -224 0 56 -224 0 0 -6710 -4585 10828
83.225 124 GUIDANCE_H_INT 0 0 0 0 7 56
83.269 124 GUIDANCE_H_INT 0 0 0 0 7 56
83.313 124 GUIDANCE_H_INT 0 0 0 0 10 53
83.357 124 GUIDANCE_H_INT 0 0 0 0 10 53
83.401 124 GUIDANCE_H_INT 0 0 0 0 10 53
83.445 124 GUIDANCE_H_INT 0 0 0 0 10 53
83.511 124 GUIDANCE_H_INT 0 0 0 0 10 56
83.555 124 ROTORCRAFT_TUNE_HOVER 56 -224 0 56 -224 0 0 -5594 -3992 9622
83.621 124 GUIDANCE_H_INT 0 0 0 0 10 53
83.665 124 GUIDANCE_H_INT 0 0 0 0 10 53
83.709 124 GUIDANCE_H_INT 0 0 0 0 10 53
83.753 124 GUIDANCE_H_INT 0 0 0 0 10 53
83.797 124 GUIDANCE_H_INT 0 0 0 0 7 53
83.841 124 ROTORCRAFT_STATUS 0 0 0 90 3 14 0 0 5 1 37 91
83.885 124 GUIDANCE_H_INT 0 0 0 0 10 53
83.982 124 LINK_REPORT 124 -1 84 0 53195 1655 3 593. 19. 2476 142.26
84.061 124 GUIDANCE_H_INT 0 0 0 0 10 53
84.105 124 GUIDANCE_H_INT 0 0 0 0 10 53
84.149 124 GUIDANCE_H_INT 0 0 0 0 10 53
84.193 124 GUIDANCE_H_INT 0 0 0 0 7 53
84.237 124 GUIDANCE_H_INT 0 0 0 0 10 53
84.303 124 GUIDANCE_H_INT 0 0 0 0 10 53
84.347 124 ROTORCRAFT_TUNE_HOVER 56 -224 0 56 -224 0 0 -5440 -3655 9303
84.413 124 GUIDANCE_H_INT 0 0 0 0 10 53
84.457 124 GUIDANCE_H_INT 0 0 0 0 10 53
84.501 124 GUIDANCE_H_INT 0 0 0 0 10 53
84.545 124 GUIDANCE_H_INT 0 0 0 0 10 53
84.589 124 GUIDANCE_H_INT 0 0 0 0 7 53
84.633 124 GUIDANCE_H_INT 0 0 0 0 10 53
84.677 124 GUIDANCE_H_INT 0 0 0 0 10 53
84.743 124 ROTORCRAFT_TUNE_HOVER 56 -224 0 56 -224 0 0 -5427 -3655 9256
84.787 124 GUIDANCE_H_INT 0 0 0 0 10 53
84.853 124 ROTORCRAFT_TUNE_HOVER 56 -224 0 56 -224 0 0 -5426 -3655 9247
84.897 124 GUIDANCE_H_INT 0 0 0 0 10 53
84.963 124 GUIDANCE_H_INT 0 0 0 0 10 53
84.982 124 LINK_REPORT 124 -1 85 0 53795 1674 4 600. 19. 2506 142.26
84.985 124 ALIVE 250,239,0,216,55,64,129,17,219,79,213,213,217,41,1,1
85.051 124 ROTORCRAFT_TUNE_HOVER 56 -224 0 56 -224 0 0 -5428 -3655 9231
85.073 124 DL_VALUE 26 0.5
85.119 124 GUIDANCE_H_INT 0 0 0 0 10 53
85.161 124 GUIDANCE_H_INT 0 0 0 0 10 53
85.205 124 GUIDANCE_H_INT 0 0 0 0 10 53
85.249 124 GUIDANCE_H_INT 0 0 0 0 10 53
85.315 124 GUIDANCE_H_INT 0 0 0 0 10 53
85.359 124 GUIDANCE_H_INT 0 0 0 0 10 53
85.403 124 GUIDANCE_H_INT 0 0 0 0 10 53
85.447 124 GUIDANCE_H_INT 0 0 0 0 10 53
85.491 124 GUIDANCE_H_INT 0 0 0 0 10 53
85.535 124 GUIDANCE_H_INT 0 0 0 0 10 53
85.579 124 GUIDANCE_H_INT 0 0 0 0 10 53
85.646 124 ROTORCRAFT_TUNE_HOVER 56 -224 0 56 -224 0 0 -5422 -3658 9179
85.667 124 PONG 
85.711 124 GUIDANCE_H_INT 0 0 0 0 10 53
85.755 124 GUIDANCE_H_INT 0 0 0 0 10 53
85.799 124 GUIDANCE_H_INT 0 0 0 0 10 53
85.843 124 GUIDANCE_H_INT 0 0 0 0 10 53
85.887 124 GUIDANCE_H_INT 0 0 0 0 10 53
85.953 124 GUIDANCE_H_INT 0 0 0 0 10 53
85.983 124 LINK_REPORT 124 -1 86 0 54425 1696 4 630. 22. 2537 222.88
85.997 124 GUIDANCE_H_INT 0 0 0 0 10 53
86.063 124 ROTORCRAFT_TUNE_HOVER 56 -224 0 56 -224 0 0 -5419 -3659 9149
86.107 124 GUIDANCE_H_INT 0 0 0 0 10 53
86.151 124 GUIDANCE_H_INT 0 0 0 0 10 53
86.173 124 DL_VALUE 27 1.169371
86.216 124 GUIDANCE_H_INT 0 0 0 0 10 53
86.239 124 ROTORCRAFT_STATUS 0 0 0 91 3 14 0 0 5 1 37 94
86.305 124 GUIDANCE_H_INT 0 0 0 0 10 53
86.349 124 GUIDANCE_H_INT 0 0 0 0 10 53
86.393 124 GUIDANCE_H_INT 0 0 0 0 10 53
86.437 124 GUIDANCE_H_INT 0 0 0 0 10 53
86.481 124 GUIDANCE_H_INT 0 0 0 0 10 53
86.525 124 GUIDANCE_H_INT 0 0 0 0 10 53
86.569 124 GUIDANCE_H_INT 0 0 0 0 10 53
86.635 124 ROTORCRAFT_TUNE_HOVER 56 -224 0 56 -224 0 0 -5414 -3661 9105
86.679 124 GUIDANCE_H_INT 0 0 0 0 10 53
86.745 124 ROTORCRAFT_TUNE_HOVER 56 -224 0 56 -224 0 0 -5413 -3661 9098
86.789 124 GUIDANCE_H_INT 0 0 0 0 10 53
86.855 124 GUIDANCE_H_INT 0 0 0 0 10 53
86.899 124 GUIDANCE_H_INT 0 0 0 0 10 53
86.965 124 ROTORCRAFT_TUNE_HOVER 56 -224 0 56 -224 0 0 -5413 -3661 9084
86.983 124 LINK_REPORT 124 -1 87 0 55069 1717 4 644. 21. 2567 222.88
87.009 124 ROTORCRAFT_TUNE_HOVER 56 -224 0 56 -224 0 0 -5413 -3661 9078
87.075 124 GUIDANCE_H_INT 0 0 0 0 10 53
87.098 124 ALIVE 250,239,0,216,55,64,129,17,219,79,213,213,217,41,1,1
87.141 124 GUIDANCE_H_INT 0 0 0 0 10 53
87.185 124 GUIDANCE_H_INT 0 0 0 0 10 53
87.207 124 DL_VALUE 28 0.85
87.251 124 GUIDANCE_H_INT 0 0 0 0 10 53
87.317 124 ROTORCRAFT_TUNE_HOVER 56 -224 0 56 -224 0 0 -5410 -3662 9059
87.361 124 GUIDANCE_H_INT 0 0 0 0 10 53
