8.703 124 WIND_INFO 124 42 0. 0. 0.
18.703 124 WIND_INFO 124 42 0. 0. 0.
28.704 124 WIND_INFO 124 42 0. 0. 0.
38.705 124 WIND_INFO 124 42 0. 0. 0.
48.705 124 WIND_INFO 124 42 0. 0. 0.
58.707 124 WIND_INFO 124 42 0. 0. 0.
68.707 124 WIND_INFO 124 42 0. 0. 0.
78.708 124 WIND_INFO 124 42 0. 0. 0.
88.709 124 WIND_INFO 124 42 0. 0. 0.
98.710 124 WIND_INFO 124 42 0. 0. 0.
108.710 124 WIND_INFO 124 42 0. 0. 0.
118.711 124 WIND_INFO 124 42 0. 0. 0.
128.712 124 WIND_INFO 124 42 0. 0. 0.
138.713 124 WIND_INFO 124 42 0. 0. 0.
148.715 124 WIND_INFO 124 42 0. 0. 0.
158.716 124 WIND_INFO 124 42 0. 0. 0.
168.716 124 WIND_INFO 124 42 0. 0. 0.
178.717 124 WIND_INFO 124 42 0. 0. 0.
188.718 124 WIND_INFO 124 42 0. 0. 0.
198.719 124 WIND_INFO 124 42 0. 0. 0.
208.720 124 WIND_INFO 124 42 0. 0. 0.
218.722 124 WIND_INFO 124 42 0. 0. 0.
228.723 124 WIND_INFO 124 42 0. 0. 0.
238.725 124 WIND_INFO 124 42 0. 0. 0.
248.726 124 WIND_INFO 124 42 0. 0. 0.
258.727 124 WIND_INFO 124 42 0. 0. 0.
268.728 124 WIND_INFO 124 42 0. 0. 0.
278.730 124 WIND_INFO 124 42 0. 0. 0.
288.731 124 WIND_INFO 124 42 0. 0. 0.
298.732 124 WIND_INFO 124 42 0. 0. 0.
308.733 124 WIND_INFO 124 42 0. 0. 0.
318.734 124 WIND_INFO 124 42 0. 0. 0.
328.735 124 WIND_INFO 124 42 0. 0. 0.
338.735 124 WIND_INFO 124 42 0. 0. 0.
348.737 124 WIND_INFO 124 42 0. 0. 0.
358.738 124 WIND_INFO 124 42 0. 0. 0.
368.738 124 WIND_INFO 124 42 0. 0. 0.
378.739 124 WIND_INFO 124 42 0. 0. 0.
388.740 124 WIND_INFO 124 42 0. 0. 0.
398.741 124 WIND_INFO 124 42 0. 0. 0.
408.743 124 WIND_INFO 124 42 0. 0. 0.
418.744 124 WIND_INFO 124 42 0. 0. 0.
428.745 124 WIND_INFO 124 42 0. 0. 0.
438.746 124 WIND_INFO 124 42 0. 0. 0.
448.748 124 WIND_INFO 124 42 0. 0. 0.
458.748 124 WIND_INFO 124 42 0. 0. 0.
468.749 124 WIND_INFO 124 42 0. 0. 0.
478.750 124 WIND_INFO 124 42 0. 0. 0.
488.750 124 WIND_INFO 124 42 0. 0. 0.
498.751 124 WIND_INFO 124 42 0. 0. 0.
508.752 124 WIND_INFO 124 42 0. 0. 0.
518.753 124 WIND_INFO 124 42 0. 0. 0.
528.754 124 WIND_INFO 124 42 0. 0. 0.
538.755 124 WIND_INFO 124 42 0. 0. 0.
548.756 124 WIND_INFO 124 42 0. 0. 0.
558.756 124 WIND_INFO 124 42 0. 0. 0.
568.757 124 WIND_INFO 124 42 0. 0. 0.
578.758 124 WIND_INFO 124 42 0. 0. 0.
588.758 124 WIND_INFO 124 42 0. 0. 0.
598.760 124 WIND_INFO 124 42 0. 0. 0.
608.760 124 WIND_INFO 124 42 0. 0. 0.
618.761 124 WIND_INFO 124 42 0. 0. 0.
628.762 124 WIND_INFO 124 42 0. 0. 0.
638.762 124 WIND_INFO 124 42 0. 0. 0.
648.763 124 WIND_INFO 124 42 0. 0. 0.
658.764 124 WIND_INFO 124 42 0. 0. 0.
668.764 124 WIND_INFO 124 42 0. 0. 0.
678.765 124 WIND_INFO 124 42 0. 0. 0.
688.767 124 WIND_INFO 124 42 0. 0. 0.
698.767 124 WIND_INFO 124 42 0. 0. 0.
708.766 124 WIND_INFO 124 42 0. 0. 0.
718.767 124 WIND_INFO 124 42 0. 0. 0.
728.768 124 WIND_INFO 124 42 0. 0. 0.
738.769 124 WIND_INFO 124 42 0. 0. 0.
748.769 124 WIND_INFO 124 42 0. 0. 0.
758.769 124 WIND_INFO 124 42 0. 0. 0.
768.770 124 WIND_INFO 124 42 0. 0. 0.
778.770 124 WIND_INFO 124 42 0. 0. 0.
788.770 124 WIND_INFO 124 42 0. 0. 0.
798.772 124 WIND_INFO 124 42 0. 0. 0.
808.772 124 WIND_INFO 124 42 0. 0. 0.
818.773 124 WIND_INFO 124 42 0. 0. 0.
828.775 124 WIND_INFO 124 42 0. 0. 0.
838.777 124 WIND_INFO 124 42 0. 0. 0.
848.778 124 WIND_INFO 124 42 0. 0. 0.
858.779 124 WIND_INFO 124 42 0. 0. 0.
868.780 124 WIND_INFO 124 42 0. 0. 0.
878.781 124 WIND_INFO 124 42 0. 0. 0.
888.783 124 WIND_INFO 124 42 0. 0. 0.
898.785 124 WIND_INFO 124 42 0. 0. 0.
908.786 124 WIND_INFO 124 42 0. 0. 0.
918.788 124 WIND_INFO 124 42 0. 0. 0.
928.790 124 WIND_INFO 124 42 0. 0. 0.
938.790 124 WIND_INFO 124 42 0. 0. 0.
948.793 124 WIND_INFO 124 42 0. 0. 0.
958.795 124 WIND_INFO 124 42 0. 0. 0.
968.796 124 WIND_INFO 124 42 0. 0. 0.
978.797 124 WIND_INFO 124 42 0. 0. 0.
988.800 124 WIND_INFO 124 42 0. 0. 0.
998.801 124 WIND_INFO 124 42 0. 0. 0.
1008.803 124 WIND_INFO 124 42 0. 0. 0.
1018.804 124 WIND_INFO 124 42 0. 0. 0.
1028.805 124 WIND_INFO 124 42 0. 0. 0.
1038.807 124 WIND_INFO 124 42 0. 0. 0.
1048.808 124 WIND_INFO 124 42 0. 0. 0.
1058.809 124 WIND_INFO 124 42 0. 0. 0.
1068.810 124 WIND_INFO 124 42 0. 0. 0.
1078.811 124 WIND_INFO 124 42 0. 0. 0.
1088.813 124 WIND_INFO 124 42 0. 0. 0.
1098.814 124 WIND_INFO 124 42 0. 0. 0.
1108.816 124 WIND_INFO 124 42 0. 0. 0.
1118.817 124 WIND_INFO 124 42 0. 0. 0.
1128.819 124 WIND_INFO 124 42 0. 0. 0.
1138.819 124 WIND_INFO 124 42 0. 0. 0.
1148.821 124 WIND_INFO 124 42 0. 0. 0.
1158.822 124 WIND_INFO 124 42 0. 0. 0.
1168.824 124 WIND_INFO 124 42 0. 0. 0.
1178.824 124 WIND_INFO 124 42 0. 0. 0.
1188.826 124 WIND_INFO 124 42 0. 0. 0.
1198.827 124 WIND_INFO 124 42 0. 0. 0.
1208.828 124 WIND_INFO 124 42 0. 0. 0.
1218.829 124 WIND_INFO 124 42 0. 0. 0.
1228.831 124 WIND_INFO 124 42 0. 0. 0.
1238.831 124 WIND_INFO 124 42 0. 0. 0.
1248.832 124 WIND_INFO 124 42 0. 0. 0.
1258.833 124 WIND_INFO 124 42 0. 0. 0.
1268.834 124 WIND_INFO 124 42 0. 0. 0.
1278.837 124 WIND_INFO 124 42 0. 0. 0.
1288.836 124 WIND_INFO 124 42 0. 0. 0.
1298.839 124 WIND_INFO 124 42 0. 0. 0.
1308.839 124 WIND_INFO 124 42 0. 0. 0.
1318.840 124 WIND_INFO 124 42 0. 0. 0.
1328.842 124 WIND_INFO 124 42 0. 0. 0.
1338.843 124 WIND_INFO 124 42 0. 0. 0.
1348.843 124 WIND_INFO 124 42 0. 0. 0.
1358.845 124 WIND_INFO 124 42 0. 0. 0.
1368.845 124 WIND_INFO 124 42 0. 0. 0.
1378.847 124 WIND_INFO 124 42 0. 0. 0.
1388.847 124 WIND_INFO 124 42 0. 0. 0.
1398.848 124 WIND_INFO 124 42 0. 0. 0.
1408.850 124 WIND_INFO 124 42 0. 0. 0.
1418.851 124 WIND_INFO 124 42 0. 0. 0.
1428.852 124 WIND_INFO 124 42 0. 0. 0.
1438.853 124 WIND_INFO 124 42 0. 0. 0.
1448.854 124 WIND_INFO 124 42 0. 0. 0.
1458.855 124 WIND_INFO 124 42 0. 0. 0.
1468.855 124 WIND_INFO 124 42 0. 0. 0.
1478.857 124 WIND_INFO 124 42 0. 0. 0.
1488.858 124 WIND_INFO 124 42 0. 0. 0.
1498.858 124 WIND_INFO 124 42 0. 0. 0.
1508.859 124 WIND_INFO 124 42 0. 0. 0.
1518.859 124 WIND_INFO 124 42 0. 0. 0.
1528.861 124 WIND_INFO 124 42 0. 0. 0.
1538.862 124 WIND_INFO 124 42 0. 0. 0.
1548.863 124 WIND_INFO 124 42 0. 0. 0.
1558.864 124 WIND_INFO 124 42 0. 0. 0.
1568.865 124 WIND_INFO 124 42 0. 0. 0.
1578.867 124 WIND_INFO 124 42 0. 0. 0.
1588.868 124 WIND_INFO 124 42 0. 0. 0.
1598.868 124 WIND_INFO 124 42 0. 0. 0.
1608.869 124 WIND_INFO 124 42 0. 0. 0.
1618.870 124 WIND_INFO 124 42 0. 0. 0.
1628.871 124 WIND_INFO 124 42 0. 0. 0.
1634.686 124 ROTORCRAFT_FP 0 0 0 0 0 0 0 0 0 0 0 0 0 0 0
1634.739 124 GPS_DIAGNOSTICS 0 0 0. 0. 0. 0. 0 0. 0 255
1634.832 124 GPS_INT 0 0 0 0 0 0 0 0 0 0 0 0 0 0 0 0
1634.842 124 ENERGY 3.5 0. 0 0.
1634.874 124 INS 0 0 0 0 0 0 0 0 10045
1634.937 124 ROTORCRAFT_FP 0 0 0 0 0 0 0 0 0 0 0 0 0 0 0
1634.990 124 GPS_DIAGNOSTICS 0 0 0. 0. 0. 0. 0 0. 0 255
1634.990 124 DL_VALUE 3 0.
