1212.303 124 LINK_REPORT 124 -1 4057 0 749474 15754 136 654. 16. 25528 166.76
1212.321 124 INS_REF 392433098 30036149 500219787 519906421 43767864 45230 40 0.
1212.387 124 INS 0 -2 118 -31457 -31457 1443762 0 0 1864
1212.476 124 GPS_DIAGNOSTICS 36 36 15.058653 0.066407 15.177501 0.065887 66407 151503.888889 65887 15
1212.586 124 GPS_INT 392433098 30036148 500219786 519906420 43767862 45222 30 3 -4 -3 0 0 0 0 4 3
1212.652 124 INS -2 -5 47 -10485 -15728 275650 0 0 872
1212.652 124 DL_VALUE 5 2224.
1212.762 124 GPS_INT 392433098 30036147 500219786 519906420 43767861 45222 30 1 -2 -2 0 0 0 0 4 3
1212.784 124 ROTORCRAFT_NAV_STATUS 1 1 0.9 0. 2 1 3
1212.827 124 ENERGY 3.5 0. 0 0.
1212.893 124 INS -2 -5 10 0 0 -20738 0 0 608
1212.981 124 GPS_DIAGNOSTICS 43 43 15.058653 0.066407 15.119901 0.066138 66407 137582.72093 66138 16
1213.070 124 GPS_INT 392433098 30036147 500219786 519906420 43767861 45222 30 0 -1 -1 0 0 0 0 4 3
1213.113 124 ROTORCRAFT_STATUS 0 0 0 90 3 14 0 0 5 1 35 6
1213.170 124 LINK_REPORT 124 -1 4058 0 750091 15769 136 617. 15. 25543 166.76
1213.202 124 GPS_DIAGNOSTICS 47 47 15.283509 0.06543 15.151515 0.066 65430 131483.638298 66000 16
1213.312 124 GPS_INT 392433098 30036147 500219786 519906420 43767861 45222 30 -1 0 0 0 0 0 0 4 3
1213.377 124 INS -2 -5 5 0 0 61027 0 0 567
1213.399 124 WP_MOVED_ENU 5 40 -232 478
1213.488 124 GPS_DIAGNOSTICS 51 51 15.283509 0.06543 15.163232 0.065949 65430 126341.27451 65949 16
1213.598 124 GPS_INT 392433098 30036147 500219786 519906420 43767861 45222 30 0 0 0 0 0 0 0 4 3
1213.685 124 ROTORCRAFT_FP -5 -2 -6 0 0 -72516 0 0 0 0 0 -6 0 0 0
1213.707 124 DL_VALUE 6 1.
1213.818 124 GPS_INT 392433098 30036147 500219786 519906420 43767861 45222 30 0 0 0 0 0 0 0 4 3
1213.818 124 STATE_FILTER_STATUS 3 2 0
1213.884 124 INS -2 -5 6 0 0 69993 0 0 501
1213.971 124 GPS_DIAGNOSTICS 58 58 11.377729 0.087891 11.362474 0.088009 87891 119444.534483 88009 22
1214.082 124 GPS_INT 392433098 30036147 500219786 519906420 43767861 45222 30 0 0 0 0 0 0 0 4 3
1214.147 124 INS -2 -5 7 0 0 71547 0 0 472
1214.171 124 LINK_REPORT 124 -1 4059 0 750746 15783 136 655. 14. 25558 166.76
1214.235 124 GPS_DIAGNOSTICS 62 62 15.283509 0.06543 15.152204 0.065997 65430 115991.241935 65997 16
1214.279 124 ROTORCRAFT_STATUS 0 0 0 90 3 14 0 0 5 1 36 7
1214.345 124 INS -2 -5 6 0 0 62355 0 0 442
1214.434 124 ROTORCRAFT_FP -5 -2 -6 0 0 -57570 0 0 0 0 0 -6 0 0 0
1214.544 124 GPS_INT 392433098 30036147 500219786 519906420 43767861 45222 30 0 0 0 0 0 0 0 4 3
1214.610 124 INS -2 -5 -3 0 0 -472057 -394 -1656 -9936
1214.697 124 ROTORCRAFT_FP -5 -2 17 0 0 720273 -22 -3965 12182 0 0 17 0 0 0
1214.741 124 WP_MOVED_ENU 6 40 -232 478
1214.830 124 GPS_INT 392433098 30036147 500219786 519906420 43767861 45222 30 0 0 0 0 0 0 0 4 3
1214.895 124 INS -2 -5 -43 0 0 -1160803 -413 -1486 -9742
1214.917 124 DL_VALUE 7 0.
1215.006 124 GPS_INT 392433098 30036147 500219786 519906420 43767861 45222 30 0 0 0 0 0 0 0 4 3
1215.072 124 INS -2 -5 -96 0 0 -1518185 -349 -1477 -9427
1215.172 124 LINK_REPORT 124 -1 4060 0 751340 15796 136 594. 13. 25573 166.76
1215.181 124 ROTORCRAFT_FP -5 -2 87 0 0 1424599 -107 -3966 12250 0 0 87 0 0 0
1215.270 124 GPS_INT 392433098 30036147 500219786 519906420 43767861 45222 30 0 0 0 0 0 0 0 4 3
1215.313 124 ENERGY 3.6 0. 0 0.
1215.379 124 INS -2 -5 -89 0 0 -1358149 -330 -1427 -8976
1215.467 124 GPS_DIAGNOSTICS 81 81 15.283509 0.06543 15.149679 0.066008 65430 104263.851852 66008 16
1215.511 124 ROTORCRAFT_STATUS 0 0 0 91 3 14 0 0 5 1 36 8
1215.600 124 GPS_INT 392433098 30036147 500219786 519906420 43767861 45222 30 0 0 0 0 0 0 0 4 3
1215.688 124 GPS_DIAGNOSTICS 84 84 15.283509 0.06543 15.207506 0.065757 65430 102900.190476 65757 16
1215.797 124 GPS_INT 392433098 30036147 500219786 519906420 43767861 45222 30 0 0 0 0 0 0 0 4 3
1215.863 124 INS -2 -5 -62 0 0 -1055361 -317 -1234 -8180
1215.951 124 ROTORCRAFT_FP -5 -2 89 0 0 1257172 -227 -3967 12343 0 0 89 0 0 0
1215.995 124 WP_MOVED_ENU 7 40 -232 478
1215.995 124 DL_VALUE 8 0.
1216.039 124 ROTORCRAFT_NAV_STATUS 4 4 0.9 0. 2 1 3
1216.105 124 INS -2 -5 -88 0 0 -1229544 -316 -1211 -7806
1216.173 124 LINK_REPORT 124 -1 4061 0 751992 15811 136 652. 15. 25588 166.76
1216.194 124 ROTORCRAFT_FP -5 -2 77 0 0 1147669 -265 -3967 12372 0 0 77 0 0 0
1216.303 124 GPS_INT 392433098 30036147 500219786 519906420 43767861 45222 30 0 0 0 0 0 0 0 4 3
1216.348 124 ALIVE 32,164,97,136,200,67,2,22,249,168,52,154,136,18,213,183
1216.413 124 INS -2 -5 -76 0 0 -1126538 -324 -1182 -7512
1216.413 124 PONG 
1216.501 124 GPS_DIAGNOSTICS 96 96 15.058653 0.066407 15.018398 0.066585 66407 98297.8125 66585 16
1216.567 124 INS -2 -5 -56 0 0 -948808 -279 -1120 -7181
1216.655 124 SUPERBITRF 6 1 1481 891 590 0 0 296 593 3947 17978 1062643290 216,231,166,59,75,255
1216.699 124 ROTORCRAFT_STATUS 0 0 0 91 3 14 0 0 5 1 36 9
1216.787 124 GPS_INT 392433098 30036147 500219786 519906420 43767861 45222 30 0 0 0 0 0 0 0 4 3
1216.812 124 UART_ERRORS 0 0 2730 3
1216.875 124 INS -2 -5 -47 0 0 -865232 -259 -1071 -6910
1216.964 124 GPS_DIAGNOSTICS 103 103 15.058653 0.066407 15.110762 0.066178 66407 96310.601942 66178 16
1216.986 124 STATE_FILTER_STATUS 3 3 0
1217.074 124 GPS_INT 392433098 30036147 500219786 519906420 43767861 45222 30 0 0 0 0 0 0 0 4 3
1217.095 124 DL_VALUE 9 2024.
1217.173 124 LINK_REPORT 124 -1 4062 0 752627 15827 136 635. 16. 25604 160.23
1217.183 124 GPS_DIAGNOSTICS 107 107 15.058653 0.066407 15.108707 0.066187 66407 95174.448598 66187 16
1217.227 124 WP_MOVED_ENU 8 40 -232 11998
1217.315 124 GPS_INT 392433098 30036147 500219786 519906420 43767861 45222 30 0 0 0 0 0 0 0 4 3
1217.337 124 DATALINK_REPORT 0 110 176 634 48
1217.403 124 INS -2 -5 -60 0 0 -933852 -312 -993 -6553
1217.514 124 GPS_DIAGNOSTICS 111 111 15.283509 0.06543 15.153352 0.065992 65430 94120.171171 65992 16
1217.601 124 GPS_INT 392433098 30036147 500219786 519906420 43767861 45222 30 0 0 0 0 0 0 0 4 3
1217.623 124 ROTORCRAFT_NAV_STATUS 6 6 0.9 0. 2 1 3
1217.733 124 GPS_DIAGNOSTICS 114 114 15.283509 0.06543 15.205657 0.065765 65430 93382.307018 65765 16
1217.821 124 GPS_INT 392433098 30036147 500219786 519906420 43767861 45222 30 0 0 0 0 0 0 0 4 3
1217.865 124 ENERGY 3.6 0. 0 0.
1217.887 124 ROTORCRAFT_STATUS 0 0 0 90 3 14 0 0 5 1 36 10
1217.975 124 GPS_DIAGNOSTICS 118 118 15.05888 0.066406 15.082729 0.066301 66406 92459.601695 66301 16
1218.085 124 GPS_INT 392433098 30036147 500219786 519906420 43767861 45222 30 0 0 0 0 0 0 0 4 3
1218.151 124 INS -2 -5 -64 0 0 -921685 -315 -795 -5880
1218.173 124 DL_VALUE 10 200.
1218.173 124 LINK_REPORT 124 -1 4063 0 753304 15843 136 677. 16. 25619 160.23
1218.262 124 GPS_INT 392433098 30036147 500219786 519906420 43767861 45222 30 0 0 0 0 0 0 0 4 3
1218.328 124 INS -2 -5 -56 0 0 -851994 -224 -814 -5718
1218.437 124 ROTORCRAFT_FP -5 -2 49 0 0 794955 -580 -3963 12586 0 0 49 0 0 0
1218.526 124 GPS_INT 392433098 30036147 500219786 519906420 43767861 45222 30 0 0 0 0 0 0 0 4 3
1218.547 124 WP_MOVED_ENU 9 40 -232 11998
1218.613 124 INS -2 -5 -49 0 0 -785951 -279 -785 -5464
1218.723 124 GPS_DIAGNOSTICS 130 130 15.283276 0.065431 15.152893 0.065994 65431 90009.653846 65994 16
1218.811 124 GPS_INT 392433098 30036147 500219786 519906420 43767861 45222 30 0 0 0 0 0 0 0 4 3
1218.877 124 INS -2 -5 -69 0 0 -908735 -301 -736 -5424
1218.965 124 GPS_DIAGNOSTICS 133 133 15.05888 0.066406 15.116244 0.066154 66406 89638.789474 66154 16
1219.075 124 GPS_INT 392433098 30036147 500219786 519906420 43767861 45222 30 0 0 0 0 0 0 0 4 3
1219.097 124 ROTORCRAFT_STATUS 0 0 0 92 3 14 0 0 5 1 36 12
1219.141 124 ROTORCRAFT_NAV_STATUS 8 8 0.9 0. 2 1 3
1219.174 124 LINK_REPORT 124 -1 4064 0 753923 15856 136 619. 13. 25634 160.23
1219.229 124 GPS_DIAGNOSTICS 137 137 15.058653 0.066407 15.105968 0.066199 66407 88946.226277 66199 16
1219.251 124 DL_VALUE 11 800.
1219.340 124 GPS_INT 392433098 30036147 500219786 519906420 43767861 45222 30 0 0 0 0 0 0 0 4 3
1219.449 124 ROTORCRAFT_FP -5 -2 40 0 0 680127 -700 -3959 12653 0 0 40 0 0 0
1219.537 124 GPS_INT 392433098 30036147 500219786 519906420 43767861 45222 30 0 0 0 0 0 0 0 4 3
1219.603 124 INS -2 -5 -39 0 0 -670280 -284 -574 -4915
1219.691 124 GPS_DIAGNOSTICS 144 144 15.283509 0.06543 15.207044 0.065759 65430 87830.208333 65759 16
1219.801 124 GPS_INT 392433098 30036147 500219786 519906420 43767861 45222 30 0 0 0 0 0 0 0 4 3
1219.867 124 INS -2 -5 -34 0 0 -618736 -297 -456 -4682
1219.889 124 WP_MOVED_ENU 10 40 -232 11998
1219.977 124 GPS_DIAGNOSTICS 148 148 15.283509 0.06543 15.205657 0.065765 65430 87238. 65765 16
1220.088 124 GPS_INT 392433098 30036147 500219786 519906420 43767861 45222 30 0 0 0 0 0 0 0 4 3
1220.153 124 INS -2 -5 -50 0 0 -733936 -281 -519 -4652
1220.175 124 LINK_REPORT 124 -1 4065 0 754568 15869 136 645. 13. 25649 160.23
1220.241 124 GPS_DIAGNOSTICS 152 152 15.05888 0.066406 15.114873 0.06616 66406 86683.381579 66160 16
1220.286 124 ROTORCRAFT_STATUS 0 0 0 90 3 14 0 0 5 1 36 13
1220.308 124 ENERGY 3.6 0. 0 0.
1220.373 124 INS -2 -5 -44 0 0 -681840 -265 -472 -4549
1220.395 124 DL_VALUE 12 0.
1220.483 124 GPS_DIAGNOSTICS 156 156 15.058653 0.066407 15.106653 0.066196 66407 86150.948718 66196 16
1220.527 124 ALIVE 32,164,97,136,200,67,2,22,249,168,52,154,136,18,213,183
1220.593 124 INS -2 -5 -39 0 0 -632600 -296 -512 -4475
1220.681 124 ROTORCRAFT_FP -5 -2 33 0 0 589440 -837 -3955 12715 0 0 33 0 0 0
1220.725 124 ROTORCRAFT_NAV_STATUS 9 9 0.9 0. 2 1 3
1220.818 124 GPS_INT 392433098 30036147 500219786 519906420 43767861 45222 30 0 0 0 0 0 0 0 4 3
1220.879 124 INS -2 -5 -33 0 0 -582657 -230 -337 -4362
1220.989 124 GPS_DIAGNOSTICS 163 163 15.283276 0.065431 15.25553 0.06555 65431 85285.067485 65550 16
1221.077 124 GPS_INT 392433098 30036147 500219786 519906420 43767861 45222 30 0 0 0 0 0 0 0 4 3
1221.143 124 INS -2 -5 -29 0 0 -538574 -317 -434 -4174
1221.165 124 WP_MOVED_ENU 11 40 -232 11998
1221.176 124 LINK_REPORT 124 -1 4066 0 755218 15885 136 650. 16. 25664 160.23
1221.275 124 GPS_DIAGNOSTICS 167 167 15.058653 0.066407 15.139358 0.066053 66407 84827.041916 66053 16
1221.341 124 INS -2 -5 -37 0 0 -596730 -287 -302 -4122
1221.429 124 ROTORCRAFT_FP -5 -2 31 0 0 554881 -910 -3953 12745 0 0 31 0 0 0
1221.451 124 PONG 
1221.473 124 ROTORCRAFT_STATUS 0 0 0 90 3 14 0 0 5 1 36 14
1221.495 124 DL_VALUE 13 1012.
1221.583 124 GPS_INT 392433098 30036147 500219786 519906420 43767861 45222 30 0 0 0 0 0 0 0 4 3
1221.649 124 INS -2 -5 -33 0 0 -554220 -216 -203 -4036
1221.760 124 GPS_INT 392433098 30036147 500219786 519906420 43767861 45222 30 0 0 0 0 0 0 0 4 3
1221.825 124 INS -2 -5 -27 0 0 -517370 -229 -228 -3998
1221.913 124 ROTORCRAFT_FP -5 -2 41 0 0 616669 -957 -3951 12765 0 0 41 0 0 0
1222.023 124 GPS_INT 392433098 30036147 500219786 519906420 43767861 45222 30 0 0 0 0 0 0 0 4 3
1222.089 124 INS -2 -5 -41 0 0 -608972 -214 -134 -3890
1222.176 124 LINK_REPORT 124 -1 4067 0 755799 15898 136 581. 13. 25680 197.33
1222.177 124 ROTORCRAFT_FP -5 -2 36 0 0 568747 -979 -3950 12771 0 0 36 0 0 0
1222.287 124 GPS_INT 392433098 30036147 500219786 519906420 43767861 45222 30 0 0 0 0 0 0 0 4 3
1222.353 124 INS -2 -5 -36 0 0 -565823 -212 -142 -3826
1222.375 124 ROTORCRAFT_NAV_STATUS 11 11 0.9 0. 2 1 3
1222.397 124 DATALINK_REPORT 0 187 248 631 83
1222.441 124 WP_MOVED_ENU 0 10956 10549 512
1222.507 124 INS_REF 392433098 30036149 500219787 519906421 43767864 45230 40 0.
1222.595 124 GPS_INT 392433098 30036147 500219786 519906420 43767861 45222 30 0 0 0 0 0 0 0 4 3
1222.617 124 DL_VALUE 14 213.
1222.639 124 ALIVE 32,164,97,136,200,67,2,22,249,168,52,154,136,18,213,183
1222.683 124 ROTORCRAFT_STATUS 0 0 0 91 3 14 0 0 5 1 36 15
1222.771 124 GPS_INT 392433098 30036147 500219786 519906420 43767861 45222 30 0 0 0 0 0 0 0 4 3
1222.815 124 ENERGY 3.6 0. 0 0.
1222.881 124 INS -2 -5 -27 0 0 -487275 -238 -76 -3781
1222.969 124 GPS_DIAGNOSTICS 192 192 15.283509 0.06543 15.217921 0.065712 65430 82830.380208 65712 15
1223.079 124 GPS_INT 392433098 30036147 500219786 519906420 43767861 45222 30 0 0 0 0 0 0 0 4 3
1223.145 124 INS -2 -5 -23 0 0 -451980 -294 -87 -3608
1223.177 124 LINK_REPORT 124 -1 4068 0 756466 15915 136 667. 17. 25695 197.33
1223.233 124 GPS_DIAGNOSTICS 196 196 15.283509 0.06543 15.210051 0.065746 65430 82485.239796 65746 16
1223.321 124 GPS_INT 392433098 30036147 500219786 519906420 43767861 45222 30 0 0 0 0 0 0 0 4 3
1223.387 124 INS -2 -5 -32 0 0 -511919 -285 -81 -3535
1223.409 124 STATE_FILTER_STATUS 3 3 0
1223.497 124 GPS_DIAGNOSTICS 200 200 15.283276 0.065431 15.128822 0.066099 65431 82266.21 66099 16
1223.608 124 GPS_INT 392433098 30036147 500219786 519906420 43767861 45222 30 0 0 0 0 0 0 0 4 3
1223.673 124 INS -2 -5 -26 0 0 -466000 -217 -64 -3444
1223.673 124 DL_VALUE 15 129.
1223.717 124 WP_MOVED_ENU 1 -43 227 512
1223.805 124 GPS_INT 392433098 30036147 500219786 519906420 43767861 45222 30 0 0 0 0 0 0 0 4 3
1223.872 124 INS -2 -5 -22 0 0 -431579 -182 -14 -3516
1223.915 124 ROTORCRAFT_STATUS 0 0 0 91 3 14 0 0 5 1 36 16
1224.003 124 GPS_DIAGNOSTICS 207 207 15.283509 0.06543 15.214911 0.065725 65430 81715.743961 65725 16
1224.025 124 ROTORCRAFT_NAV_STATUS 12 12 0.9 0. 2 1 3
1224.091 124 INS -2 -5 -34 0 0 -514620 -281 22 -3340
1224.179 124 LINK_REPORT 124 -1 4069 0 757081 15930 136 615. 15. 25710 197.33
1224.201 124 ROTORCRAFT_FP -5 -2 30 0 0 481748 -1141 -3943 12806 0 0 30 0 0 0
1224.289 124 GPS_INT 392433098 30036147 500219786 519906420 43767861 45222 30 0 0 0 0 0 0 0 4 3
1224.355 124 INS -2 -5 -30 0 0 -480847 -213 51 -3325
1224.465 124 GPS_DIAGNOSTICS 215 215 15.058653 0.066407 15.095251 0.066246 66407 81132.47907 66246 16
1224.553 124 GPS_INT 392433098 30036147 500219786 519906420 43767861 45222 30 0 0 0 0 0 0 0 4 3
1224.619 124 INS -2 -5 -26 0 0 -449053 -266 33 -3212
1224.663 124 ALIVE 32,164,97,136,200,67,2,22,249,168,52,154,136,18,213,183
1224.751 124 GPS_DIAGNOSTICS 218 218 15.058653 0.066407 15.151974 0.065998 66407 80925.353211 65998 16
1224.773 124 DL_VALUE 16 300.
1224.839 124 INS -2 -5 -22 0 0 -416652 -244 50 -3061
1224.927 124 ROTORCRAFT_FP -5 -2 33 0 0 495165 -1194 -3941 12812 0 0 33 0 0 0
1225.037 124 GPS_INT 392433098 30036147 500219786 519906420 43767861 45222 30 0 0 0 0 0 0 0 4 3
1225.059 124 WP_MOVED_ENU 2 -43 227 512
1225.103 124 ROTORCRAFT_STATUS 0 0 0 90 3 14 0 0 5 1 36 18
1225.179 124 LINK_REPORT 124 -1 4070 0 757715 15944 136 634. 14. 25725 197.33
1225.191 124 ROTORCRAFT_FP -5 -2 29 0 0 464703 -1209 -3939 12812 0 0 29 0 0 0
1225.301 124 GPS_INT 392433098 30036147 500219786 519906420 43767861 45222 30 0 0 0 0 0 0 0 4 3
1225.323 124 ENERGY 3.6 0. 0 0.
1225.389 124 INS -2 -5 -30 0 0 -464545 -321 162 -3006
1225.477 124 GPS_DIAGNOSTICS 230 230 15.05888 0.066406 15.104828 0.066204 66406 80146.626087 66204 16
1225.587 124 GPS_INT 392433098 30036147 500219786 519906420 43767861 45222 30 0 0 0 0 0 0 0 4 3
1225.609 124 ROTORCRAFT_NAV_STATUS 14 14 0.9 0. 2 1 3
1225.719 124 GPS_DIAGNOSTICS 234 234 15.058653 0.066407 15.100038 0.066225 66407 79903.410256 66225 16
1225.808 124 GPS_INT 392433098 30036147 500219786 519906420 43767861 45222 30 0 0 0 0 0 0 0 4 3
1225.873 124 INS -2 -5 -19 0 0 -371970 -166 201 -2980
1225.895 124 DL_VALUE 17 600.
1225.983 124 GPS_DIAGNOSTICS 237 237 15.283509 0.06543 15.209819 0.065747 65430 79819.097046 65747 16
1226.071 124 GPS_INT 392433098 30036147 500219786 519906420 43767861 45222 30 0 0 0 0 0 0 0 4 3
1226.137 124 INS -2 -5 -29 0 0 -445680 -240 235 -2929
1226.180 124 LINK_REPORT 124 -1 4071 0 758382 15958 136 667. 14. 25740 197.33
1226.247 124 GPS_DIAGNOSTICS 241 241 15.058653 0.066407 15.098214 0.066233 66407 79592.435685 66233 16
1226.269 124 ROTORCRAFT_STATUS 0 0 0 91 3 14 0 0 5 1 36 19
1226.335 124 INS -2 -5 -25 0 0 -417635 -203 229 -2792
