2.234 11 BLOCK 3 11
2.947 11 LINK_REPORT 11 -1 10185 0 9381977 167919 0 1401. 25. 607330 5.01
2.972 11 GPS_INT 392433210 30036178 500219703 519906293 43767894 45276 81 0 0 0 0 0 0 0 5 3
3.072 11 ROTORCRAFT_FP 7 -133 -2 0 0 -1660 79 128 -3689 15 -133 -2 -3689 0 401
3.077 11 POS_CTRL 0. 0. 0. 0. 0. 0. 0. 16 0. 0. 0. 0. 0. 0. 0. 0. 0. 0. 0. 0. 0. 0. 0. 0. 0.
3.123 11 INS -133 7 2 0 0 2552 30 4 98
3.173 11 WINDTUNNEL 0 0.487306 -0.111941 4.92589 -1.470923 0.
3.216 11 ROTORCRAFT_NAV_STATUS 1 1 0.1 0. 3 1 3
3.224 11 GPS_INT 392433210 30036178 500219703 519906293 43767894 45276 81 0 0 0 0 0 0 0 5 3
3.323 11 ROTORCRAFT_FP 7 -133 -2 0 0 -2373 81 128 -3689 15 -133 -2 -3689 0 401
3.329 11 POS_CTRL 0. 0. 0. 0. 0. 0. 0. 16 0. 0. 0. 0. 0. 0. 0. 0. 0. 0. 0. 0. 0. 0. 0. 0. 0.
3.349 11 ROTORCRAFT_STATUS 0 70 0 29 3 13 0 1 4 5 111 4344
3.372 11 INS -133 7 2 0 0 1655 17 -100 17
3.423 11 WINDTUNNEL 0 0.487306 -0.111941 4.92589 -1.470923 0.
3.474 11 GPS_INT 392433210 30036178 500219703 519906293 43767894 45276 81 0 0 0 0 0 0 0 5 3
3.559 11 LINK_REPORT 11 -1 10186 0 9383336 167942 0 1359. 23. 607390 5.01
3.574 11 ROTORCRAFT_FP 7 -133 -2 0 0 -731 79 130 -3690 15 -133 -2 -3689 0 401
3.578 11 POS_CTRL 0. 0. 0. 0. 0. 0. 0. 16 0. 0. 0. 0. 0. 0. 0. 0. 0. 0. 0. 0. 0. 0. 0. 0. 0.
3.622 11 INS -133 7 2 0 0 903 31 12 19
3.661 11 WP_MOVED_ENU 7 1297 -366 721
3.673 11 WINDTUNNEL 0 0.487306 -0.111941 4.92589 -1.470923 0.
3.722 11 GPS_INT 392433210 30036178 500219703 519906293 43767894 45276 81 0 0 0 0 0 0 0 5 3
3.754 11 WIND_INFO 11 42 0. 0. 0.
3.822 11 ROTORCRAFT_FP 7 -133 -2 0 0 -769 81 130 -3690 15 -133 -2 -3689 0 401
3.826 11 POS_CTRL 0. 0. 0. 0. 0. 0. 0. 16 0. 0. 0. 0. 0. 0. 0. 0. 0. 0. 0. 0. 0. 0. 0. 0. 0.
3.832 11 DL_VALUE 45 0.
3.872 11 INS -133 7 2 0 0 2615 32 10 97
3.923 11 WINDTUNNEL 0 0.487306 -0.111941 4.92589 -1.470923 0.
3.973 11 GPS_INT 392433210 30036178 500219703 519906293 43767894 45276 81 0 0 0 0 0 0 0 5 3
3.975 11 ENERGY 11.3 0. 493 0.
4.072 11 ROTORCRAFT_FP 7 -133 -2 0 0 -3165 81 131 -3689 15 -133 -2 -3689 0 401
4.080 11 POS_CTRL 0. 0. 0. 0. 0. 0. 0. 16 0. 0. 0. 0. 0. 0. 0. 0. 0. 0. 0. 0. 0. 0. 0. 0. 0.
4.094 11 PONG 
4.124 11 INS -133 7 2 0 0 2826 31 13 97
4.173 11 WINDTUNNEL 0 0.487306 -0.111941 4.92589 -1.470923 0.
4.218 11 STATE_FILTER_STATUS 3 3 0
4.223 11 GPS_INT 392433210 30036178 500219703 519906293 43767894 45276 81 0 0 0 0 0 0 0 5 3
4.322 11 ROTORCRAFT_FP 7 -133 -2 0 0 -2080 81 132 -3689 15 -133 -2 -3689 0 401
4.329 11 POS_CTRL 0. 0. 0. 0. 0. 0. 0. 16 0. 0. 0. 0. 0. 0. 0. 0. 0. 0. 0. 0. 0. 0. 0. 0. 0.
4.370 11 ALIVE 199,46,77,35,184,175,54,147,117,161,102,180,3,122,23,240
4.373 11 INS -133 7 2 0 0 1400 -93 -80 16
4.424 11 WINDTUNNEL 0 0.487306 -0.111941 4.92589 -1.470923 0.
4.472 11 GPS_INT 392433210 30036178 500219703 519906293 43767894 45276 81 0 0 0 0 0 0 0 5 3
4.548 11 ROTORCRAFT_STATUS 0 70 0 30 3 13 0 1 4 5 113 4345
4.560 11 LINK_REPORT 11 -1 10187 0 9384752 167969 0 1416. 27. 607452 4.07
4.572 11 ROTORCRAFT_FP 7 -133 -2 0 0 -8 82 132 -3689 15 -133 -2 -3689 0 401
4.578 11 POS_CTRL 0. 0. 0. 0. 0. 0. 0. 16 0. 0. 0. 0. 0. 0. 0. 0. 0. 0. 0. 0. 0. 0. 0. 0. 0.
4.622 11 INS -133 7 2 0 0 185 16 -92 16
4.673 11 WINDTUNNEL 0 0.487306 -0.111941 4.92589 -1.470923 0.
4.723 11 GPS_INT 392433210 30036178 500219703 519906293 43767894 45276 81 0 0 0 0 0 0 0 5 3
4.816 11 ROTORCRAFT_NAV_STATUS 3 3 0.1 0. 3 1 3
4.822 11 ROTORCRAFT_FP 7 -133 -2 0 0 -1897 82 133 -3689 15 -133 -2 -3689 0 401
4.826 11 POS_CTRL 0. 0. 0. 0. 0. 0. 0. 16 0. 0. 0. 0. 0. 0. 0. 0. 0. 0. 0. 0. 0. 0. 0. 0. 0.
4.874 11 INS -133 7 2 0 0 1460 77 -44 96
4.924 11 WINDTUNNEL 0 0.487306 -0.111941 4.92589 -1.470923 0.
4.932 11 DL_VALUE 46 0.
4.959 11 WP_MOVED_ENU 8 -215 -1331 721
4.974 11 GPS_INT 392433210 30036178 500219703 519906293 43767894 45276 81 0 0 0 0 0 0 0 5 3
5.074 11 ROTORCRAFT_FP 7 -133 -2 0 0 -1379 82 134 -3688 15 -133 -2 -3689 0 401
5.080 11 POS_CTRL 0. 0. 0. 0. 0. 0. 0. 16 0. 0. 0. 0. 0. 0. 0. 0. 0. 0. 0. 0. 0. 0. 0. 0. 0.
5.127 11 INS -133 7 2 0 0 984 -33 -26 18
5.178 11 WINDTUNNEL 0 0.487306 -0.111941 4.92589 -1.470923 0.
5.227 11 GPS_INT 392433210 30036178 500219703 519906293 43767894 45276 81 0 0 0 0 0 0 0 5 3
5.326 11 ROTORCRAFT_FP 7 -133 -2 0 0 -2480 81 135 -3688 15 -133 -2 -3689 0 401
5.331 11 POS_CTRL 0. 0. 0. 0. 0. 0. 0. 16 0. 0. 0. 0. 0. 0. 0. 0. 0. 0. 0. 0. 0. 0. 0. 0. 0.
5.376 11 INS -133 7 2 0 0 1634 -109 -185 13
5.428 11 WINDTUNNEL 0 0.487306 -0.111941 4.92589 -1.470923 0.
5.476 11 GPS_INT 392433210 30036178 500219703 519906293 43767894 45276 81 0 0 0 0 0 0 0 5 3
5.550 11 DATALINK_REPORT 0 62784 43020 1377 0
5.560 11 LINK_REPORT 11 -1 10188 0 9386122 167993 0 1370. 24. 607511 4.07
5.576 11 ROTORCRAFT_FP 7 -133 -2 0 0 -1621 81 135 -3688 15 -133 -2 -3689 0 401
5.581 11 POS_CTRL 0. 0. 0. 0. 0. 0. 0. 16 0. 0. 0. 0. 0. 0. 0. 0. 0. 0. 0. 0. 0. 0. 0. 0. 0.
5.626 11 INS -133 7 2 0 0 2488 233 -110 -63
5.632 11 AUTOPILOT_VERSION 50600 v5.6.0_stable-39-ga52ba85-dirty
5.650 11 INS_REF 392433170 30036171 500219735 519906340 43767889 45278 82 0.
5.676 11 WINDTUNNEL 0 0.487306 -0.111941 4.92589 -1.470923 0.
5.727 11 GPS_INT 392433210 30036178 500219703 519906293 43767894 45276 81 0 0 0 0 0 0 0 5 3
5.751 11 ROTORCRAFT_STATUS 0 70 0 29 3 13 0 1 4 5 113 4347
5.826 11 ROTORCRAFT_FP 7 -133 -2 0 0 -1724 81 135 -3687 15 -133 -2 -3689 0 401
5.830 11 POS_CTRL 0. 0. 0. 0. 0. 0. 0. 16 0. 0. 0. 0. 0. 0. 0. 0. 0. 0. 0. 0. 0. 0. 0. 0. 0.
5.876 11 INS -133 7 2 0 0 913 -49 -138 92
5.928 11 WINDTUNNEL 0 0.487306 -0.111941 4.92589 -1.470923 0.
5.976 11 GPS_INT 392433210 30036178 500219703 519906293 43767894 45276 81 0 0 0 0 0 0 0 5 3
6.035 11 DL_VALUE 47 380.
6.076 11 ROTORCRAFT_FP 7 -133 -2 0 0 232 81 135 -3687 15 -133 -2 -3689 0 401
6.080 11 POS_CTRL 0. 0. 0. 0. 0. 0. 0. 16 0. 0. 0. 0. 0. 0. 0. 0. 0. 0. 0. 0. 0. 0. 0. 0. 0.
6.126 11 INS -133 7 2 0 0 -1026 -37 -21 -60
6.177 11 WINDTUNNEL 0 0.487306 -0.111941 4.92589 -1.470923 0.
6.227 11 GPS_INT 392433210 30036178 500219703 519906293 43767894 45276 81 0 0 0 0 0 0 0 5 3
6.263 11 WP_MOVED_ENU 9 -1167 192 724
6.326 11 ROTORCRAFT_FP 7 -133 -2 0 0 -881 82 137 -3688 15 -133 -2 -3689 0 401
6.331 11 POS_CTRL 0. 0. 0. 0. 0. 0. 0. 16 0. 0. 0. 0. 0. 0. 0. 0. 0. 0. 0. 0. 0. 0. 0. 0. 0.
6.377 11 INS -133 7 2 0 0 1421 8 -83 15
6.402 11 BLOCK 13 11
6.419 11 ROTORCRAFT_NAV_STATUS 0 0 0.1 0. 13 0 0
6.428 11 WINDTUNNEL 0 0.487306 -0.111941 4.92589 -1.470923 0.
6.475 11 ALIVE 199,46,77,35,184,175,54,147,117,161,102,180,3,122,23,240
6.479 11 GPS_INT 392433210 30036178 500219703 519906293 43767894 45276 81 0 0 0 0 0 0 0 5 3
6.479 11 ENERGY 11.3 0. 493 0.
6.560 11 LINK_REPORT 11 -1 10189 0 9387623 168021 0 1501. 28. 607571 4.07
6.576 11 ROTORCRAFT_FP 7 -133 1 -10485 -5242 231014 42 81 -3714 -844 107 204 -3714 7111 401
6.580 11 POS_CTRL 0. 0. 0. 0. 0. 0. 0. 16 0. 0. 0. 0. 0. 0. 0. 0. 0. 0. 0. 0. 0. 0. 0. 0. 0.
6.626 11 INS -133 7 -9 -15728 -15728 -358897 246 -1860 -4104
6.677 11 WINDTUNNEL 0 0.487306 -0.111941 4.92589 -1.470923 0.
6.727 11 GPS_INT 392433217 30036178 500219710 519906292 43767893 45375 180 50 -1 61 0 0 0 0 5 3
6.826 11 ROTORCRAFT_FP 5 -135 50 -62914 -5242 464932 -17 -3 -3597 -844 107 204 -3597 6204 401
6.833 11 POS_CTRL 0. 0. 0. 0. 0. 0. 0. 16 0. 0. 0. 0. 0. 0. 0. 0. 0. 0. 0. 0. 0. 0. 0. 0. 0.
6.876 11 INS -135 2 -61 -5242 -78643 -454249 -2038 110 272
6.927 11 WINDTUNNEL 0 0.487306 -0.111941 4.92589 -1.470923 0.
6.951 11 ROTORCRAFT_STATUS 0 70 0 30 3 13 0 1 4 5 109 4348
6.978 11 GPS_INT 392433231 30036175 500219728 519906292 43767888 45601 406 50 -14 63 0 0 0 0 5 3
7.076 11 ROTORCRAFT_FP -7 -135 102 -110100 -5242 378680 8 14 -3335 -844 107 204 -3335 5898 401
7.081 11 POS_CTRL 0. 0. 0. 0. 0. 0. 0. 16 0. 0. 0. 0. 0. 0. 0. 0. 0. 0. 0. 0. 0. 0. 0. 0. 0.
7.126 11 INS -135 -10 -111 0 -115343 -358219 -1352 600 1048
7.137 11 DL_VALUE 48 21.6
7.178 11 WINDTUNNEL 0 0.487306 -0.111941 4.92589 -1.470923 0.
7.227 11 GPS_INT 392433241 30036171 500219741 519906292 43767880 45765 569 39 -22 48 0 0 0 0 5 3
7.326 11 ROTORCRAFT_FP -20 -135 140 -146800 0 260774 -20 -7 -3014 -844 107 204 -3014 5832 401
7.332 11 POS_CTRL 0. 0. 0. 0. 0. 0. 0. 16 0. 0. 0. 0. 0. 0. 0. 0. 0. 0. 0. 0. 0. 0. 0. 0. 0.
7.376 11 INS -135 -25 -146 5242 -162529 -239141 -478 239 414
7.421 11 STATE_FILTER_STATUS 3 3 0
7.428 11 WINDTUNNEL 0 0.487306 -0.111941 4.92589 -1.470923 0.
7.476 11 GPS_INT 392433250 30036163 500219751 519906293 43767868 45896 700 30 -40 39 0 0 0 0 5 3
7.561 11 LINK_REPORT 11 -1 10190 0 9388971 168044 0 1348. 23. 607631 4.07
7.562 11 WP_MOVED_ENU 10 325 1128 724
7.576 11 ROTORCRAFT_FP -46 -133 167 -204472 10485 204667 -72 -77 -3033 -844 107 204 -2868 5798 402
7.580 11 POS_CTRL 0. 0. 0. 0. 0. 0. 0. 16 0. 0. 0. 0. 0. 0. 0. 0. 0. 0. 0. 0. 0. 0. 0. 0. 0.
7.626 11 INS -133 -48 -171 15728 -214957 -187839 -1230 708 505
7.677 11 WINDTUNNEL 0 0.487306 -0.111941 4.92589 -1.470923 0.
7.727 11 GPS_INT 392433255 30036154 500219758 519906293 43767854 45976 780 15 -47 25 0 0 0 0 5 3
7.826 11 ROTORCRAFT_FP -74 -130 184 -319815 47185 102458 -377 -659 -2890 -844 107 204 -2868 5998 402
7.833 11 POS_CTRL 0. 0. 0. 0. 0. 0. 0. 16 0. 0. 0. 0. 0. 0. 0. 0. 0. 0. 0. 0. 0. 0. 0. 0. 0.
7.876 11 INS -128 -87 -186 68157 -377487 -78515 -732 -1791 358
7.927 11 WINDTUNNEL 0 0.487306 -0.111941 4.92589 -1.470923 0.
7.979 11 GPS_INT 392433256 30036136 500219764 519906296 43767827 46021 825 -1 -91 20 0 0 0 0 5 3
8.018 11 ROTORCRAFT_NAV_STATUS 2 2 0.6 3. 13 0 0
8.076 11 ROTORCRAFT_FP -135 -117 191 -587202 131071 37574 -486 -860 -2797 -844 107 204 -2868 6188 402
8.082 11 POS_CTRL 0. 0. 0. 0. 0. 0. 0. 16 0. 0. 0. 0. 0. 0. 0. 0. 0. 0. 0. 0. 0. 0. 0. 0. 0.
8.126 11 INS -115 -145 -192 146800 -623902 -29306 1558 -1732 37
8.150 11 ROTORCRAFT_STATUS 0 70 0 29 3 13 1 1 4 5 109 4349
8.179 11 WINDTUNNEL 0 0.487306 -0.111941 4.92589 -1.470923 0.
8.227 11 GPS_INT 392433254 30036108 500219769 519906303 43767787 46033 838 -17 -139 24 0 0 0 0 5 3
8.235 11 DL_VALUE 49 0.028552
8.326 11 ROTORCRAFT_FP -217 -94 192 -807402 220200 5975 -366 -696 -2788 -844 107 204 -2868 6210 402
8.332 11 POS_CTRL 0. 0. 0. 0. 0. 0. 0. 16 0. 0. 0. 0. 0. 0. 0. 0. 0. 0. 0. 0. 0. 0. 0. 0. 0.
8.376 11 INS -87 -243 -192 241172 -859831 -6517 1603 -2361 -176
8.428 11 WINDTUNNEL 0 0.487306 -0.111941 4.92589 -1.470923 0.
8.480 11 GPS_INT 392433247 30036064 500219777 519906314 43767724 46032 837 -28 -177 31 0 0 0 0 5 3
8.562 11 LINK_REPORT 11 -1 10191 0 9390349 168068 0 1378. 24. 607691 4.07
8.572 11 ALIVE 199,46,77,35,184,175,54,147,117,161,102,180,3,122,23,240
8.577 11 ROTORCRAFT_FP -335 -58 192 -954203 288358 6276 -179 -365 -2842 -844 107 204 -2868 6172 403
8.580 11 POS_CTRL 0. 0. 0. 0. 0. 0. 0. 16 0. 0. 0. 0. 0. 0. 0. 0. 0. 0. 0. 0. 0. 0. 0. 0. 0.
8.627 11 INS -56 -350 -191 298843 -959446 -2575 659 -553 -331
8.678 11 WINDTUNNEL 0 0.487306 -0.111941 4.92589 -1.470923 0.
8.727 11 GPS_INT 392433239 30036021 500219785 519906326 43767663 46027 831 -33 -186 35 0 0 0 0 5 3
8.826 11 ROTORCRAFT_FP -442 -25 189 -954203 309329 3241 8 -18 -2877 -844 107 204 -2868 6192 403
8.832 11 POS_CTRL 0. 0. 0. 0. 0. 0. 0. 16 0. 0. 0. 0. 0. 0. 0. 0. 0. 0. 0. 0. 0. 0. 0. 0. 0.
8.860 11 WP_MOVED_ENU 0 10956 10549 768
8.877 11 INS -12 -476 -189 309329 -933231 -5199 273 1508 -112
8.927 11 WINDTUNNEL 0 0.487306 -0.111941 4.92589 -1.470923 0.
8.976 11 GPS_INT 392433230 30035973 500219794 519906340 43767594 46026 831 -32 -174 37 0 0 0 0 5 3
8.979 11 ENERGY 10.9 4.572 496 49.834797
9.076 11 ROTORCRAFT_FP -560 15 190 -854588 293601 13353 99 220 -2865 -844 107 204 -2868 6212 403
9.080 11 POS_CTRL 0. 0. 0. 0. 0. 0. 0. 16 0. 0. 0. 0. 0. 0. 0. 0. 0. 0. 0. 0. 0. 0. 0. 0. 0.
9.093 11 PONG 
9.126 11 INS 20 -573 -190 283115 -838860 -14539 -1663 1758 -308
9.177 11 WINDTUNNEL 0 0.487306 -0.111941 4.92589 -1.470923 0.
9.227 11 GPS_INT 392433224 30035935 500219803 519906352 43767540 46034 838 -27 -150 34 0 0 0 0 5 3
9.326 11 ROTORCRAFT_FP -650 46 193 -713031 246415 41582 218 344 -2808 -844 107 204 -2868 6199 403
9.332 11 POS_CTRL 0. 0. 0. 0. 0. 0. 0. 16 0. 0. 0. 0. 0. 0. 0. 0. 0. 0. 0. 0. 0. 0. 0. 0. 0.
9.335 11 DL_VALUE 50 380.
9.349 11 ROTORCRAFT_STATUS 0 70 0 30 3 13 1 1 4 5 109 4350
9.377 11 INS 53 -673 -194 241172 -665845 -47254 -1169 506 144
9.428 11 WINDTUNNEL 0 0.487306 -0.111941 4.92589 -1.470923 0.
9.478 11 GPS_INT 392433217 30035900 500219812 519906363 43767489 46051 855 -18 -116 33 0 0 0 0 5 3
9.562 11 LINK_REPORT 11 -1 10192 0 9391755 168094 0 1406. 26. 607751 2.31
9.576 11 ROTORCRAFT_FP -729 76 198 -529530 199229 56668 173 422 -2832 -844 107 204 -2868 6176 404
9.580 11 POS_CTRL 0. 0. 0. 0. 0. 0. 0. 16 0. 0. 0. 0. 0. 0. 0. 0. 0. 0. 0. 0. 0. 0. 0. 0. 0.
9.618 11 ROTORCRAFT_NAV_STATUS 4 4 3.1 0.5 13 0 0
9.626 11 INS 79 -737 -200 178257 -519044 -63392 71 -270 176
9.677 11 WINDTUNNEL 0 0.487306 -0.111941 4.92589 -1.470923 0.
9.727 11 GPS_INT 392433214 30035877 500219819 519906371 43767456 46076 880 -11 -88 28 0 0 0 0 5 3
9.829 11 ROTORCRAFT_FP -780 94 206 -403701 136314 74977 180 407 -2855 -844 107 204 -2868 6119 404
9.831 11 POS_CTRL 0. 0. 0. 0. 0. 0. 0. 16 0. 0. 0. 0. 0. 0. 0. 0. 0. 0. 0. 0. 0. 0. 0. 0. 0.
9.876 11 INS 99 -793 -208 115343 -367001 -77875 -660 2700 501
9.927 11 WINDTUNNEL 0 0.487306 -0.111941 4.92589 -1.470923 0.
9.976 11 GPS_INT 392433213 30035857 500219826 519906377 43767428 46114 918 -3 -60 22 0 0 0 0 5 3
10.076 11 ROTORCRAFT_FP -824 110 217 -272629 78643 85203 189 388 -2856 -844 107 204 -2868 6057 404
10.080 11 POS_CTRL 0. 0. 0. 0. 0. 0. 0. 16 0. 0. 0. 0. 0. 0. 0. 0. 0. 0. 0. 0. 0. 0. 0. 0. 0.
10.127 11 INS 110 -829 -219 73400 -251658 -84458 37 209 311
10.159 11 WP_MOVED_ENU 1 30 -135 768
10.177 11 WINDTUNNEL 0 0.487306 -0.111941 4.92589 -1.470923 0.
10.227 11 GPS_INT 392433213 30035846 500219831 519906380 43767412 46148 952 2 -40 17 0 0 0 0 5 3
10.326 11 ROTORCRAFT_FP -849 117 225 -178257 41943 77617 158 318 -2869 -844 107 204 -2868 6026 404
10.332 11 POS_CTRL 0. 0. 0. 0. 0. 0. 0. 16 0. 0. 0. 0. 0. 0. 0. 0. 0. 0. 0. 0. 0. 0. 0. 0. 0.
10.377 11 INS 117 -855 -227 31457 -152043 -76047 -723 273 -39
10.428 11 WINDTUNNEL 0 0.487306 -0.111941 4.92589 -1.470923 0.
10.434 11 DL_VALUE 51 21.6
10.476 11 GPS_INT 392433214 30035838 500219835 519906381 43767400 46183 988 6 -23 12 0 0 0 0 5 3
10.548 11 ROTORCRAFT_STATUS 0 70 0 29 3 13 1 1 4 5 109 4351
10.563 11 LINK_REPORT 11 -1 10193 0 9393133 168118 0 1378. 24. 607811 2.31
10.576 11 ROTORCRAFT_FP -865 117 234 -99614 5242 70224 157 248 -2854 -844 107 204 -2868 5984 405
10.580 11 POS_CTRL 0. 0. 0. 0. 0. 0. 0. 16 0. 0. 0. 0. 0. 0. 0. 0. 0. 0. 0. 0. 0. 0. 0. 0. 0.
10.620 11 STATE_FILTER_STATUS 3 3 0
10.627 11 INS 120 -867 -235 0 -94371 -68472 -880 910 -151
10.649 11 DATALINK_REPORT 0 63091 43150 1425 0
10.671 11 ALIVE 199,46,77,35,184,175,54,147,117,161,102,180,3,122,23,240
10.679 11 WINDTUNNEL 0 0.487306 -0.111941 4.92589 -1.470923 0.
10.727 11 GPS_INT 392433216 30035834 500219837 519906382 43767394 46213 1017 7 -11 8 0 0 0 0 5 3
10.750 11 INS_REF 392433170 30036171 500219735 519906340 43767889 45278 82 0.
10.827 11 ROTORCRAFT_FP -872 117 241 -52428 -5242 59004 170 198 -2865 -844 107 204 -2868 5958 405
10.830 11 POS_CTRL 0. 0. 0. 0. 0. 0. 0. 16 0. 0. 0. 0. 0. 0. 0. 0. 0. 0. 0. 0. 0. 0. 0. 0. 0.
10.877 11 INS 117 -875 -242 -5242 -41943 -55736 -391 -48 92
10.927 11 WINDTUNNEL 0 0.487306 -0.111941 4.92589 -1.470923 0.
10.976 11 GPS_INT 392433218 30035832 500219839 519906381 43767390 46239 1044 7 -5 7 0 0 0 0 5 3
11.077 11 ROTORCRAFT_FP -875 117 247 -20971 -10485 46233 124 171 -2854 -844 107 204 -2868 5942 405
11.080 11 POS_CTRL 0. 0. 0. 0. 0. 0. 0. 16 0. 0. 0. 0. 0. 0. 0. 0. 0. 0. 0. 0. 0. 0. 0. 0. 0.
11.127 11 INS 120 -878 -248 -10485 -15728 -40451 642 1461 0
11.177 11 WINDTUNNEL 0 0.487306 -0.111941 4.92589 -1.470923 0.
11.219 11 ROTORCRAFT_NAV_STATUS 5 5 3.7 0.1 13 0 0
11.227 11 GPS_INT 392433220 30035831 500219841 519906381 43767389 46263 1067 5 0 3 0 0 0 0 5 3
11.327 11 ROTORCRAFT_FP -878 115 252 0 -15728 30046 107 165 -2841 -844 107 204 -2868 5937 405
11.333 11 POS_CTRL 0. 0. 0. 0. 0. 0. 0. 16 0. 0. 0. 0. 0. 0. 0. 0. 0. 0. 0. 0. 0. 0. 0. 0. 0.
11.377 11 INS 115 -875 -252 -15728 10485 -16291 -786 -27 258
11.428 11 WINDTUNNEL 0 0.487306 -0.111941 4.92589 -1.470923 0.
11.472 11 WP_MOVED_ENU 2 35 -135 768
11.478 11 GPS_INT 392433221 30035832 500219841 519906380 43767390 46274 1078 2 3 0 0 0 0 0 5 3
11.481 11 ENERGY 10.9 4.361 499 47.534901
11.535 11 DL_VALUE 52 0.023775
11.564 11 LINK_REPORT 11 -1 10194 0 9394594 168146 0 1461. 28. 607871 2.31
11.576 11 ROTORCRAFT_FP -875 115 250 20971 -10485 -9147 116 127 -2869 -844 107 204 -2868 5993 406
11.580 11 POS_CTRL 0. 0. 0. 0. 0. 0. 0. 16 0. 0. 0. 0. 0. 0. 0. 0. 0. 0. 0. 0. 0. 0. 0. 0. 0.
11.627 11 INS 115 -872 -250 -5242 20971 14664 -1417 501 678
11.678 11 WINDTUNNEL 0 0.487306 -0.111941 4.92589 -1.470923 0.
11.727 11 GPS_INT 392433221 30035833 500219841 519906380 43767392 46271 1076 -2 6 -2 0 0 0 0 5 3
11.748 11 ROTORCRAFT_STATUS 0 70 0 30 3 13 1 1 4 5 108 4353
11.755 11 BLOCK 15 11
11.827 11 ROTORCRAFT_FP -870 115 249 26214 -5242 -28738 10 128 -2833 -844 107 204 -2868 6025 406
11.830 11 POS_CTRL 0. 0. 0. 0. 0. 0. 0. 16 0. 0. 0. 0. 0. 0. 0. 0. 0. 0. 0. 0. 0. 0. 0. 0. 0.
11.877 11 INS 112 -870 -249 -5242 26214 22597 1053 -416 -402
11.927 11 WINDTUNNEL 0 0.487306 -0.111941 -3.275937 0.413159 0.042966
11.976 11 GPS_INT 392433220 30035835 500219840 519906380 43767394 46256 1060 -4 5 -4 0 0 0 0 5 3
12.077 11 ROTORCRAFT_FP -867 112 246 10 2 -11 68 89 -2567 -844 107 204 -1178 6029 406
12.081 11 POS_CTRL -3.205511 0.396981 -3.386719 0.4375 0.185683 0.181208 -0.040519 16 0.036294 0.035346 -0.008239 0.493102 0.487278 0.075566 6.708238 3.000061 6.000008 0.196569 0.191811 -0.04299 0.04123 0.039999 0.009998 0.042936 0.010546
12.127 11 INS 115 -867 -245 5242 15728 29018 -313 363 112
12.177 11 WINDTUNNEL 0 0.487306 -0.111941 -3.156022 0.385613 0.289044
12.226 11 GPS_INT 392433219 30035836 500219839 519906380 43767396 46240 1045 -6 2 -3 0 0 0 0 5 3
12.327 11 ROTORCRAFT_FP -865 115 242 5 12 -15 70 13 -1768 -844 107 204 -1371 6049 406
12.334 11 POS_CTRL -3.083692 0.368997 -3.378906 0.449219 0.30592 0.295214 -0.080221 16 0.101989 0.098706 -0.025671 0.499969 0.487278 -0.111934 2.000061 2.000061 0. 0.336514 0.324825 -0.087921 0.05385 0.019999 0.049999 0.027573 0.052727
12.377 11 INS 117 -865 -241 26214 5242 39490 -736 144 656
12.429 11 WINDTUNNEL 0 0.487306 -0.111941 -3.0323 0.357192 0.542934
12.479 11 GPS_INT 392433216 30035836 500219838 519906382 43767397 46219 1024 -9 0 -1 0 0 0 0 5 3
12.565 11 LINK_REPORT 11 -1 10195 0 9395921 168167 0 1327. 21. 607931 2.31
12.577 11 ROTORCRAFT_FP -865 120 238 5 10 3 65 247 -2059 -844 107 204 -4017 6027 407
12.584 11 POS_CTRL -2.961874 0.341014 -3.378906 0.449219 0.430842 0.417033 -0.108205 16 0.197987 0.191544 -0.050098 0.499965 0.487274 -0.111934 0. 0. 0. 0.490237 0.474495 -0.123234 0.04472 0.019999 0.039999 0.022231 0.04084
12.627 11 INS 120 -865 -238 15728 15728 -18732 20 147 -692
12.634 11 DL_VALUE 53 70.
12.678 11 WINDTUNNEL 0 0.487306 -0.111941 -2.910481 0.329208 0.792918
12.727 11 GPS_INT 392433216 30035837 500219839 519906382 43767398 46222 1027 2 7 4 0 0 0 0 5 3
12.757 11 WP_MOVED_ENU 3 30 -135 768
12.771 11 ALIVE 199,46,77,35,184,175,54,147,117,161,102,180,3,122,23,240
12.818 11 ROTORCRAFT_NAV_STATUS 1 1 3.6 0. 15 3 0
12.827 11 ROTORCRAFT_FP -860 120 241 28 -7 17 110 298 -3369 -844 107 204 -3488 5988 407
12.831 11 POS_CTRL -2.840055 0.31303 -3.359375 0.46875 0.542164 0.51932 -0.15572 16 0.324347 0.313615 -0.082743 0.459011 0.174774 -0.424435 7.071073 -5. -5.000008 0.639421 0.613403 -0.180542 0.114016 0.109999 -0.029999 0.116597 -0.020166
12.877 11 INS 120 -857 -242 -20971 68157 -37543 -719 -279 -383
12.927 11 WINDTUNNEL 0 0.487306 -0.111941 -2.788662 0.301225 1.042902
12.947 11 ROTORCRAFT_STATUS 0 70 0 29 3 13 1 1 8 5 108 4354
12.978 11 GPS_INT 392433217 30035841 500219840 519906382 43767403 46239 1044 7 17 2 0 0 0 0 5 3
13.077 11 ROTORCRAFT_FP -849 117 246 43 -15 18 142 210 -3442 -844 107 204 -3130 5954 407
13.083 11 POS_CTRL -2.718236 0.285047 -3.316406 0.457031 0.622404 0.59817 -0.171985 16 0.473503 0.45662 -0.125313 0.309152 0.299774 0.075565 2.999992 0. 2.999992 0.764445 0.735155 -0.209578 0.180276 0.169998 -0.059999 0.174133 -0.0535
13.126 11 INS 117 -847 -246 -31457 99614 -28083 394 -170 -320
13.178 11 WINDTUNNEL 0 0.487306 -0.111941 -2.666844 0.273241 1.292886
13.227 11 GPS_INT 392433219 30035846 500219840 519906380 43767410 46251 1055 7 23 -2 0 0 0 0 5 3
13.327 11 ROTORCRAFT_FP -834 112 247 63 -23 2 170 321 -3204 -844 107 204 -2873 6004 407
13.333 11 POS_CTRL -2.596417 0.257063 -3.257812 0.4375 0.685566 0.661395 -0.180437 16 0.641197 0.618117 -0.170484 0.07663 -0.012726 0.075566 8.544006 -8. 3.000008 0.877924 0.84683 -0.231581 0.265704 0.249998 -0.089998 0.254663 -0.087402
13.377 11 INS 112 -832 -247 -52428 136314 -6305 -1450 1549 326
13.428 11 WINDTUNNEL 0 0.487306 -0.111941 -2.545025 0.245258 1.54287
13.479 11 GPS_INT 392433220 30035852 500219838 519906378 43767420 46255 1059 8 39 -9 0 0 0 0 5 3
13.565 11 LINK_REPORT 11 -1 10196 0 9397322 168192 0 1401. 25. 607991 2.31
13.577 11 ROTORCRAFT_FP -816 104 246 84 -33 -12 223 293 -2988 -844 107 204 -2654 6044 408
13.583 11 POS_CTRL -2.474598 0.22908 -3.1875 0.40625 0.734587 0.712902 -0.17717 16 0.822378 0.793222 -0.217036 0.263373 -0.012726 0.263066 10.000051 -8.000061 6.000004 0.981248 0.950867 -0.242281 0.354681 0.329998 -0.129999 0.335193 -0.121303
13.627 11 INS 104 -808 -245 -73400 193986 31803 -463 133 634
13.677 11 WINDTUNNEL 0 0.487306 -0.111941 -2.423206 0.217274 1.792854
13.727 11 GPS_INT 392433222 30035862 500219835 519906375 43767434 46242 1047 4 42 -17 0 0 0 0 5 3
13.734 11 DL_VALUE 54 11.
13.754 11 WIND_INFO 11 42 0. 0. 0.
13.819 11 STATE_FILTER_STATUS 3 3 0
13.827 11 ROTORCRAFT_FP -791 97 243 115 -46 -17 291 351 -2757 -844 107 204 -3662 6084 408
13.831 11 POS_CTRL -2.35278 0.201096 -3.136719 0.386719 0.805616 0.783939 -0.185623 16 1.015356 0.980961 -0.262039 0.499969 0.487278 -0.111934 6.1e-05 6.1e-05 -4e-06 1.110131 1.078226 -0.264233 0.484663 0.449999 -0.179998 0.454843 -0.171624
13.878 11 INS 94 -785 -241 -94371 241172 31010 1312 821 -519
13.928 11 WINDTUNNEL 0 0.487306 -0.111941 -2.301387 0.18929 2.042838
13.979 11 GPS_INT 392433223 30035873 500219831 519906371 43767450 46225 1029 5 51 -18 0 0 0 0 5 3
13.980 11 ENERGY 10.9 4.475 502 48.777496
14.057 11 WP_MOVED_ENU 4 -573 44 204
14.077 11 ROTORCRAFT_FP -757 84 239 145 -51 -2 319 385 -3271 -844 107 204 -3503 6073 408
14.082 11 POS_CTRL -2.230961 0.173112 -3.019531 0.347656 0.807656 0.78857 -0.174544 16 1.213102 1.174007 -0.305493 0.499969 0.487278 -0.111934 6.1e-05 6.1e-05 4e-06 1.171417 1.140772 -0.266191 0.604067 0.569998 -0.199999 0.572203 -0.190092
14.093 11 PONG 
14.127 11 INS 79 -747 -239 -99614 319815 -528 -962 2182 -240
14.147 11 ROTORCRAFT_STATUS 0 70 0 29 3 13 1 1 8 5 108 4355
14.177 11 WINDTUNNEL 0 0.487306 -0.111941 -2.179569 0.161307 2.292822
14.226 11 GPS_INT 392433225 30035890 500219827 519906366 43767473 46217 1021 9 67 -13 0 0 0 0 5 3
14.327 11 ROTORCRAFT_FP -711 71 238 176 -46 -1 256 339 -3451 -844 107 204 -3501 6061 408
14.331 11 POS_CTRL -2.109142 0.145129 -2.828125 0.289062 0.733248 0.718983 -0.143934 16 1.395927 1.353562 -0.341294 0.499965 0.487274 -0.111934 23.537205 23. -5. 1.151701 1.125051 -0.246321 0.71309 0.689999 -0.179998 0.691854 -0.178834
14.377 11 INS 69 -706 -238 -99614 367001 6501 1808 -563 -174
14.418 11 ROTORCRAFT_NAV_STATUS 2 2 3. 0. 15 3 0
14.428 11 WINDTUNNEL 0 0.487306 -0.111941 -2.05775 0.133323 2.542806
14.481 11 GPS_INT 392433228 30035907 500219824 519906362 43767498 46212 1016 9 74 -11 0 0 0 0 5 3
14.566 11 LINK_REPORT 11 -1 10197 0 9398736 168219 0 1414. 27. 608053 2.45
14.577 11 ROTORCRAFT_FP -668 61 236 189 -48 -9 171 344 -3484 -844 107 204 -3472 6082 409
14.582 11 POS_CTRL -1.987324 0.117145 -2.65625 0.238281 0.679806 0.668926 -0.121136 16 1.564354 1.519628 -0.371396 0.499965 0.487274 -0.111934 21.587032 21. -5. 1.148602 1.124813 -0.232553 0.764 0.739998 -0.189999 0.741708 -0.187998
14.627 11 INS 56 -655 -235 -99614 377487 22012 -1827 223 206
14.678 11 WINDTUNNEL 0 0.487306 -0.111941 -1.935931 0.10534 2.79279
14.727 11 GPS_INT 392433230 30035927 500219820 519906357 43767527 46204 1008 7 75 -17 0 0 0 0 5 3
14.827 11 ROTORCRAFT_FP -614 43 234 197 -51 -5 247 380 -3497 -844 107 204 -3524 6091 409
14.833 11 POS_CTRL -1.865505 0.089162 -2.457031 0.1875 0.599645 0.591527 -0.098338 16 1.715418 1.668784 -0.397263 0.499965 0.487274 -0.111934 27.202911 25.999969 -8. 1.113611 1.092161 -0.217516 0.795548 0.769999 -0.199999 0.77162 -0.19596
14.833 11 DL_VALUE 55 0.001731
14.871 11 ALIVE 199,46,77,35,184,175,54,147,117,161,102,180,3,122,23,240
14.877 11 INS 43 -609 -233 -110100 398458 12448 -102 410 484
14.928 11 WINDTUNNEL 0 0.487306 -0.111941 -1.814112 0.077356 3.042774
14.980 11 GPS_INT 392433232 30035945 500219817 519906353 43767553 46195 999 7 79 -15 0 0 0 0 5 3
15.076 11 ROTORCRAFT_FP -570 33 232 202 -51 -7 248 381 -3561 -844 107 204 -3538 6104 409
15.080 11 POS_CTRL -1.743686 0.061178 -2.277344 0.136719 0.538978 0.533658 -0.075541 16 1.847347 1.799567 -0.417431 0.499967 0.487276 -0.111934 19.697744 18.000031 -8. 1.092139 1.073526 -0.200769 0.814922 0.789999 -0.199999 0.793851 -0.192068
15.131 11 INS 28 -555 -230 -104857 424672 19306 -1700 359 -121
15.183 11 WINDTUNNEL 0 0.487306 -0.111941 -1.692294 0.049373 3.292758
15.233 11 GPS_INT 392433233 30035967 500219812 519906348 43767585 46184 989 6 83 -15 0 0 0 0 5 3
15.331 11 ROTORCRAFT_FP -514 20 228 209 -48 -7 217 360 -3554 -844 107 204 -3685 6116 409
15.338 11 POS_CTRL -1.623771 0.033632 -2.058594 0.089844 0.438442 0.434823 -0.056212 16 1.972692 1.924196 -0.43472 0.499967 0.487276 -0.111934 57.271313 56.000031 -12. 1.029144 1.012081 -0.186626 0.841722 0.819998 -0.189999 0.822237 -0.184953
15.350 11 ROTORCRAFT_STATUS 0 70 0 30 3 13 1 1 8 5 108 4356
15.359 11 WP_MOVED_ENU 5 -844 107 204
15.381 11 INS 20 -506 -228 -104857 429915 5892 -403 1028 -302
15.433 11 WINDTUNNEL 0 0.487306 -0.111941 -1.570475 0.021389 3.542742
15.483 11 GPS_INT 392433235 30035987 500219809 519906344 43767613 46178 983 8 84 -13 0 0 0 0 5 3
15.566 11 LINK_REPORT 11 -1 10198 0 9400116 168243 0 1380. 24. 608112 2.45
15.583 11 ROTORCRAFT_FP -463 7 228 212 -51 -2 229 353 -3638 -844 107 204 -3791 6102 410
15.588 11 POS_CTRL -1.501952 0.005648 -1.867188 0.046875 0.367555 0.365236 -0.041227 16 2.066527 2.017756 -0.44631 0.499965 0.487274 -0.111934 29.120411 27.999969 -8.000001 0.986234 0.970562 -0.175119 0.853754 0.829998 -0.199999 0.831445 -0.199568
15.631 11 INS 5 -448 -227 -104857 440401 -530 -1826 1028 253
15.683 11 WINDTUNNEL 0 0.487306 -0.111941 -1.448656 -0.006595 3.792726
15.731 11 GPS_INT 392433237 30036009 500219805 519906340 43767646 46171 976 6 85 -13 0 0 0 0 5 3
15.754 11 DATALINK_REPORT 0 63397 43276 1384 0
15.831 11 ROTORCRAFT_FP -404 -5 226 215 -43 0 235 313 -3538 -844 107 204 -2523 6100 410
15.834 11 POS_CTRL -1.380133 -0.022335 -1.636719 0. 0.257556 0.256586 -0.022335 16 2.133021 2.084642 -0.451712 0.499965 0.487274 -0.111934 29.427849 28.999969 -5. 0.895991 0.881977 -0.157848 0.857028 0.839998 -0.169998 0.842942 -0.165983
15.854 11 INS_REF 392433170 30036171 500219735 519906340 43767889 45278 82 0.
15.882 11 INS -5 -399 -227 -83886 435158 -6186 904 -1414 -931
15.931 11 WINDTUNNEL 0 0.487306 -0.111941 -1.326837 -0.034578 4.04271
15.937 11 DL_VALUE 56 0.086461
15.982 11 GPS_INT 392433239 30036029 500219803 519906336 43767674 46169 974 6 83 -10 0 0 0 0 5 3
16.021 11 ROTORCRAFT_NAV_STATUS 4 4 1.6 0. 15 3 0
16.082 11 ROTORCRAFT_FP -355 -12 226 207 -40 -2 210 275 -2944 -844 107 204 -2616 6099 410
16.088 11 POS_CTRL -1.258314 -0.050319 -1.4375 -0.046875 0.179219 0.179186 -0.003444 16 2.176777 2.129249 -0.45239 0.499967 0.487276 -0.111934 23.537235 23.000031 -4.999999 0.829712 0.817959 -0.13916 0.825649 0.809998 -0.16 0.813793 -0.156323
16.131 11 INS -17 -340 -225 -83886 424672 5833 -730 409 -351
16.182 11 WINDTUNNEL 0 0.487306 -0.111941 -1.205019 -0.062562 4.292694
16.231 11 GPS_INT 392433240 30036051 500219800 519906332 43767706 46166 971 5 80 -9 0 0 0 0 5 3
16.331 11 ROTORCRAFT_FP -302 -25 225 199 -35 3 218 261 -2749 -844 107 204 -2846 6087 410
16.336 11 POS_CTRL -1.136496 -0.078303 -1.226562 -0.078125 0.090067 0.090067 -0.000178 16 2.199826 2.15304 -0.451276 0.499967 0.487276 -0.111934 26.172535 26.000031 -3. 0.748357 0.735977 -0.135559 0.792463 0.779999 -0.139999 0.78388 -0.136046
16.381 11 INS -25 -296 -225 -73400 408944 -9396 -1945 -1148 487
16.432 11 WINDTUNNEL 0 0.487306 -0.111941 -1.0832 -0.090545 4.542678
16.482 11 GPS_INT 392433241 30036069 500219798 519906329 43767732 46168 972 4 77 -7 0 0 0 0 5 3
16.484 11 ENERGY 10.8 4.463 505 48.200397
16.548 11 ROTORCRAFT_STATUS 0 70 0 29 3 13 1 1 8 5 108 4357
16.568 11 LINK_REPORT 11 -1 10199 0 9401548 168269 0 1432. 26. 608172 2.45
16.581 11 ROTORCRAFT_FP -256 -33 226 191 -28 5 209 225 -2758 -844 107 204 -2578 6073 411
16.585 11 POS_CTRL -1.014677 -0.106286 -1.226562 -0.078125 0.213749 0.211886 -0.028161 16 2.241525 2.19471 -0.45572 0.468718 0.45682 -0.104938 0.999961 -0.974579 0.223869 0.885779 0.870298 -0.164877 0.758022 0.749998 -0.109999 0.755494 -0.106214
16.631 11 INS -35 -243 -226 -57671 382729 -2435 9 -624 344
16.658 11 WP_MOVED_ENU 6 980 -312 209
16.682 11 WINDTUNNEL 0 0.487306 -0.111941 -0.963285 -0.118092 4.788756
16.731 11 GPS_INT 392433242 30036089 500219796 519906327 43767761 46169 973 2 73 -5 0 0 0 0 5 3
16.736 11 AUTOPILOT_VERSION 50600 v5.6.0_stable-39-ga52ba85-dirty
16.831 11 ROTORCRAFT_FP -207 -40 226 181 -25 7 228 293 -2707 -844 107 204 -3398 6076 411
16.837 11 POS_CTRL -0.892858 -0.13427 -0.808594 -0.15625 0.087084 -0.084264 0.02198 16 2.246129 2.199577 -0.454926 0.971161 -0.950225 0.200566 23.537203 -23. 4.999996 0.586884 0.575607 -0.114496 0.717007 0.709999 -0.099998 0.715611 -0.091493
16.881 11 INS -40 -199 -227 -52428 372244 -24442 1290 -1217 -611
16.932 11 WINDTUNNEL 0 0.487306 -0.111941 -0.839562 -0.146513 5.042646
16.979 11 ALIVE 199,46,77,35,184,175,54,147,117,161,102,180,3,122,23,240
16.981 11 GPS_INT 392433243 30036106 500219795 519906324 43767786 46173 978 4 72 -4 0 0 0 0 5 3
17.024 11 STATE_FILTER_STATUS 3 3 0
17.046 11 DL_VALUE 57 0.
17.081 11 ROTORCRAFT_FP -163 -46 228 176 -28 11 132 270 -3096 -844 107 204 -3718 6048 411
17.087 11 POS_CTRL -0.771039 -0.162253 -0.636719 -0.179688 0.135447 -0.134321 0.017434 16 2.222758 2.176549 -0.450874 0.953225 -0.950225 0.075566 23.194813 -22.999985 3.000004 0.531858 0.518642 -0.117826 0.698712 0.689999 -0.109999 0.694143 -0.106003
17.131 11 INS -48 -151 -229 -73400 445644 -22116 -1350 -7 113
17.182 11 WINDTUNNEL 0 0.487306 -0.111941 -0.717744 -0.174496 5.29263
17.233 11 GPS_INT 392433245 30036125 500219794 519906322 43767813 46181 986 7 66 -5 0 0 0 0 5 3
17.331 11 ROTORCRAFT_FP -115 -53 229 158 -33 6 116 218 -3472 -844 107 204 -4230 6050 411
17.339 11 POS_CTRL -0.649221 -0.190237 -0.449219 -0.207031 0.200706 -0.200002 0.016794 16 2.18455 2.138077 -0.448202 0.971161 -0.950225 0.200566 23.537203 -23. 4.999996 0.456833 0.44142 -0.117666 0.633481 0.619999 -0.129999 0.622821 -0.129822
17.381 11 INS -56 -110 -230 -68157 319815 -14672 2028 -1772 -278
17.434 11 WINDTUNNEL 0 0.487306 -0.111941 -0.595925 -0.20248 5.542614
17.483 11 GPS_INT 392433246 30036140 500219792 519906319 43767834 46186 991 8 59 -7 0 0 0 0 5 3
17.568 11 LINK_REPORT 11 -1 10200 0 9402957 168294 0 1409. 25. 608232 2.45
17.581 11 ROTORCRAFT_FP -79 -61 231 143 -38 12 118 211 -3880 -844 107 204 -4465 6023 412
17.584 11 POS_CTRL -0.525499 -0.218658 -0.308594 -0.238281 0.217791 -0.216905 0.019624 16 2.137258 2.090628 -0.444009 0.735474 -0.73227 0.06857 19.725298 -19.512726 2.888069 0.425713 0.410282 -0.113579 0.579741 0.559999 -0.15 0.561469 -0.148084
17.621 11 ROTORCRAFT_NAV_STATUS 6 6 0.5 0. 15 3 0
17.631 11 INS -66 -71 -232 -89128 283115 -22094 928 -819 -1051
17.682 11 WINDTUNNEL 0 0.487306 -0.111941 -0.474106 -0.230463 5.792598
17.731 11 GPS_INT 392433249 30036155 500219790 519906315 43767856 46192 997 10 53 -9 0 0 0 0 5 3
17.748 11 ROTORCRAFT_STATUS 0 70 0 30 3 13 1 1 8 5 109 4359
17.831 11 ROTORCRAFT_FP -46 -74 233 125 -43 7 140 217 -4142 -844 107 204 -3808 6027 412
17.837 11 POS_CTRL -0.405583 -0.246204 -0.308594 -0.238281 0.097312 -0.096989 -0.007923 16 2.102246 2.05496 -0.443366 0.499966 0.487275 -0.111934 9e-06 -8e-06 -4e-06 0.538274 0.519497 -0.140932 0.518649 0.489998 -0.169998 0.49091 -0.164047
17.881 11 INS -76 -40 -233 -94371 256900 -14872 1483 -192 -311
17.932 11 WINDTUNNEL 0 0.487306 -0.111941 -0.352287 -0.258447 6.042582
17.957 11 WP_MOVED_ENU 7 1297 -366 721
17.984 11 GPS_INT 392433252 30036167 500219788 519906311 43767872 46196 1001 11 48 -9 0 0 0 0 5 3
18.081 11 ROTORCRAFT_FP -17 -87 233 117 -43 7 161 241 -3947 -844 107 204 -4280 6032 412
18.084 11 POS_CTRL -0.283764 -0.274188 -0.097656 -0.316406 0.190837 -0.186108 0.042219 16 2.070658 2.02338 -0.439954 0.499966 0.487275 -0.111935 57.584728 54.000008 -20.000008 0.43037 0.420904 -0.089767 0.490406 0.459999 -0.169998 0.460235 -0.163941
18.131 11 INS -89 -10 -234 -89128 241172 -26641 -1987 169 418
18.136 11 DL_VALUE 58 0.5
18.182 11 WINDTUNNEL 0 0.487306 -0.111941 -0.230469 -0.28643 6.292566
18.231 11 GPS_INT 392433255 30036179 500219786 519906307 43767890 46204 1008 12 47 -7 0 0 0 0 5 3
18.331 11 ROTORCRAFT_FP 15 -97 236 235929 -94371 22156 161 238 -4154 -844 107 204 -4320 6008 412
18.335 11 POS_CTRL -0.161946 -0.302171 0.027344 -0.367188 0.200144 -0.189289 0.065016 16 2.017883 1.972938 -0.423517 0.499966 0.487275 -0.111934 17.720039 16.999996 -4.999992 0.407344 0.402592 -0.062038 992.590149 921.597656 -368.636719 0.459472 -0.171798
18.381 11 INS -99 17 -237 -94371 230686 -20124 -873 555 39
18.432 11 WINDTUNNEL 0 0.487306 -0.111941 -0.10865 -0.314414 6.54255
18.484 11 GPS_INT 392433258 30036190 500219784 519906303 43767906 46212 1016 11 46 -9 0 0 0 0 5 3
18.569 11 LINK_REPORT 11 -1 10201 0 9404335 168318 0 1378. 24. 608292 2.45
18.581 11 ROTORCRAFT_FP 43 -107 237 112 -43 4 174 204 -4311 -844 107 204 -4256 6016 413
18.588 11 POS_CTRL -0.040127 -0.330155 0.136719 -0.40625 0.192522 -0.176846 0.076095 16 1.968073 1.926095 -0.404312 0.499966 0.487275 -0.111934 18.681543 18.000004 -4.999992 0.403521 0.400982 -0.045197 0.471697 0.439999 -0.169998 0.441056 -0.161041
18.631 11 INS -110 46 -236 -89128 230686 -4499 1731 138 279
18.682 11 WINDTUNNEL 0 0.487306 -0.111941 0.013169 -0.342398 6.792534
18.732 11 GPS_INT 392433260 30036201 500219782 519906300 43767921 46215 1020 10 43 -8 0 0 0 0 5 3
18.831 11 ROTORCRAFT_FP 66 -117 238 104 -38 8 178 198 -4330 -844 107 204 -3921 6000 413
18.835 11 POS_CTRL 0.081692 -0.358138 0.226562 -0.457031 0.175406 -0.144871 0.098893 16 1.91974 1.881875 -0.379406 0.499966 0.487275 -0.111934 8.602328 7.000004 -5. 0.419957 0.419691 -0.014929 0.436576 0.409998 -0.15 0.411907 -0.145223
18.881 11 INS -120 74 -238 -73400 209715 -15297 1242 -2050 -420
18.932 11 WINDTUNNEL 0 0.487306 -0.111941 0.133084 -0.369944 7.038612
18.948 11 ROTORCRAFT_STATUS 0 70 0 30 3 13 1 1 8 5 108 4360
18.982 11 GPS_INT 392433263 30036212 500219779 519906296 43767937 46219 1024 8 40 -6 0 0 0 0 5 3
18.984 11 ENERGY 10.9 4.385 509 47.796501
19.075 11 ALIVE 199,46,77,35,184,175,54,147,117,161,102,180,3,122,23,240
19.081 11 ROTORCRAFT_FP 94 -128 239 99 -33 17 191 186 -4051 -844 107 204 -3885 5974 413
19.085 11 POS_CTRL 0.203511 -0.386122 0.339844 -0.488281 0.170362 -0.136333 0.102159 16 1.876354 1.842719 -0.353685 0.499966 0.487275 -0.111934 13.928385 12.999996 -5. 0.4165 0.416481 -0.003944 0.411095 0.389999 -0.129999 0.392728 -0.123848
19.094 11 PONG 
19.131 11 INS -128 97 -240 -62914 199229 -53293 583 -107 -457
19.182 11 WINDTUNNEL 0 0.487306 -0.111941 0.256806 -0.398365 7.292502
19.221 11 ROTORCRAFT_NAV_STATUS 7 7 0.3 0. 15 3 0
19.232 11 GPS_INT 392433265 30036222 500219779 519906294 43767951 46231 1035 10 38 0 0 0 0 0 5 3
19.236 11 DL_VALUE 59 0.
19.256 11 WP_MOVED_ENU 8 -215 -1331 721
19.331 11 ROTORCRAFT_FP 117 -133 247 94 -20 43 287 83 -2471 -844 107 204 -3695 5873 413
19.335 11 POS_CTRL 0.325329 -0.414106 0.429688 -0.507812 0.140256 -0.104358 0.093707 16 1.840443 1.810824 -0.328855 0.499966 0.487275 -0.111935 8e-06 0. -8e-06 0.438916 0.438889 -0.00495 0.378549 0.369999 -0.08 0.37126 -0.070621
19.382 11 INS -135 125 -248 -31457 188743 -80519 739 353 -267
19.433 11 WINDTUNNEL 0 0.487306 -0.111941 0.378625 -0.426348 7.542486
19.485 11 GPS_INT 392433268 30036232 500219780 519906292 43767965 46267 1071 11 37 12 0 0 0 0 5 3
19.569 11 LINK_REPORT 11 -1 10202 0 9405762 168345 0 1427. 27. 608353 3.47
19.581 11 ROTORCRAFT_FP 143 -135 256 193986 -15728 110104 296 112 -878 -844 107 204 -3830 5806 414
19.585 11 POS_CTRL 0.447148 -0.442089 0.558594 -0.527344 0.140316 -0.111446 0.085255 16 1.811995 1.785946 -0.306139 0.343949 -0.325225 -0.111934 13.000008 -13.000008 8e-06 0.424388 0.424337 -0.006586 760.244324 757.757812 -61.4375 0.37126 -0.021358
19.631 11 INS -135 148 -259 -10485 193986 -112972 -365 -15 4
19.682 11 WINDTUNNEL 0 0.487306 -0.111941 0.500444 -0.454332 7.79247
19.732 11 GPS_INT 392433270 30036241 500219784 519906292 43767978 46314 1118 9 40 15 0 0 0 0 5 3
19.831 11 ROTORCRAFT_FP 168 -138 269 102 0 50 316 81 -1160 -844 107 204 -3738 5753 414
19.837 11 POS_CTRL 0.568967 -0.470073 0.65625 -0.539062 0.111256 -0.087283 0.06899 16 1.7893 1.766133 -0.287 0.463931 -0.450225 -0.111934 15. -15. 8e-06 0.442887 0.442556 -0.017109 0.4 0.4 0. 0.402699 0.004866
19.881 11 INS -135 174 -272 5242 214957 -106029 190 -221 139
19.932 11 WINDTUNNEL 0 0.487306 -0.111941 0.622263 -0.482316 8.042454
19.986 11 GPS_INT 392433272 30036252 500219788 519906292 43767994 46365 1169 6 43 14 0 0 0 0 5 3
20.081 11 ROTORCRAFT_FP 197 -135 280 277872 5242 62755 188 180 -2702 -844 107 204 -3756 5745 414
20.085 11 POS_CTRL 0.690786 -0.498056 0.75 -0.527344 0.066061 -0.059214 0.029287 16 1.773771 1.752116 -0.276322 0.343948 -0.325225 -0.111934 13. -13. 0. 0.46949 0.466419 -0.053608 0.530093 0.529999 0.009998 0.535373 0.01
20.131 11 INS -135 199 -281 5242 220200 -44303 -729 923 853
20.147 11 ROTORCRAFT_STATUS 0 70 0 30 3 13 1 1 8 5 108 4361
20.182 11 WINDTUNNEL 0 0.487306 -0.111941 0.744081 -0.510299 8.292438
20.222 11 STATE_FILTER_STATUS 3 3 0
20.232 11 GPS_INT 392433273 30036262 500219790 519906292 43768009 46390 1194 0 42 4 0 0 0 0 5 3
20.331 11 ROTORCRAFT_FP 222 -135 282 104 -2 0 198 217 -3413 -844 107 204 -3878 5819 414
20.337 11 POS_CTRL 0.812604 -0.52604 0.867188 -0.527344 0.054599 -0.054583 0.001304 16 1.763021 1.741698 -0.273373 0.463931 -0.450225 -0.111934 15. -15. 1.5e-05 0.474835 0.467926 -0.080708 0.41012 0.409998 -0.009998 0.410331 -0.008941
20.338 11 DL_VALUE 60 1.
20.381 11 INS -135 227 -282 0 214957 10948 739 -531 742
20.432 11 WINDTUNNEL 0 0.487306 -0.111941 0.8659 -0.538283 8.542422
20.491 11 GPS_INT 392433272 30036272 500219790 519906292 43768024 46388 1192 -4 41 -4 0 0 0 0 5 3
20.555 11 WP_MOVED_ENU 9 -1167 192 724
20.570 11 LINK_REPORT 11 -1 10203 0 9407129 168369 0 1367. 24. 608411 3.47
20.581 11 ROTORCRAFT_FP 245 -138 280 107 -10 -16 166 279 -3622 -844 107 204 -3301 5869 415
20.588 11 POS_CTRL 0.934423 -0.554024 0.867188 -0.527344 0.072336 0.067236 -0.02668 16 1.768975 1.747086 -0.277419 0.499965 0.487274 -0.111935 2.2e-05 -1.5e-05 -1.5e-05 0.601486 0.59136 -0.109905 0.421899 0.419998 -0.039999 0.421828 -0.030777
20.631 11 INS -135 256 -278 -26214 225443 47134 -1310 690 616
20.682 11 WINDTUNNEL 0 0.487306 -0.111941 0.987719 -0.566266 8.792406
20.732 11 GPS_INT 392433271 30036284 500219787 519906291 43768041 46364 1168 -5 43 -12 0 0 0 0 5 3
20.820 11 ROTORCRAFT_NAV_STATUS 9 9 0.8 0. 15 3 0
20.831 11 ROTORCRAFT_FP 279 -140 272 112 -20 -32 224 274 -3408 -844 107 204 -2909 5951 415
20.835 11 POS_CTRL 1.056242 -0.582007 0.867188 -0.527344 0.196798 0.189054 -0.054663 16 1.806114 1.782929 -0.288462 0.499965 0.487274 -0.111934 2.2e-05 -1.5e-05 1.5e-05 0.737574 0.723932 -0.141201 0.447212 0.439999 -0.08 0.443296 -0.071689
20.853 11 DATALINK_REPORT 0 63703 43405 1416 0
20.881 11 INS -140 284 -270 -41943 230686 72901 -144 -1016 451
20.934 11 WINDTUNNEL 0 0.487306 -0.111941 1.109537 -0.59425 9.04239
20.954 11 INS_REF 392433170 30036171 500219735 519906340 43767889 45278 82 0.
20.990 11 GPS_INT 392433269 30036295 500219784 519906290 43768056 46330 1135 -6 46 -17 0 0 0 0 5 3
21.081 11 ROTORCRAFT_FP 307 -143 263 120 -25 -35 244 300 -3356 -844 107 204 -3676 6000 415
21.089 11 POS_CTRL 1.178061 -0.609991 1.167969 -0.558594 0.052378 0.010092 -0.051397 16 1.802974 1.777938 -0.29942 0.499965 0.487274 -0.111935 2.999969 2.999969 -1.5e-05 0.561521 0.543472 -0.141222 0.48052 0.469999 -0.099998 0.472445 -0.093665
21.131 11 INS -145 317 -261 -52428 256900 76263 358 -116 -256
21.176 11 ALIVE 199,46,77,35,184,175,54,147,117,161,102,180,3,122,23,240
21.182 11 WINDTUNNEL 0 0.487306 -0.111941 1.231356 -0.622233 9.292374
21.232 11 GPS_INT 392433268 30036308 500219779 519906287 43768075 46290 1095 -4 50 -18 0 0 0 0 5 3
21.331 11 ROTORCRAFT_FP 343 -151 253 130 -30 -35 189 263 -3649 -844 107 204 -3721 6037 415
21.335 11 POS_CTRL 1.299879 -0.637974 1.296875 -0.589844 0.048224 0.003004 -0.048131 16 1.801769 1.774593 -0.311759 0.499967 0.487276 -0.111935 16.155523 15.000031 -6. 0.553805 0.535381 -0.141657 0.523926 0.509998 -0.119999 0.511565 -0.116242
21.346 11 ROTORCRAFT_STATUS 0 70 0 30 3 13 1 1 8 5 108 4362
21.381 11 INS -153 348 -251 -62914 272629 73188 86 -38 74
21.432 11 WINDTUNNEL 0 0.487306 -0.111941 1.351272 -0.64978 9.538452
21.435 11 DL_VALUE 61 0.3
21.490 11 GPS_INT 392433267 30036320 500219775 519906285 43768093 46256 1060 -3 51 -18 0 0 0 0 5 3
21.490 11 ENERGY 10.8 4.437 512 47.919598
21.571 11 LINK_REPORT 11 -1 10204 0 9408584 168396 0 1455. 27. 608471 3.47
21.581 11 ROTORCRAFT_FP 373 -158 245 130 -38 -25 194 242 -3744 -844 107 204 -3739 6044 416
21.588 11 POS_CTRL 1.421698 -0.665958 1.417969 -0.617188 0.048913 0.003729 -0.04877 16 1.800774 1.771429 -0.323769 0.499967 0.487276 -0.111934 15.811413 15.000031 -4.999985 0.554688 0.535156 -0.145901 0.5316 0.509998 -0.15 0.518484 -0.14211
21.631 11 INS -161 381 -243 -73400 267386 51842 -1810 -344 -568
21.683 11 WINDTUNNEL 0 0.487306 -0.111941 1.474994 -0.678201 9.792342
21.732 11 GPS_INT 392433267 30036334 500219770 519906282 43768113 46225 1029 1 52 -16 0 0 0 0 5 3
21.831 11 ROTORCRAFT_FP 409 -168 238 133 -40 -14 158 252 -3824 -844 107 204 -3825 6048 416
21.837 11 POS_CTRL 1.543517 -0.693941 1.558594 -0.65625 0.040595 -0.015077 -0.037691 16 1.796349 1.765028 -0.333987 0.499965 0.487274 -0.111935 19.313185 17.999969 -7.000015 0.53259 0.514431 -0.137886 0.544057 0.519999 -0.16 0.526928 -0.152265
21.854 11 WP_MOVED_ENU 10 325 1128 724
21.881 11 INS -171 414 -238 -78643 256900 25126 -257 716 137
21.932 11 WINDTUNNEL 0 0.487306 -0.111941 1.596812 -0.706184 10.042326
21.992 11 GPS_INT 392433267 30036346 500219766 519906278 43768131 46207 1011 5 51 -14 0 0 0 0 5 3
22.081 11 ROTORCRAFT_FP 437 -179 234 127 -40 -8 203 232 -3777 -844 107 204 -3332 6050 416
22.085 11 POS_CTRL 1.665336 -0.721925 1.558594 -0.65625 0.125328 0.106742 -0.065675 16 1.813945 1.780293 -0.347782 0.499965 0.487274 -0.111935 3.1e-05 -3.1e-05 0. 0.662997 0.640829 -0.17001 0.524974 0.499998 -0.16 0.504697 -0.156157
22.132 11 INS -181 445 -233 -110100 325058 20194 -170 -407 -262
22.232 11 GPS_INT 392433269 30036359 500219763 519906274 43768150 46195 999 6 50 -13 0 0 0 0 5 3
22.332 11 ROTORCRAFT_FP 471 -192 231 125 -40 -5 221 256 -3460 -844 107 204 -3855 6059 416
22.339 11 POS_CTRL 1.787154 -0.749909 1.839844 -0.75 0.05269 -0.052689 9.1e-05 16 1.84445 1.808434 -0.362714 4.246019 -4.012724 1.388065 75.89463 -71.999969 23.999985 0.50176 0.48984 -0.108723 0.515459 0.489998 -0.16 0.4932 -0.158953
22.382 11 INS -192 476 -231 -94371 256900 2175 157 773 -251
22.420 11 ROTORCRAFT_NAV_STATUS 10 10 1.7 0. 15 3 0
22.432 11 WINDTUNNEL 0 0.487306 -0.111941 1.84045 -0.762151 10.542294
22.491 11 GPS_INT 392433271 30036371 500219760 519906271 43768167 46188 993 8 51 -12 0 0 0 0 5 3
22.539 11 DL_VALUE 62 0.
22.559 11 ROTORCRAFT_STATUS 0 70 0 29 3 13 1 1 8 5 109 4363
22.571 11 LINK_REPORT 11 -1 10205 0 9409931 168419 0 1347. 23. 608531 3.47
22.581 11 ROTORCRAFT_FP 501 -199 232 133 -46 4 254 266 -3513 -844 107 204 -3847 6032 417
22.585 11 POS_CTRL 1.908973 -0.777892 1.957031 -0.777344 0.048061 -0.048058 -0.000548 16 1.836165 1.799648 -0.364378 0.492879 -0.450226 0.200565 15.811388 -15. 5. 0.503955 0.491835 -0.109861 0.550271 0.519999 -0.179998 0.522349 -0.174771
22.631 11 INS -202 514 -231 -83886 272629 -898 916 342 -280
22.682 11 WINDTUNNEL 0 0.487306 -0.111941 1.962269 -0.790135 10.792278
22.732 11 GPS_INT 392433273 30036386 500219757 519906267 43768188 46188 992 8 54 -10 0 0 0 0 5 3
22.831 11 ROTORCRAFT_FP 540 -212 231 133 -40 4 211 233 -3685 -844 107 204 -3892 6029 417
22.837 11 POS_CTRL 2.030792 -0.805876 2.089844 -0.816406 0.059984 -0.059052 0.010531 16 1.824495 1.788113 -0.36254 0.325488 -0.325226 0.013066 13.152979 -13.000031 2.000015 0.487382 0.477381 -0.09823 0.544057 0.519999 -0.16 0.522349 -0.156297
22.882 11 INS -212 545 -231 -78643 277872 -5797 -117 -911 -375
22.932 11 WINDTUNNEL 0 0.487306 -0.111941 2.084087 -0.818119 11.042262
22.991 11 GPS_INT 392433275 30036398 500219755 519906264 43768206 46189 994 9 52 -6 0 0 0 0 5 3
23.081 11 ROTORCRAFT_FP 573 -220 231 130 -38 5 183 237 -3793 -844 107 204 -4043 6024 417
23.084 11 POS_CTRL 2.152611 -0.833859 2.238281 -0.859375 0.08939 -0.085671 0.025516 16 1.809248 1.773341 -0.358664 0.668521 -0.637726 0.200565 18.681538 -18. 4.999985 0.453816 0.446331 -0.082083 0.5316 0.509998 -0.15 0.513141 -0.141682
23.132 11 INS -225 581 -232 -78643 267386 -14558 317 1323 181
23.153 11 WP_MOVED_ENU 0 10956 10549 768
23.182 11 WINDTUNNEL 0 0.487306 -0.111941 2.205906 -0.846102 11.292246
23.232 11 GPS_INT 392433277 30036412 500219752 519906260 43768226 46189 993 7 51 -9 0 0 0 0 5 3
23.274 11 ALIVE 199,46,77,35,184,175,54,147,117,161,102,180,3,122,23,240
23.331 11 ROTORCRAFT_FP 606 -230 233 125 -38 7 198 232 -3901 -844 107 204 -4024 6007 417
23.335 11 POS_CTRL 2.274429 -0.861843 2.359375 -0.898438 0.092493 -0.084946 0.036595 16 1.787505 1.752647 -0.351287 0.19041 0.174774 0.075565 3.16222 2.999939 1. 0.446182 0.440847 -0.06879 0.512443 0.489998 -0.15 0.4932 -0.146637
23.382 11 INS -230 611 -232 -78643 256900 -5807 1314 -31 -530
23.422 11 STATE_FILTER_STATUS 3 3 0
23.432 11 WINDTUNNEL 0 0.487306 -0.111941 2.327725 -0.874086 11.54223
23.495 11 GPS_INT 392433279 30036424 500219750 519906257 43768243 46186 991 7 49 -8 0 0 0 0 5 3
23.572 11 LINK_REPORT 11 -1 10206 0 9411287 168442 0 1356. 23. 608590 3.47
23.582 11 ROTORCRAFT_FP 634 -240 230 120 -33 -5 222 205 -3928 -844 107 204 -3379 6056 418
23.588 11 POS_CTRL 2.396248 -0.889826 2.359375 -0.898438 0.037865 0.036873 0.008611 16 1.784412 1.750445 -0.346511 0.499969 0.487278 -0.111934 6.3e-05 6.1e-05 1.5e-05 0.570036 0.562006 -0.095341 0.487647 0.469999 -0.129999 0.474784 -0.123564
23.631 11 INS -243 642 -229 -68157 246415 7754 -944 913 -14
23.636 11 DL_VALUE 63 0.
23.684 11 WINDTUNNEL 0 0.487306 -0.111941 2.449544 -0.902069 11.792214
23.732 11 GPS_INT 392433281 30036437 500219747 519906254 43768262 46182 986 5 48 -8 0 0 0 0 5 3
23.745 11 ROTORCRAFT_STATUS 0 70 0 30 3 13 1 1 8 5 108 4365
23.755 11 WIND_INFO 11 42 0. 0. 0.
23.831 11 ROTORCRAFT_FP 668 -248 230 120 -30 3 229 256 -3545 -844 107 204 -3812 6036 418
23.838 11 POS_CTRL 2.518067 -0.91781 2.578125 -0.957031 0.071731 -0.060058 0.039221 16 1.78432 1.751353 -0.341406 0.499969 0.487278 -0.111935 57.97419 56.000061 -15. 0.469619 0.465347 -0.0632 0.485076 0.469999 -0.119999 0.474784 -0.117406
23.882 11 INS -248 670 -229 -62914 246415 -9806 3087 29 -395
23.932 11 WINDTUNNEL 0 0.487306 -0.111941 2.569459 -0.929616 12.038292
23.992 11 GPS_INT 392433282 30036448 500219746 519906251 43768278 46182 986 6 50 -6 0 0 0 0 5 3
23.992 11 ENERGY 10.8 4.409 515 47.617199
24.021 11 ROTORCRAFT_NAV_STATUS 12 12 2.6 0. 15 3 0
24.081 11 ROTORCRAFT_FP 696 -256 230 125 -30 5 230 227 -3656 -844 107 204 -3710 6028 418
24.085 11 POS_CTRL 2.641789 -0.946231 2.6875 -0.988281 0.062111 -0.045711 0.04205 16 1.768125 1.736937 -0.330629 0.531215 0.517731 -0.11893 19.181036 18.487305 -5.111923 0.47879 0.475368 -0.057138 0.504478 0.489998 -0.119999 0.493963 -0.114149
24.098 11 PONG 
24.132 11 INS -256 706 -230 -62914 256900 -12099 -2095 -542 -57
24.182 11 WINDTUNNEL 0 0.487306 -0.111941 2.693181 -0.958036 12.292182
24.232 11 GPS_INT 392433284 30036462 500219744 519906248 43768297 46184 988 5 50 -7 0 0 0 0 5 3
24.332 11 ROTORCRAFT_FP 727 -263 230 122 -28 7 186 192 -3765 -844 107 204 -3717 6015 418
24.335 11 POS_CTRL 2.761704 -0.973777 2.808594 -1.019531 0.065514 -0.04689 0.045754 16 1.749473 1.720142 -0.319009 0.499965 0.487274 -0.111935 13.928393 13. -5.000015 0.471804 0.469152 -0.049948 0.492442 0.48 -0.109999 0.484755 -0.105692
24.382 11 INS -263 734 -230 -57671 246415 -19045 -2193 -493 191
24.432 11 WINDTUNNEL 0 0.487306 -0.111941 2.815 -0.98602 12.542166
24.451 11 WP_MOVED_ENU 1 30 -135 768
24.490 11 GPS_INT 392433285 30036473 500219742 519906246 43768314 46187 991 6 47 -5 0 0 0 0 5 3
24.572 11 LINK_REPORT 11 -1 10207 0 9412691 168468 0 1404. 26. 608652 5.5
24.581 11 ROTORCRAFT_FP 760 -271 232 115 -25 12 220 230 -3818 -844 107 204 -3789 5998 419
24.585 11 POS_CTRL 2.883523 -1.001761 2.9375 -1.046875 0.070348 -0.053977 0.045114 16 1.731792 1.704254 -0.307603 0.468719 0.456821 -0.104939 18.182129 17.512756 -4.888062 0.459724 0.457298 -0.047165 0.460976 0.449999 -0.099998 0.45408 -0.099428
24.632 11 INS -271 768 -233 -52428 235929 -29514 -1042 -156 606
24.683 11 WINDTUNNEL 0 0.487306 -0.111941 2.936819 -1.014004 12.79215
24.732 11 GPS_INT 392433287 30036486 500219741 519906243 43768332 46194 998 7 46 -3 0 0 0 0 5 3
24.734 11 DL_VALUE 64 1.
24.832 11 ROTORCRAFT_FP 788 -276 234 112 -28 14 193 202 -3880 -844 107 204 -3697 5978 419
24.836 11 POS_CTRL 3.005342 -1.029744 3.046875 -1.078125 0.063763 -0.041533 0.048381 16 1.712051 1.686601 -0.294105 0.499965 0.487274 -0.111935 5. 5. 0. 0.466154 0.464447 -0.03985 0.45354 0.439999 -0.109999 0.442582 -0.108381
24.882 11 INS -279 796 -235 -57671 225443 -40240 -1321 -1509 -108
24.932 11 WINDTUNNEL 0 0.487306 -0.111941 3.058637 -1.041987 13.042134
24.944 11 ROTORCRAFT_STATUS 0 70 0 29 3 13 1 1 8 5 108 4366
24.995 11 GPS_INT 392433289 30036496 500219740 519906241 43768347 46207 1011 10 43 0 0 0 0 0 5 3
25.081 11 ROTORCRAFT_FP 816 -286 238 107 -25 20 281 245 -3761 -844 107 204 -3102 5956 419
25.085 11 POS_CTRL 3.127161 -1.057728 3.046875 -1.078125 0.082836 0.080286 0.020397 16 1.719271 1.695252 -0.286382 0.499965 0.487274 -0.111933 6.8e-05 -6.1e-05 3.1e-05 0.592493 0.58886 -0.065517 0.431739 0.419998 -0.099998 0.421878 -0.096561
25.132 11 INS -286 819 -239 -52428 220200 -41725 -538 945 694
25.188 11 WINDTUNNEL 0 0.487306 -0.111941 3.178553 -1.069534 13.288212
25.238 11 GPS_INT 392433291 30036508 500219740 519906238 43768363 46225 1030 7 44 -1 0 0 0 0 5 3
25.337 11 ROTORCRAFT_FP 844 -291 241 225443 -41943 31323 272 247 -3303 -844 107 204 -3663 5952 419
25.341 11 POS_CTRL 3.248979 -1.085712 3.296875 -1.136719 0.069969 -0.047896 0.051007 16 1.727387 1.704816 -0.278331 0.122504 0.049778 -0.111935 52.201591 50.000061 -15. 0.464686 0.463549 -0.032492 895.747986 880.636719 -163.839844 0.434138 -0.073594
25.380 11 ALIVE 199,46,77,35,184,175,54,147,117,161,102,180,3,122,23,240
25.388 11 INS -291 849 -241 -41943 230686 -29843 1027 683 -254
25.438 11 WINDTUNNEL 0 0.487306 -0.111941 3.302275 -1.097954 13.542102
25.492 11 GPS_INT 392433293 30036518 500219741 519906237 43768378 46242 1047 7 46 0 0 0 0 0 5 3
25.573 11 LINK_REPORT 11 -1 10208 0 9414052 168491 0 1361. 23. 608712 5.5
25.587 11 ROTORCRAFT_FP 872 -294 248 115 -17 24 303 263 -3367 -844 107 204 -3647 5903 420
25.592 11 POS_CTRL 3.370798 -1.113695 3.40625 -1.148438 0.049637 -0.035452 0.034742 16 1.726164 1.705041 -0.269219 1.264981 -1.262722 0.075565 28.160194 -27.999939 3. 0.478278 0.476059 -0.046022 0.455411 0.449999 -0.07 0.45408 -0.068639
25.626 11 ROTORCRAFT_NAV_STATUS 14 14 3.3 0. 15 3 0
25.638 11 INS -296 880 -249 -36700 241172 -42449 1017 -861 -73
25.689 11 WINDTUNNEL 0 0.487306 -0.111941 3.424094 -1.125938 13.792086
25.738 11 GPS_INT 392433295 30036531 500219741 519906235 43768397 46261 1066 5 48 1 0 0 0 0 5 3
25.756 11 WP_MOVED_ENU 2 35 -135 768
25.838 11 ROTORCRAFT_FP 906 -299 251 122 -12 12 273 237 -3399 -844 107 204 -3773 5913 420
25.844 11 POS_CTRL 3.492617 -1.141679 3.539062 -1.167969 0.05337 -0.046446 0.02629 16 1.719288 1.699098 -0.262709 0.642187 -0.637726 0.075565 18.248283 -18. 2.999969 0.466251 0.463284 -0.052521 0.482597 0.48 -0.049999 0.487045 -0.045176
25.849 11 DL_VALUE 0 0.
25.888 11 INS -299 908 -251 -31457 251658 -20828 -630 -387 115
25.938 11 WINDTUNNEL 0 0.487306 -0.111941 3.545913 -1.153922 14.04207
25.959 11 DATALINK_REPORT 0 64008 43532 43438 0
25.993 11 GPS_INT 392433295 30036542 500219741 519906234 43768413 46270 1075 1 48 0 0 0 0 0 5 3
26.060 11 INS_REF 392433170 30036171 500219735 519906340 43767889 45278 82 0.
26.087 11 ROTORCRAFT_FP 934 -302 253 120 -12 4 240 237 -3596 -844 107 204 -3774 5919 420
26.091 11 POS_CTRL 3.614435 -1.169662 3.648438 -1.179688 0.035449 -0.034002 0.010025 16 1.713148 1.693338 -0.259777 0.456523 -0.450226 0.075565 15.297058 -15. 3. 0.478839 0.473999 -0.067907 0.472651 0.469999 -0.049999 0.477837 -0.042877
26.138 11 INS -302 942 -253 -20971 246415 -8580 622 1627 290
26.150 11 ROTORCRAFT_STATUS 0 70 0 29 3 13 1 1 8 5 108 4367
26.188 11 WINDTUNNEL 0 0.487306 -0.111941 3.667731 -1.181905 14.292054
26.238 11 GPS_INT 392433296 30036555 500219740 519906233 43768432 46274 1078 0 47 -3 0 0 0 0 5 3
26.337 11 ROTORCRAFT_FP 967 -304 251 117 -15 -8 247 257 -3652 -844 107 204 -3933 5962 420
26.342 11 POS_CTRL 3.736254 -1.197646 3.777344 -1.1875 0.042324 -0.04109 -0.010146 16 1.70697 1.687026 -0.260178 0.463932 -0.450226 -0.111935 15. -15. 0. 0.473307 0.465017 -0.088198 0.463896 0.459999 -0.059999 0.468629 -0.052893
26.388 11 INS -304 972 -251 -31457 241172 13502 -768 482 267
26.438 11 WINDTUNNEL 0 0.487306 -0.111941 3.78955 -1.209889 14.542038
26.492 11 GPS_INT 392433295 30036566 500219739 519906232 43768448 46270 1074 -1 48 -5 0 0 0 0 5 3
26.493 11 ENERGY 10.8 4.339 518 46.861202
26.574 11 LINK_REPORT 11 -1 10209 0 9415503 168518 0 1451. 27. 608771 5.5
26.588 11 ROTORCRAFT_FP 995 -307 250 122 -17 -4 214 268 -3770 -844 107 204 -3933 5955 421
26.591 11 POS_CTRL 3.858073 -1.225629 3.886719 -1.199219 0.038963 -0.028646 -0.026411 16 1.703327 1.682604 -0.264889 0.463932 -0.450226 -0.111935 15. -15. -3.1e-05 0.487765 0.476135 -0.105877 0.485077 0.48 -0.07 0.488571 -0.060253
26.627 11 STATE_FILTER_STATUS 3 3 0
26.638 11 INS -309 1006 -250 -36700 251658 10207 -580 237 -446
26.689 11 WINDTUNNEL 0 0.487306 -0.111941 3.911369 -1.237872 14.792022
26.738 11 GPS_INT 392433295 30036580 500219738 519906230 43768468 46262 1066 -1 49 -7 0 0 0 0 5 3
26.838 11 ROTORCRAFT_FP 1031 -312 248 120 -23 -12 190 254 -3768 -844 107 204 -3928 5981 421
26.843 11 POS_CTRL 3.979892 -1.253613 4. -1.21875 0.040246 -0.020108 -0.034863 16 1.702417 1.680316 -0.273423 0.499965 0.487274 -0.111935 29.427818 28.999939 -5. 0.497901 0.483986 -0.11689 0.478538 0.469999 -0.089998 0.479363 -0.082585
26.888 11 INS -314 1034 -247 -41943 251658 26401 1042 -1009 78
26.939 11 WINDTUNNEL 0 0.487306 -0.111941 4.033187 -1.265856 15.042006
26.940 11 DL_VALUE 1 13.
26.995 11 GPS_INT 392433295 30036591 500219735 519906229 43768484 46247 1051 -1 49 -10 0 0 0 0 5 3
27.063 11 WP_MOVED_ENU 3 30 -135 768
27.087 11 ROTORCRAFT_FP 1059 -320 244 120 -25 -17 218 263 -3822 -844 107 204 -3895 6013 421
27.090 11 POS_CTRL 4.10171 -1.281597 4.109375 -1.238281 0.043988 -0.007665 -0.043315 16 1.704612 1.680771 -0.284097 0.499965 0.487274 -0.111935 28.442924 28. -5. 0.512933 0.496565 -0.128544 0.48052 0.469999 -0.099998 0.4786 -0.090442
27.138 11 INS -322 1070 -243 -52428 262143 34855 517 -145 458
27.188 11 WINDTUNNEL 0 0.487306 -0.111941 4.155006 -1.293839 15.29199
27.225 11 ROTORCRAFT_NAV_STATUS 15 15 4.1 0. 15 3 0
27.237 11 GPS_INT 392433295 30036603 500219733 519906227 43768501 46229 1033 0 49 -11 0 0 0 0 5 3
27.337 11 ROTORCRAFT_FP 1090 -325 239 125 -28 -20 196 260 -3916 -844 107 204 -3925 6042 421
27.344 11 POS_CTRL 4.223529 -1.30958 4.226562 -1.257812 0.051856 -0.003033 -0.051768 16 1.700137 1.674451 -0.294416 0.499965 0.487274 -0.111935 12. 12. 0. 0.518583 0.499302 -0.140091 0.502193 0.489998 -0.109999 0.498542 -0.10396
27.348 11 ROTORCRAFT_STATUS 0 70 0 30 3 13 1 1 8 5 108 4368
27.387 11 INS -325 1098 -237 -57671 256900 43808 -753 -412 -579
27.438 11 WINDTUNNEL 0 0.487306 -0.111941 4.276825 -1.321823 15.541974
27.499 11 ALIVE 199,46,77,35,184,175,54,147,117,161,102,180,3,122,23,240
27.499 11 GPS_INT 392433294 30036616 500219729 519906224 43768521 46208 1012 0 50 -12 0 0 0 0 5 3
27.574 11 LINK_REPORT 11 -1 10210 0 9416914 168544 0 1411. 26. 608830 5.5
27.587 11 ROTORCRAFT_FP 1123 -330 233 125 -25 -18 200 262 -3974 -844 107 204 -4052 6063 422
27.593 11 POS_CTRL 4.345348 -1.337564 4.359375 -1.277344 0.061832 -0.014027 -0.06022 16 1.696474 1.668313 -0.307824 0.499965 0.487274 -0.111933 18.110767 18. -1.999969 0.509829 0.486465 -0.152567 0.500098 0.489998 -0.099998 0.498542 -0.097802
27.638 11 INS -330 1128 -232 -57671 256900 34683 1714 -82 77
27.692 11 WINDTUNNEL 0 0.487306 -0.111941 4.398643 -1.349807 15.791958
27.738 11 GPS_INT 392433295 30036628 500219727 519906222 43768538 46193 998 1 49 -11 0 0 0 0 5 3
27.838 11 ROTORCRAFT_FP 1154 -337 231 122 -28 -4 156 244 -4099 -844 107 204 -4010 6031 422
27.843 11 POS_CTRL 4.467167 -1.365547 4.476562 -1.316406 0.050031 -0.009396 -0.049141 16 1.691066 1.660522 -0.319954 0.499965 0.487274 -0.111935 13.493022 12.487183 -5.111938 0.509851 0.48876 -0.145126 0.492442 0.48 -0.109999 0.487045 -0.106755
27.845 11 AUTOPILOT_VERSION 50600 v5.6.0_stable-39-ga52ba85-dirty
27.888 11 INS -340 1162 -231 -62914 251658 7977 -431 -1651 -660
27.940 11 WINDTUNNEL 0 0.487306 -0.111941 4.520463 -1.37779 16.041942
27.994 11 GPS_INT 392433295 30036641 500219724 519906219 43768557 46183 987 3 49 -10 0 0 0 0 5 3
28.040 11 DL_VALUE 2 0.
28.088 11 ROTORCRAFT_FP 1185 -345 230 120 -33 3 148 254 -4095 -844 107 204 -3744 6014 422
28.092 11 POS_CTRL 4.588985 -1.393531 4.539062 -1.328125 0.082281 0.049923 -0.065406 16 1.694756 1.661582 -0.333682 0.499965 0.487274 -0.111935 0. 0. 0. 0.572829 0.548397 -0.16551 0.487647 0.469999 -0.129999 0.474784 -0.123564
28.138 11 INS -348 1190 -230 -62914 241172 -11357 -875 603 286
28.189 11 WINDTUNNEL 0 0.487306 -0.111941 4.642281 -1.405774 16.291926
28.238 11 GPS_INT 392433297 30036653 500219722 519906216 43768573 46179 984 5 48 -10 0 0 0 0 5 3
28.337 11 ROTORCRAFT_FP 1213 -353 228 120 -30 -2 226 299 -3830 -844 107 204 -3290 6048 422
28.344 11 POS_CTRL 4.710804 -1.421515 4.539062 -1.328125 0.195491 0.171742 -0.09339 16 1.729792 1.693097 -0.354406 0.499972 0.487282 -0.111933 0.000126 0.000122 3.1e-05 0.708404 0.67967 -0.199711 0.485076 0.469999 -0.119999 0.474784 -0.111249
28.354 11 WP_MOVED_ENU 4 1208 -364 209
28.387 11 INS -358 1223 -228 -62914 246415 4271 -993 769 -170
28.440 11 WINDTUNNEL 0 0.487306 -0.111941 4.7641 -1.433757 16.54191
28.496 11 GPS_INT 392433298 30036666 500219719 519906213 43768592 46176 980 5 49 -7 0 0 0 0 5 3
28.548 11 ROTORCRAFT_STATUS 0 70 0 29 3 13 1 1 8 5 108 4369
28.574 11 LINK_REPORT 11 -1 10211 0 9418313 168568 0 1399. 24. 608890 5.5
28.587 11 ROTORCRAFT_FP 1249 -363 228 127 -30 3 215 338 -3568 -844 107 204 -4162 6035 423
28.591 11 POS_CTRL 4.832623 -1.449498 4.878906 -1.417969 0.056002 -0.046283 -0.031529 16 1.739448 1.700135 -0.367722 0.668521 -0.637726 0.200565 18.681541 -18. 5. 0.484964 0.463757 -0.141846 0.514196 0.499998 -0.119999 0.504697 -0.113052
28.639 11 INS -363 1251 -228 -62914 262143 -8438 -1121 318 -282
28.688 11 WINDTUNNEL 0 0.487306 -0.111941 4.885919 -1.461741 16.791894
28.739 11 GPS_INT 392433299 30036678 500219718 519906211 43768609 46176 980 6 52 -7 0 0 0 0 5 3
28.825 11 ROTORCRAFT_NAV_STATUS 0 0 4.9 4.9 5 1 0
28.839 11 ROTORCRAFT_FP 1280 -371 228 267386 -62914 72303 158 233 -3842 30 -135 768 -3798 8647 423
28.843 11 POS_CTRL 0. 0. 0. 0. 0. 0. 0. 16 0. 0. 0. 0. 0. 0. 0. 0. 0. 0. 0. 0. 0. 0. 0. 0. 0.
28.888 11 INS -371 1287 -231 -68157 251658 -183310 845 -574 -4351
28.940 11 WINDTUNNEL 0 0.487306 -0.111941 4.923987 -1.470486 0.
29.000 11 GPS_INT 392433305 30036691 500219720 519906208 43768627 46233 1038 45 36 41 0 0 0 0 5 3
29.000 11 ENERGY 10.5 7.316 521 76.818001
29.087 11 ROTORCRAFT_FP 1300 -378 268 -5242 -47185 578278 -587 -1077 -3613 30 -135 768 -3798 7905 423
29.092 11 POS_CTRL 0. 0. 0. 0. 0. 0. 0. 16 0. 0. 0. 0. 0. 0. 0. 0. 0. 0. 0. 0. 0. 0. 0. 0. 0.
29.096 11 PONG 
29.138 11 INS -378 1300 -284 -47185 -73400 -626570 2550 -5479 -1989
29.139 11 DL_VALUE 3 0.
29.188 11 WINDTUNNEL 0 0.487306 -0.111941 4.923987 -1.470486 0.
29.238 11 GPS_INT 392433321 30036688 500219738 519906206 43768622 46480 1284 81 -54 96 0 0 0 0 5 3
29.338 11 ROTORCRAFT_FP 1267 -376 347 -545259 41943 646079 -535 -1415 -3654 30 -135 768 -3798 6977 423
29.342 11 POS_CTRL 0. 0. 0. 0. 0. 0. 0. 16 0. 0. 0. 0. 0. 0. 0. 0. 0. 0. 0. 0. 0. 0. 0. 0. 0.
29.388 11 INS -376 1246 -362 73400 -686816 -625558 398 -2826 685
29.439 11 WINDTUNNEL 0 0.487306 -0.111941 4.923987 -1.470486 0.
29.501 11 GPS_INT 392433341 30036657 500219766 519906209 43768574 46799 1603 61 -162 100 0 0 0 0 5 3
29.575 11 LINK_REPORT 11 -1 10212 0 9419675 168592 0 1362. 24. 608951 2.48
29.579 11 ALIVE 199,46,77,35,184,175,54,147,117,161,102,180,3,122,23,240
29.587 11 ROTORCRAFT_FP 1157 -363 417 -1038089 162529 498672 -610 -1408 -3603 30 -135 768 -3798 6626 424
29.591 11 POS_CTRL 0. 0. 0. 0. 0. 0. 0. 16 0. 0. 0. 0. 0. 0. 0. 0. 0. 0. 0. 0. 0. 0. 0. 0. 0.
29.638 11 INS -363 1139 -428 178257 -1090518 -466720 1391 -1291 811
29.653 11 WP_MOVED_ENU 5 -844 107 204
29.690 11 WINDTUNNEL 0 0.487306 -0.111941 4.923987 -1.470486 0.
29.738 11 GPS_INT 392433352 30036609 500219787 519906216 43768503 47014 1819 36 -236 89 0 0 0 0 5 3
29.747 11 ROTORCRAFT_STATUS 0 127 0 29 3 13 1 1 4 5 107 4371
29.827 11 STATE_FILTER_STATUS 3 3 0
29.838 11 ROTORCRAFT_FP 1016 -337 467 -1368390 241172 356085 -418 -1050 -3657 30 -135 768 -3798 6396 424
29.843 11 POS_CTRL 0. 0. 0. 0. 0. 0. 0. 16 0. 0. 0. 0. 0. 0. 0. 0. 0. 0. 0. 0. 0. 0. 0. 0. 0.
29.888 11 INS -332 970 -475 251658 -1426062 -332380 -987 -77 570
29.939 11 WINDTUNNEL 0 0.487306 -0.111941 4.923987 -1.470486 0.
30.002 11 GPS_INT 392433357 30036538 500219809 519906228 43768399 47184 1989 12 -285 75 0 0 0 0 5 3
30.088 11 ROTORCRAFT_FP 824 -304 502 -1530919 298843 267912 -106 -528 -3739 30 -135 768 -3798 6310 424
30.092 11 POS_CTRL 0. 0. 0. 0. 0. 0. 0. 16 0. 0. 0. 0. 0. 0. 0. 0. 0. 0. 0. 0. 0. 0. 0. 0. 0.
30.138 11 INS -296 798 -508 304086 -1536162 -260191 512 86 -237
30.188 11 WINDTUNNEL 0 0.487306 -0.111941 4.923987 -1.470486 0.
30.239 11 GPS_INT 392433359 30036470 500219826 519906240 43768300 47296 2100 1 -292 73 0 0 0 0 5 3
30.239 11 DL_VALUE 4 13.
30.340 11 ROTORCRAFT_FP 650 -268 529 -1499462 325058 240747 59 -17 -3779 30 -135 768 -3798 6338 424
30.344 11 POS_CTRL 0. 0. 0. 0. 0. 0. 0. 16 0. 0. 0. 0. 0. 0. 0. 0. 0. 0. 0. 0. 0. 0. 0. 0. 0.
30.388 11 INS -258 601 -535 330301 -1468005 -248020 -355 836 -808
30.425 11 ROTORCRAFT_NAV_STATUS 1 1 2.3 2.3 5 1 0
30.439 11 WINDTUNNEL 0 0.487306 -0.111941 4.923987 -1.470486 0.
30.498 11 GPS_INT 392433359 30036395 500219846 519906255 43768191 47420 2224 2 -268 77 0 0 0 0 5 3
30.576 11 LINK_REPORT 11 -1 10213 0 9421086 168618 0 1411. 26. 609010 2.48
30.588 11 ROTORCRAFT_FP 465 -225 561 -1321204 314572 279304 153 362 -3777 30 -135 768 -3798 6330 425
30.594 11 POS_CTRL 0. 0. 0. 0. 0. 0. 0. 16 0. 0. 0. 0. 0. 0. 0. 0. 0. 0. 0. 0. 0. 0. 0. 0. 0.
30.638 11 INS -220 448 -568 309329 -1289747 -280505 -1121 2334 -139
30.688 11 WINDTUNNEL 0 0.487306 -0.111941 4.923987 -1.470486 0.
30.738 11 GPS_INT 392433360 30036337 500219864 519906268 43768108 47540 2344 6 -227 75 0 0 0 0 5 3
30.839 11 ROTORCRAFT_FP 332 -194 596 -1090518 267386 296548 160 512 -3768 30 -135 768 -3798 6303 425
30.846 11 POS_CTRL 0. 0. 0. 0. 0. 0. 0. 16 0. 0. 0. 0. 0. 0. 0. 0. 0. 0. 0. 0. 0. 0. 0. 0. 0.
30.888 11 INS -184 299 -602 246415 -1022360 -293513 -1100 1700 56
30.940 11 WINDTUNNEL 0 0.487306 -0.111941 4.923987 -1.470486 0.
30.948 11 ROTORCRAFT_STATUS 0 127 0 30 3 13 1 1 4 5 107 4372
30.953 11 WP_MOVED_ENU 6 980 -312 209
31.005 11 GPS_INT 392433363 30036284 500219883 519906279 43768031 47686 2491 14 -174 69 0 0 0 0 5 3
31.060 11 DATALINK_REPORT 0 64313 43659 1389 0
31.088 11 ROTORCRAFT_FP 207 -161 631 -817888 193986 292815 205 555 -3746 30 -135 768 -3798 6266 425
31.092 11 POS_CTRL 0. 0. 0. 0. 0. 0. 0. 16 0. 0. 0. 0. 0. 0. 0. 0. 0. 0. 0. 0. 0. 0. 0. 0. 0.
31.138 11 INS -161 194 -637 183500 -781188 -293833 851 937 -453
31.160 11 INS_REF 392433170 30036171 500219735 519906340 43767889 45278 82 0.
31.188 11 WINDTUNNEL 0 0.487306 -0.111941 4.923987 -1.470486 0.
31.238 11 GPS_INT 392433367 30036250 500219899 519906287 43767980 47817 2621 20 -129 61 0 0 0 0 5 3
31.338 11 ROTORCRAFT_FP 130 -143 667 -597687 136314 299466 168 565 -3751 30 -135 768 -3798 6168 425
31.339 11 DL_VALUE 5 583.
31.345 11 POS_CTRL 0. 0. 0. 0. 0. 0. 0. 16 0. 0. 0. 0. 0. 0. 0. 0. 0. 0. 0. 0. 0. 0. 0. 0. 0.
31.388 11 INS -140 112 -675 120586 -534773 -300300 -29 1416 365
31.438 11 WINDTUNNEL 0 0.487306 -0.111941 4.923987 -1.470486 0.
31.503 11 GPS_INT 392433373 30036222 500219914 519906292 43767939 47964 2769 25 -85 52 0 0 0 0 5 3
31.503 11 ENERGY 10.8 4.52 524 48.816002
31.577 11 LINK_REPORT 11 -1 10214 0 9422516 168644 0 1430. 26. 609070 2.48
31.589 11 ROTORCRAFT_FP 69 -133 702 -382729 73400 269280 143 445 -3787 30 -135 768 -3798 6073 426
31.593 11 POS_CTRL 0. 0. 0. 0. 0. 0. 0. 16 0. 0. 0. 0. 0. 0. 0. 0. 0. 0. 0. 0. 0. 0. 0. 0. 0.
31.638 11 INS -130 64 -708 57671 -361758 -261492 212 1251 412
31.679 11 ALIVE 199,46,77,35,184,175,54,147,117,161,102,180,3,122,23,240
31.688 11 WINDTUNNEL 0 0.487306 -0.111941 4.923987 -1.470486 0.
31.738 11 GPS_INT 392433379 30036206 500219925 519906295 43767916 48081 2886 26 -56 42 0 0 0 0 5 3
31.838 11 ROTORCRAFT_FP 33 -125 730 -251658 26214 229786 107 342 -3790 30 -135 768 -3798 6020 426
31.845 11 POS_CTRL 0. 0. 0. 0. 0. 0. 0. 16 0. 0. 0. 0. 0. 0. 0. 0. 0. 0. 0. 0. 0. 0. 0. 0. 0.
31.888 11 INS -125 25 -736 20971 -225443 -223554 -971 524 772
31.939 11 WINDTUNNEL 0 0.487306 -0.111941 4.923987 -1.470486 0.
32.005 11 GPS_INT 392433386 30036195 500219935 519906296 43767898 48197 3001 25 -34 32 0 0 0 0 5 3
32.027 11 ROTORCRAFT_NAV_STATUS 3 3 0.1 0.1 5 1 0
32.088 11 ROTORCRAFT_FP 10 -125 755 -152043 0 187527 128 277 -3787 30 -135 768 -3798 5974 426
32.092 11 POS_CTRL 0. 0. 0. 0. 0. 0. 0. 16 0. 0. 0. 0. 0. 0. 0. 0. 0. 0. 0. 0. 0. 0. 0. 0. 0.
32.138 11 INS -125 7 -760 -5242 -146800 -177669 -970 941 792
32.146 11 ROTORCRAFT_STATUS 0 127 0 30 3 13 1 1 4 5 109 4373
32.189 11 WINDTUNNEL 0 0.487306 -0.111941 4.923987 -1.470486 0.
32.238 11 GPS_INT 392433392 30036188 500219942 519906296 43767889 48281 3085 19 -18 22 0 0 0 0 5 3
32.251 11 WP_MOVED_ENU 7 1297 -366 721
32.338 11 ROTORCRAFT_FP -5 -125 776 -94371 -15728 150209 140 231 -3791 30 -135 768 -3798 5935 426
32.344 11 POS_CTRL 0. 0. 0. 0. 0. 0. 0. 16 0. 0. 0. 0. 0. 0. 0. 0. 0. 0. 0. 0. 0. 0. 0. 0. 0.
32.388 11 INS -128 -7 -780 -15728 -78643 -145699 -635 -60 327
32.438 11 DL_VALUE 6 82.
32.440 11 WINDTUNNEL 0 0.487306 -0.111941 4.923987 -1.470486 0.
32.501 11 GPS_INT 392433397 30036184 500219947 519906295 43767882 48356 3160 18 -10 18 0 0 0 0 5 3
32.577 11 LINK_REPORT 11 -1 10215 0 9423917 168669 0 1401. 25. 609130 2.48
32.588 11 ROTORCRAFT_FP -12 -125 793 -41943 -15728 117157 148 185 -3812 30 -135 768 -3798 5900 427
32.592 11 POS_CTRL 0. 0. 0. 0. 0. 0. 0. 16 0. 0. 0. 0. 0. 0. 0. 0. 0. 0. 0. 0. 0. 0. 0. 0. 0.
32.638 11 INS -128 -15 -795 -10485 -41943 -109522 -520 -485 151
32.689 11 WINDTUNNEL 0 0.487306 -0.111941 4.923987 -1.470486 0.
32.738 11 GPS_INT 392433401 30036183 500219951 519906295 43767880 48404 3209 13 -3 12 0 0 0 0 5 3
32.838 11 ROTORCRAFT_FP -15 -128 803 -10485 -10485 78689 138 168 -3810 30 -135 768 -3798 5902 427
32.844 11 POS_CTRL 0. 0. 0. 0. 0. 0. 0. 16 0. 0. 0. 0. 0. 0. 0. 0. 0. 0. 0. 0. 0. 0. 0. 0. 0.
32.888 11 INS -128 -15 -805 -10485 -5242 -72441 846 -864 214
32.939 11 WINDTUNNEL 0 0.487306 -0.111941 4.923987 -1.470486 0.
33.006 11 GPS_INT 392433404 30036183 500219953 519906295 43767879 48441 3246 7 0 6 0 0 0 0 5 3
33.026 11 STATE_FILTER_STATUS 3 3 0
33.087 11 ROTORCRAFT_FP -15 -128 810 5242 -10485 43991 105 170 -3790 30 -135 768 -3798 5916 427
33.092 11 POS_CTRL 0. 0. 0. 0. 0. 0. 0. 16 0. 0. 0. 0. 0. 0. 0. 0. 0. 0. 0. 0. 0. 0. 0. 0. 0.
33.138 11 INS -128 -15 -810 -15728 5242 -36173 988 -1199 -116
33.189 11 WINDTUNNEL 0 0.487306 -0.111941 4.923987 -1.470486 0.
33.238 11 GPS_INT 392433405 30036183 500219955 519906294 43767880 48459 3263 4 3 3 0 0 0 0 5 3
33.338 11 ROTORCRAFT_FP -12 -128 815 15728 -15728 35374 101 165 -3808 30 -135 768 -3798 5895 427
33.343 11 POS_CTRL 0. 0. 0. 0. 0. 0. 0. 16 0. 0. 0. 0. 0. 0. 0. 0. 0. 0. 0. 0. 0. 0. 0. 0. 0.
33.346 11 ROTORCRAFT_STATUS 0 127 0 30 3 13 1 1 4 5 108 4374
33.388 11 INS -130 -15 -815 -15728 15728 -25106 685 -2 411
33.501 11 GPS_INT 392433406 30036185 500219955 519906294 43767881 48471 3276 3 4 2 0 0 0 0 5 3
33.507 11 WINDTUNNEL 0 0.487306 -0.111941 4.923987 -1.470486 0.
33.537 11 DL_VALUE 7 13.
33.550 11 WP_MOVED_ENU 8 -215 -1331 721
33.578 11 LINK_REPORT 11 -1 10216 0 9425284 168693 0 1367. 24. 609189 2.48
33.588 11 ROTORCRAFT_FP -12 -130 814 26214 -15728 3441 96 142 -3804 30 -135 768 -3798 5940 428
33.592 11 POS_CTRL 0. 0. 0. 0. 0. 0. 0. 16 0. 0. 0. 0. 0. 0. 0. 0. 0. 0. 0. 0. 0. 0. 0. 0. 0.
33.713 11 ROTORCRAFT_NAV_STATUS 5 5 0.2 0.2 5 1 0
33.714 11 INS -130 -12 -814 -20971 26214 -315 -170 769 -97
33.716 11 WINDTUNNEL 0 0.487306 -0.111941 4.923987 -1.470486 0.
33.739 11 GPS_INT 392433407 30036186 500219955 519906293 43767883 48475 3279 1 6 0 0 0 0 0 5 3
33.756 11 WIND_INFO 11 42 0. 0. 0.
33.779 11 ALIVE 199,46,77,35,184,175,54,147,117,161,102,180,3,122,23,240
33.918 11 ROTORCRAFT_FP -7 -133 816 26214 -15728 6646 99 119 -3803 30 -135 768 -3798 5927 428
33.923 11 POS_CTRL 0. 0. 0. 0. 0. 0. 0. 16 0. 0. 0. 0. 0. 0. 0. 0. 0. 0. 0. 0. 0. 0. 0. 0. 0.
33.925 11 INS -133 -7 -816 -15728 26214 -8445 -552 1493 83
34.024 11 WINDTUNNEL 0 0.487306 -0.111941 4.923987 -1.470486 0.
34.024 11 GPS_INT 392433407 30036187 500219955 519906293 43767885 48475 3279 1 5 0 0 0 0 0 5 3
34.025 11 ENERGY 10.8 4.308 527 46.526402
34.087 11 ROTORCRAFT_FP -5 -135 816 26214 -10485 -5230 124 131 -3783 30 -135 768 -3798 5934 428
34.092 11 POS_CTRL 0. 0. 0. 0. 0. 0. 0. 16 0. 0. 0. 0. 0. 0. 0. 0. 0. 0. 0. 0. 0. 0. 0. 0. 0.
34.096 11 PONG 
34.224 11 INS -135 -5 -815 -10485 20971 9377 -767 -1129 -415
34.226 11 WINDTUNNEL 0 0.487306 -0.111941 4.923987 -1.470486 0.
34.239 11 GPS_INT 392433407 30036189 500219954 519906292 43767888 48469 3274 -1 5 -2 0 0 0 0 5 3
34.255 11 BLOCK 20 11
34.430 11 ROTORCRAFT_FP 0 -135 813 26214 -10485 -19630 129 115 -3799 30 -135 768 -3798 5966 428
34.433 11 POS_CTRL 0. 0. 0. 0. 0. 0. 0. 16 0. 0. 0. 0. 0. 0. 0. 0. 0. 0. 0. 0. 0. 0. 0. 0. 0.
34.433 11 INS -135 0 -812 -10485 26214 15909 -196 181 110
34.439 11 WINDTUNNEL 0 0.487306 -0.111941 4.923987 -1.470486 0.
34.509 11 GPS_INT 392433406 30036191 500219953 519906292 43767890 48460 3264 -1 5 -1 0 0 0 0 5 3
34.578 11 LINK_REPORT 11 -1 10217 0 9426658 168717 0 1374. 24. 609252 1.92
34.634 11 ROTORCRAFT_STATUS 0 127 0 28 3 13 1 1 4 5 108 4375
34.637 11 ROTORCRAFT_FP 2 -135 808 26214 0 -154138 87 92 -3778 -2 -135 808 -3798 4710 429
34.642 11 POS_CTRL 0. 0. 0. 0. 0. 0. 0. 16 0. 0. 0. 0. 0. 0. 0. 0. 0. 0. 0. 0. 0. 0. 0. 0. 0.
34.643 11 DL_VALUE 8 0.645
34.645 11 INS -135 5 -806 -5242 26214 188270 -89 -9 1900
34.689 11 WINDTUNNEL 0 0.487306 -0.111941 4.923987 -1.470486 0.
34.739 11 GPS_INT 392433402 30036192 500219948 519906292 43767892 48394 3198 -30 3 -39 0 0 0 0 5 3
34.838 11 ROTORCRAFT_FP 7 -138 778 20971 -10485 -335689 80 83 -3789 -2 -135 778 -3798 5488 429
34.842 11 POS_CTRL 0. 0. 0. 0. 0. 0. 0. 16 0. 0. 0. 0. 0. 0. 0. 0. 0. 0. 0. 0. 0. 0. 0. 0. 0.
34.848 11 WP_MOVED_ENU 9 -1167 192 724
34.888 11 INS -135 7 -771 -10485 20971 345347 -896 973 518
34.940 11 WINDTUNNEL 0 0.487306 -0.111941 4.923987 -1.470486 0.
35.043 11 GPS_INT 392433393 30036192 500219936 519906292 43767894 48243 3047 -44 0 -57 0 0 0 0 5 3
35.088 11 ROTORCRAFT_FP 10 -135 731 15728 -10485 -407236 59 37 -3792 -2 -135 731 -3798 5798 429
35.094 11 POS_CTRL 0. 0. 0. 0. 0. 0. 0. 16 0. 0. 0. 0. 0. 0. 0. 0. 0. 0. 0. 0. 0. 0. 0. 0. 0.
35.139 11 INS -135 10 -720 -10485 10485 417502 294 -121 -199
35.248 11 WINDTUNNEL 0 0.487306 -0.111941 4.923987 -1.470486 0.
35.249 11 ROTORCRAFT_NAV_STATUS 1 1 0.1 0. 22 1 0
35.251 11 GPS_INT 392433384 30036192 500219924 519906292 43767895 48089 2893 -47 -1 -62 0 0 0 0 5 3
35.344 11 ROTORCRAFT_FP 10 -138 679 -10485 -10485 -416406 54 35 -3808 -2 -135 679 -3798 5898 429
35.348 11 POS_CTRL 0. 0. 0. 0. 0. 0. 0. 16 0. 0. 0. 0. 0. 0. 0. 0. 0. 0. 0. 0. 0. 0. 0. 0. 0.
35.447 11 WINDTUNNEL 0 0.487306 -0.111941 4.923987 -1.470486 0.
35.453 11 INS -138 10 -669 -10485 -10485 410617 1277 -1580 -136
35.505 11 GPS_INT 392433368 30036190 500219903 519906291 43767894 47826 2630 -45 -7 -60 0 0 0 0 5 3
35.579 11 LINK_REPORT 11 -1 10218 0 9428036 168741 0 1378. 24. 609312 1.92
35.645 11 INS -138 7 -619 0 -31457 385173 1181 -119 -582
35.658 11 ROTORCRAFT_FP 10 -138 627 -26214 -5242 -395758 94 60 -3805 -2 -135 627 -3798 5910 430
35.663 11 POS_CTRL 0. 0. 0. 0. 0. 0. 0. 16 0. 0. 0. 0. 0. 0. 0. 0. 0. 0. 0. 0. 0. 0. 0. 0. 0.
35.695 11 WINDTUNNEL 0 0.487306 -0.111941 4.923987 -1.470486 0.
35.743 11 DL_VALUE 9 0.
35.746 11 GPS_INT 392433356 30036188 500219887 519906291 43767892 47630 2434 -42 -9 -56 0 0 0 0 5 3
35.749 11 ROTORCRAFT_STATUS 0 127 0 30 3 13 1 1 4 5 109 4377
35.863 11 ROTORCRAFT_FP 5 -138 580 -31457 -5242 -378274 93 83 -3783 -2 -135 580 -3798 5873 430
35.870 11 POS_CTRL 0. 0. 0. 0. 0. 0. 0. 16 0. 0. 0. 0. 0. 0. 0. 0. 0. 0. 0. 0. 0. 0. 0. 0. 0.
35.884 11 ALIVE 199,46,77,35,184,175,54,147,117,161,102,180,3,122,23,240
35.893 11 INS -138 5 -578 -5242 -36700 320233 -139 -1153 -545
35.946 11 WINDTUNNEL 0 0.487306 -0.111941 4.923987 -1.470486 0.
36.070 11 GPS_INT 392433348 30036186 500219876 519906291 43767890 47491 2296 -40 -10 -54 0 0 0 0 5 3
36.094 11 ROTORCRAFT_FP 0 -138 539 -36700 -5242 -360230 118 79 -3797 -2 -135 539 -3798 5813 430
36.098 11 POS_CTRL 0. 0. 0. 0. 0. 0. 0. 16 0. 0. 0. 0. 0. 0. 0. 0. 0. 0. 0. 0. 0. 0. 0. 0. 0.
36.144 11 INS -138 0 -529 -5242 -36700 369540 404 -1435 148
36.153 11 WP_MOVED_ENU 10 325 1128 724
36.165 11 DATALINK_REPORT 0 64620 43787 1413 0
36.273 11 WINDTUNNEL 0 0.487306 -0.111941 4.923987 -1.470486 0.
36.274 11 STATE_FILTER_STATUS 3 3 0
36.277 11 GPS_INT 392433338 30036184 500219864 519906291 43767887 47332 2136 -41 -10 -53 0 0 0 0 5 3
36.278 11 INS_REF 392433170 30036171 500219735 519906340 43767889 45278 82 0.
36.344 11 ROTORCRAFT_FP -5 -138 496 -36700 0 -353160 121 93 -3782 -2 -135 496 -3798 5767 430
36.348 11 POS_CTRL 0. 0. 0. 0. 0. 0. 0. 16 0. 0. 0. 0. 0. 0. 0. 0. 0. 0. 0. 0. 0. 0. 0. 0. 0.
36.477 11 INS -138 -7 -487 0 -31457 359266 299 65 344
36.478 11 WINDTUNNEL 0 0.487306 -0.111941 4.923987 -1.470486 0.
36.510 11 GPS_INT 392433326 30036181 500219848 519906291 43767885 47127 1931 -42 -8 -54 0 0 0 0 5 3
36.510 11 ENERGY 10.8 4.159 530 44.917198
36.580 11 LINK_REPORT 11 -1 10219 0 9429499 168769 0 1463. 28. 609371 1.92
36.682 11 ROTORCRAFT_FP -7 -138 452 -20971 0 -366584 146 101 -3797 -2 -135 452 -3798 5752 431
36.687 11 POS_CTRL 0. 0. 0. 0. 0. 0. 0. 16 0. 0. 0. 0. 0. 0. 0. 0. 0. 0. 0. 0. 0. 0. 0. 0. 0.
36.688 11 INS -138 -7 -443 0 -20971 367258 258 -1207 -92
36.694 11 WINDTUNNEL 0 0.487306 -0.111941 4.923987 -1.470486 0.
36.744 11 GPS_INT 392433314 30036179 500219833 519906291 43767883 46935 1740 -55 -7 -68 0 0 0 0 5 3
36.886 11 ROTORCRAFT_NAV_STATUS 3 3 0.2 0. 22 1 0
36.888 11 DL_VALUE 10 -406.
36.892 11 ROTORCRAFT_FP -10 -135 406 -15728 5242 -377429 123 122 -3777 -2 -135 406 -3798 5740 431
36.894 11 POS_CTRL 0. 0. 0. 0. 0. 0. 0. 16 0. 0. 0. 0. 0. 0. 0. 0. 0. 0. 0. 0. 0. 0. 0. 0. 0.
36.895 11 INS -138 -10 -400 10485 -10485 353059 550 373 591
36.945 11 WINDTUNNEL 0 0.487306 -0.111941 4.923987 -1.470486 0.
36.950 11 ROTORCRAFT_STATUS 0 127 0 30 3 13 1 1 4 5 109 4378
37.015 11 GPS_INT 392433303 30036177 500219820 519906292 43767882 46769 1573 -46 -4 -55 0 0 0 0 5 3
37.094 11 ROTORCRAFT_FP -10 -135 358 0 5242 -402819 88 128 -3784 -2 -135 358 -3798 5751 431
37.099 11 POS_CTRL 0. 0. 0. 0. 0. 0. 0. 16 0. 0. 0. 0. 0. 0. 0. 0. 0. 0. 0. 0. 0. 0. 0. 0. 0.
37.144 11 INS -135 -10 -347 10485 0 409490 156 860 292
37.196 11 WINDTUNNEL 0 0.487306 -0.111941 4.923987 -1.470486 0.
37.297 11 GPS_INT 392433294 30036177 500219808 519906292 43767882 46621 1426 -46 -3 -57 0 0 0 0 5 3
37.344 11 ROTORCRAFT_FP -10 -135 314 5242 5242 -367725 106 109 -3791 -2 -135 314 -3798 5673 431
37.348 11 POS_CTRL 0. 0. 0. 0. 0. 0. 0. 16 0. 0. 0. 0. 0. 0. 0. 0. 0. 0. 0. 0. 0. 0. 0. 0. 0.
37.394 11 INS -133 -10 -304 0 5242 384021 -420 161 579
37.510 11 WINDTUNNEL 0 0.487306 -0.111941 4.923987 -1.470486 0.
37.511 11 WP_MOVED_ENU 0 10956 10549 768
37.511 11 GPS_INT 392433284 30036176 500219797 519906292 43767883 46472 1276 -47 -2 -59 0 0 0 0 5 3
37.581 11 LINK_REPORT 11 -1 10220 0 9430877 168793 0 1378. 24. 609431 1.92
37.594 11 ROTORCRAFT_FP -10 -135 266 5242 0 -397855 72 84 -3772 -2 -135 266 -3798 5694 432
37.597 11 POS_CTRL 0. 0. 0. 0. 0. 0. 0. 16 0. 0. 0. 0. 0. 0. 0. 0. 0. 0. 0. 0. 0. 0. 0. 0. 0.
37.706 11 INS -135 -10 -257 0 5242 400451 -147 -1341 -159
37.709 11 WINDTUNNEL 0 0.487306 -0.111941 4.923987 -1.470486 0.
37.745 11 GPS_INT 392433268 30036175 500219776 519906293 43767883 46207 1011 -50 -2 -64 0 0 0 0 5 3
37.911 11 ROTORCRAFT_FP -10 -135 212 0 0 -441909 98 102 -3789 -2 -135 212 -3798 5761 432
37.915 11 POS_CTRL 0. 0. 0. 0. 0. 0. 0. 16 0. 0. 0. 0. 0. 0. 0. 0. 0. 0. 0. 0. 0. 0. 0. 0. 0.
37.917 11 INS -135 -10 -201 0 0 440265 -1105 539 -345
37.943 11 DL_VALUE 11 1.
37.945 11 WINDTUNNEL 0 0.487306 -0.111941 4.923987 -1.470486 0.
37.984 11 ALIVE 199,46,77,35,184,175,54,147,117,161,102,180,3,122,23,240
38.015 11 GPS_INT 392433255 30036174 500219759 519906292 43767883 45987 792 -50 -3 -64 0 0 0 0 5 3
38.127 11 ROTORCRAFT_FP -10 -135 157 -5242 0 -452309 101 96 -3794 -2 -135 157 -3798 5790 432
38.128 11 POS_CTRL 0. 0. 0. 0. 0. 0. 0. 16 0. 0. 0. 0. 0. 0. 0. 0. 0. 0. 0. 0. 0. 0. 0. 0. 0.
38.145 11 INS -135 -10 -145 0 -5242 447717 1610 -834 -457
38.149 11 ROTORCRAFT_STATUS 0 127 0 29 3 13 1 1 4 5 108 4379
38.204 11 WINDTUNNEL 0 0.487306 -0.111941 4.923987 -1.470486 0.
38.244 11 GPS_INT 392433242 30036173 500219743 519906293 43767883 45789 593 -50 -4 -63 0 0 0 0 5 3
38.344 11 ROTORCRAFT_FP -10 -133 103 -5242 -5242 -429250 84 107 -3785 -2 -135 103 -3798 5768 432
38.348 11 POS_CTRL 0. 0. 0. 0. 0. 0. 0. 16 0. 0. 0. 0. 0. 0. 0. 0. 0. 0. 0. 0. 0. 0. 0. 0. 0.
38.394 11 INS -133 -10 -93 0 -5242 419098 -1765 -321 -57
38.429 11 ROTORCRAFT_NAV_STATUS 4 4 0.2 0. 22 1 0
38.445 11 WINDTUNNEL 0 0.487306 -0.111941 4.923987 -1.470486 0.
38.514 11 GPS_INT 392433229 30036172 500219727 519906293 43767883 45579 384 -46 -4 -59 0 0 0 0 5 3
38.581 11 LINK_REPORT 11 -1 10221 0 9432259 168817 0 1382. 24. 609490 1.92
38.594 11 ROTORCRAFT_FP -12 -133 54 -5242 -5242 -380488 105 116 -3792 -2 -135 54 -3798 5697 433
38.598 11 POS_CTRL 0. 0. 0. 0. 0. 0. 0. 16 0. 0. 0. 0. 0. 0. 0. 0. 0. 0. 0. 0. 0. 0. 0. 0. 0.
38.645 11 INS -133 -12 -44 0 -5242 374215 -1831 948 -251
38.696 11 WINDTUNNEL 0 0.487306 -0.111941 4.923987 -1.470486 0.
38.745 11 GPS_INT 392433219 30036171 500219713 519906293 43767883 45411 215 -43 -3 -54 0 0 0 0 5 3
38.751 11 WP_MOVED_ENU 1 30 -135 768
38.844 11 ROTORCRAFT_FP -10 -133 11 -5242 0 -315437 79 92 -3811 -2 -135 11 -3798 5575 433
38.850 11 POS_CTRL 0. 0. 0. 0. 0. 0. 0. 16 0. 0. 0. 0. 0. 0. 0. 0. 0. 0. 0. 0. 0. 0. 0. 0. 0.
38.894 11 INS -133 -12 -4 0 -15728 284245 2020 -731 -1478
38.945 11 WINDTUNNEL 0 0.487306 -0.111941 4.923987 -1.470486 0.
38.948 11 AUTOPILOT_VERSION 50600 v5.6.0_stable-39-ga52ba85-dirty
39.032 11 GPS_INT 392433211 30036170 500219703 519906293 43767882 45282 86 15 -2 19 0 0 0 0 5 3
39.032 11 ENERGY 10.8 0. 533 0.
39.043 11 DL_VALUE 12 5.
39.094 11 ROTORCRAFT_FP -12 -135 -9 0 -57671 -151186 59 94 -3655 -2 -135 -9 -3798 0 433
39.101 11 POS_CTRL 0. 0. 0. 0. 0. 0. 0. 16 0. 0. 0. 0. 0. 0. 0. 0. 0. 0. 0. 0. 0. 0. 0. 0. 0.
39.102 11 PONG 
39.146 11 INS -133 -12 10 -10485 -20971 129921 -667 -671 -2403
39.196 11 WINDTUNNEL 0 0.487306 -0.111941 4.923987 -1.470486 0.
39.245 11 GPS_INT 392433211 30036170 500219703 519906292 43767882 45276 80 1 1 2 0 0 0 0 5 3
39.344 11 ROTORCRAFT_FP -12 -135 -6 0 0 -31762 60 108 -3668 -2 -135 -6 -3798 0 433
39.348 11 POS_CTRL 0. 0. 0. 0. 0. 0. 0. 16 0. 0. 0. 0. 0. 0. 0. 0. 0. 0. 0. 0. 0. 0. 0. 0. 0.
39.350 11 ROTORCRAFT_STATUS 0 127 0 27 3 13 1 0 4 5 112 4380
39.394 11 INS -135 -12 5 0 0 14063 11 -165 -54
39.431 11 STATE_FILTER_STATUS 3 3 0
39.445 11 WINDTUNNEL 0 0.487306 -0.111941 4.923987 -1.470486 0.
39.513 11 GPS_INT 392433211 30036170 500219702 519906292 43767881 45275 80 0 0 0 0 0 0 0 5 3
39.582 11 LINK_REPORT 11 -1 10222 0 9433694 168844 0 1435. 27. 609551 8.
39.594 11 ROTORCRAFT_FP -12 -135 -2 0 0 5511 59 109 -3668 -2 -135 -3 -3798 0 434
39.597 11 POS_CTRL 0. 0. 0. 0. 0. 0. 0. 16 0. 0. 0. 0. 0. 0. 0. 0. 0. 0. 0. 0. 0. 0. 0. 0. 0.
39.644 11 INS -135 -12 2 0 0 -5524 -89 -41 -49
39.695 11 WINDTUNNEL 0 0.487306 -0.111941 4.923987 -1.470486 0.
39.846 11 ROTORCRAFT_FP -12 -135 -2 0 0 1241 59 110 -3668 -2 -135 -2 -3798 0 434
39.852 11 POS_CTRL 0. 0. 0. 0. 0. 0. 0. 16 0. 0. 0. 0. 0. 0. 0. 0. 0. 0. 0. 0. 0. 0. 0. 0. 0.
39.895 11 INS -135 -12 2 0 0 704 -28 6 29
39.945 11 WINDTUNNEL 0 0.487306 -0.111941 4.923987 -1.470486 0.
40.016 11 GPS_INT 392433211 30036170 500219702 519906292 43767881 45275 80 0 0 0 0 0 0 0 5 3
40.030 11 ROTORCRAFT_NAV_STATUS 1 1 0.2 0. 23 1 3
40.050 11 WP_MOVED_ENU 2 35 -135 768
40.087 11 ALIVE 199,46,77,35,184,175,54,147,117,161,102,180,3,122,23,240
40.094 11 ROTORCRAFT_FP -12 -135 -2 0 0 -5815 59 111 -3668 -2 -135 -2 -3798 0 434
40.099 11 POS_CTRL 0. 0. 0. 0. 0. 0. 0. 16 0. 0. 0. 0. 0. 0. 0. 0. 0. 0. 0. 0. 0. 0. 0. 0. 0.
40.142 11 DL_VALUE 13 0.
40.144 11 INS -135 -12 2 0 0 6139 -89 -42 27
40.197 11 WINDTUNNEL 0 0.487306 -0.111941 4.923987 -1.470486 0.
40.245 11 GPS_INT 392433211 30036170 500219702 519906292 43767881 45275 80 0 0 0 0 0 0 0 5 3
40.345 11 ROTORCRAFT_FP -12 -135 -2 0 0 -4579 59 111 -3668 -2 -135 -2 -3798 0 434
40.355 11 POS_CTRL 0. 0. 0. 0. 0. 0. 0. 16 0. 0. 0. 0. 0. 0. 0. 0. 0. 0. 0. 0. 0. 0. 0. 0. 0.
40.397 11 INS -135 -12 2 0 0 3920 -89 -40 27
40.446 11 WINDTUNNEL 0 0.487306 -0.111941 4.923987 -1.470486 0.
40.518 11 GPS_INT 392433211 30036170 500219702 519906292 43767881 45275 80 0 0 0 0 0 0 0 5 3
40.548 11 ROTORCRAFT_STATUS 0 127 0 29 3 13 0 0 4 5 112 4381
40.584 11 LINK_REPORT 11 -1 10223 0 9435033 168868 0 1339. 24. 609610 8.
40.594 11 ROTORCRAFT_FP -12 -135 -2 0 0 -6122 60 112 -3668 -2 -135 -2 -3798 0 434
40.597 11 POS_CTRL 0. 0. 0. 0. 0. 0. 0. 16 0. 0. 0. 0. 0. 0. 0. 0. 0. 0. 0. 0. 0. 0. 0. 0. 0.
40.645 11 INS -135 -12 2 0 0 5578 -28 10 28
40.697 11 WINDTUNNEL 0 0.487306 -0.111941 4.923987 -1.470486 0.
40.745 11 GPS_INT 392433211 30036170 500219702 519906292 43767881 45275 80 0 0 0 0 0 0 0 5 3
40.844 11 ROTORCRAFT_FP -12 -135 -2 0 0 -4047 60 112 -3668 -2 -135 -2 -3798 0 434
40.848 11 POS_CTRL 0. 0. 0. 0. 0. 0. 0. 16 0. 0. 0. 0. 0. 0. 0. 0. 0. 0. 0. 0. 0. 0. 0. 0. 0.
40.895 11 INS -135 -12 2 0 0 4219 -27 12 29
40.945 11 WINDTUNNEL 0 0.487306 -0.111941 4.923987 -1.470486 0.
40.995 11 GPS_INT 392433211 30036170 500219702 519906292 43767881 45275 80 0 0 0 0 0 0 0 5 3
41.094 11 ROTORCRAFT_FP -12 -135 -2 0 0 -6285 61 112 -3668 -2 -135 -2 -3798 0 434
41.099 11 POS_CTRL 0. 0. 0. 0. 0. 0. 0. 16 0. 0. 0. 0. 0. 0. 0. 0. 0. 0. 0. 0. 0. 0. 0. 0. 0.
41.145 11 INS -135 -12 2 0 0 5398 -89 -37 28
41.196 11 WINDTUNNEL 0 0.487306 -0.111941 4.923987 -1.470486 0.
41.242 11 DL_VALUE 14 0.5
41.245 11 GPS_INT 392433211 30036170 500219702 519906292 43767881 45275 80 0 0 0 0 0 0 0 5 3
41.265 11 DATALINK_REPORT 0 64920 43914 1389 0
41.345 11 ROTORCRAFT_FP -12 -135 -2 0 0 -4714 60 113 -3668 -2 -135 -2 -3798 0 434
41.348 11 POS_CTRL 0. 0. 0. 0. 0. 0. 0. 16 0. 0. 0. 0. 0. 0. 0. 0. 0. 0. 0. 0. 0. 0. 0. 0. 0.
41.350 11 WP_MOVED_ENU 3 30 -135 768
41.365 11 INS_REF 392433170 30036171 500219735 519906340 43767889 45278 82 0.
41.396 11 INS -135 -12 2 0 0 4166 -29 13 29
41.445 11 WINDTUNNEL 0 0.487306 -0.111941 4.923987 -1.470486 0.
41.510 11 GPS_INT 392433211 30036170 500219702 519906292 43767881 45275 80 0 0 0 0 0 0 0 5 3
41.511 11 ENERGY 11.2 0. 533 0.
41.584 11 LINK_REPORT 11 -1 10224 0 9436440 168893 0 1407. 25. 609670 8.
41.595 11 ROTORCRAFT_FP -12 -135 -2 0 0 -4437 61 113 -3667 -2 -135 -2 -3798 0 434
41.598 11 POS_CTRL 0. 0. 0. 0. 0. 0. 0. 16 0. 0. 0. 0. 0. 0. 0. 0. 0. 0. 0. 0. 0. 0. 0. 0. 0.
41.629 11 ROTORCRAFT_NAV_STATUS 3 3 0.2 0. 23 1 3
41.645 11 INS -135 -12 2 0 0 4379 -28 15 29
41.696 11 WINDTUNNEL 0 0.487306 -0.111941 4.923987 -1.470486 0.
41.747 11 GPS_INT 392433211 30036170 500219702 519906292 43767881 45275 80 0 0 0 0 0 0 0 5 3
41.749 11 ROTORCRAFT_STATUS 0 127 0 30 3 13 0 0 4 5 112 4383
41.845 11 ROTORCRAFT_FP -12 -135 -2 0 0 -4574 61 113 -3667 -2 -135 -2 -3798 0 434
41.849 11 POS_CTRL 0. 0. 0. 0. 0. 0. 0. 16 0. 0. 0. 0. 0. 0. 0. 0. 0. 0. 0. 0. 0. 0. 0. 0. 0.
41.895 11 INS -135 -12 2 0 0 4890 -27 12 107
41.945 11 WINDTUNNEL 0 0.487306 -0.111941 4.923987 -1.470486 0.
41.995 11 GPS_INT 392433211 30036170 500219702 519906292 43767881 45275 80 0 0 0 0 0 0 0 5 3
42.095 11 ROTORCRAFT_FP -12 -135 -2 0 0 -7619 62 113 -3667 -2 -135 -2 -3798 0 434
42.101 11 POS_CTRL 0. 0. 0. 0. 0. 0. 0. 16 0. 0. 0. 0. 0. 0. 0. 0. 0. 0. 0. 0. 0. 0. 0. 0. 0.
42.145 11 INS -135 -12 2 0 0 7307 -38 -97 104
42.184 11 ALIVE 199,46,77,35,184,175,54,147,117,161,102,180,3,122,23,240
42.196 11 WINDTUNNEL 0 0.487306 -0.111941 4.923987 -1.470486 0.
42.245 11 GPS_INT 392433211 30036170 500219702 519906292 43767881 45275 80 0 0 0 0 0 0 0 5 3
42.341 11 DL_VALUE 15 1.169371
42.345 11 ROTORCRAFT_FP -12 -135 -2 0 0 -6832 62 112 -3667 -2 -135 -2 -3798 0 434
42.348 11 POS_CTRL 0. 0. 0. 0. 0. 0. 0. 16 0. 0. 0. 0. 0. 0. 0. 0. 0. 0. 0. 0. 0. 0. 0. 0. 0.
42.395 11 INS -135 -12 2 0 0 6986 -25 15 28
42.447 11 WINDTUNNEL 0 0.487306 -0.111941 4.923987 -1.470486 0.
42.495 11 GPS_INT 392433211 30036170 500219702 519906292 43767881 45275 80 0 0 0 0 0 0 0 5 3
