63.980253 124 NATNET2IVY 0.005196 -0.019925 0.270389 0.000000 0.000000 0.000000 0.002129 1
64.013495 124 NATNET2IVY 0.005201 -0.019904 0.270357 0.000189 0.000304 -0.000763 0.002249 1
64.047145 124 NATNET2IVY 0.005167 -0.019909 0.270374 -0.001015 -0.000158 0.000528 0.001987 1
64.080546 124 NATNET2IVY 0.005181 -0.019943 0.270403 0.000412 -0.001020 0.000856 0.002257 1
64.113827 124 NATNET2IVY 0.005174 -0.019916 0.270378 0.000412 -0.001020 0.000856 0.002011 1
64.147767 124 NATNET2IVY 0.005171 -0.019900 0.270375 -0.000147 0.000649 -0.000408 0.002218 1
64.181503 124 NATNET2IVY 0.005157 -0.019920 0.270358 -0.000435 -0.000601 -0.000518 0.002313 1
64.214829 124 NATNET2IVY 0.005056 -0.019918 0.270324 -0.003023 0.000046 -0.001012 0.002773 1
64.248866 124 NATNET2IVY 0.005053 -0.019926 0.270324 -0.000096 -0.000231 -0.000029 0.003064 1
64.284300 124 NATNET2IVY 0.005161 -0.019925 0.270373 -0.000096 -0.000231 -0.000029 0.002080 1
64.318108 124 NATNET2IVY 0.005183 -0.019911 0.270404 0.001961 0.000229 0.001201 0.001929 1
64.352148 124 NATNET2IVY 0.005170 -0.019888 0.270400 -0.000413 0.000672 -0.000094 0.002525 1
64.385426 124 NATNET2IVY 0.005088 -0.019914 0.270293 -0.002462 -0.000771 -0.003210 0.001714 1
64.419339 124 NATNET2IVY 0.005177 -0.019881 0.270378 0.002675 0.000989 0.002546 0.002304 1
64.453300 124 NATNET2IVY 0.005143 -0.019889 0.270382 -0.001023 -0.000245 0.000099 0.002034 1
64.487389 124 NATNET2IVY 0.005166 -0.019904 0.270398 0.000704 -0.000440 0.000499 0.002213 1
64.520550 124 NATNET2IVY 0.005161 -0.019924 0.270372 -0.000142 -0.000612 -0.000783 0.002066 1
64.554525 124 NATNET2IVY 0.005167 -0.019927 0.270376 0.000158 -0.000068 0.000114 0.002559 1
64.588231 124 NATNET2IVY 0.005047 -0.019913 0.270329 -0.003598 0.000407 -0.001421 0.002953 1
64.622353 124 NATNET2IVY 0.005182 -0.019930 0.270356 0.004061 -0.000520 0.000808 0.001959 1
64.655782 124 NATNET2IVY 0.005176 -0.019896 0.270362 -0.000170 0.001044 0.000198 0.002369 1
64.689136 124 NATNET2IVY 0.005182 -0.019897 0.270359 0.000180 -0.000044 -0.000102 0.002226 1
64.723054 124 NATNET2IVY 0.005064 -0.019937 0.270273 -0.003560 -0.001207 -0.002572 0.002702 1
64.756570 124 NATNET2IVY 0.005206 -0.019906 0.270367 0.004268 0.000943 0.002809 0.002272 1
64.789774 124 NATNET2IVY 0.005191 -0.019938 0.270362 -0.000461 -0.000964 -0.000147 0.002254 1
64.823098 124 NATNET2IVY 0.005199 -0.019930 0.270378 0.000244 0.000244 0.000485 0.001717 1
64.856361 124 NATNET2IVY 0.005213 -0.019922 0.270333 0.000422 0.000244 -0.001338 0.002033 1
64.889656 124 NATNET2IVY 0.005188 -0.019905 0.270342 -0.000752 0.000511 0.000266 0.002058 1
64.923188 124 NATNET2IVY 0.005109 -0.019888 0.270278 -0.002375 0.000484 -0.001933 0.001659 1
64.956500 124 NATNET2IVY 0.005107 -0.019905 0.270296 -0.000051 -0.000506 0.000543 0.001565 1
64.990068 124 NATNET2IVY 0.005183 -0.019908 0.270343 0.002267 -0.000076 0.001404 0.002321 1
65.024174 124 NATNET2IVY 0.005197 -0.019915 0.270348 0.000437 -0.000200 0.000148 0.001813 1
65.057916 124 NATNET2IVY 0.005210 -0.019906 0.270354 0.000378 0.000248 0.000177 0.001923 1
65.092002 124 NATNET2IVY 0.005207 -0.019913 0.270329 -0.000093 -0.000191 -0.000743 0.001841 1
65.125221 124 NATNET2IVY 0.005200 -0.019878 0.270339 -0.000191 0.001045 0.000306 0.002166 1
65.159010 124 NATNET2IVY 0.005170 -0.019864 0.270344 -0.000901 0.000406 0.000154 0.002271 1
65.192690 124 NATNET2IVY 0.005065 -0.019884 0.270305 -0.003161 -0.000594 -0.001172 0.001539 1
65.226029 124 NATNET2IVY 0.005141 -0.019881 0.270324 0.002272 0.000104 0.000582 0.002014 1
65.259895 124 NATNET2IVY 0.005211 -0.019896 0.270359 0.002116 -0.000456 0.001029 0.002165 1
65.293353 124 NATNET2IVY 0.005106 -0.019914 0.270313 -0.003159 -0.000541 -0.001376 0.003063 1
65.327016 124 NATNET2IVY 0.005091 -0.019933 0.270349 -0.000453 -0.000570 0.001096 0.002840 1
65.361029 124 NATNET2IVY 0.005203 -0.019889 0.270324 0.003367 0.001303 -0.000762 0.002239 1
65.394654 124 NATNET2IVY 0.005112 -0.019921 0.270328 -0.002722 -0.000944 0.000106 0.002611 1
65.428557 124 NATNET2IVY 0.005158 -0.019891 0.270392 0.001368 0.000894 0.001937 0.002144 1
65.462475 124 NATNET2IVY 0.005215 -0.019896 0.270380 0.001708 -0.000149 -0.000375 0.001972 1
65.495704 124 NATNET2IVY 0.005199 -0.019900 0.270369 -0.000478 -0.000110 -0.000307 0.002217 1
65.529097 124 NATNET2IVY 0.005081 -0.019920 0.270321 -0.003528 -0.000616 -0.001438 0.002291 1
65.562636 124 NATNET2IVY 0.005102 -0.019899 0.270304 0.000623 0.000649 -0.000522 0.001630 1
65.596065 124 NATNET2IVY 0.005151 -0.019858 0.270370 0.001457 0.001216 0.001989 0.002106 1
65.629552 124 NATNET2IVY 0.005172 -0.019905 0.270346 0.000653 -0.001402 -0.000719 0.002132 1
65.663375 124 NATNET2IVY 0.005177 -0.019883 0.270377 0.000126 0.000667 0.000924 0.002123 1
65.696513 124 NATNET2IVY 0.005065 -0.019920 0.270314 -0.003338 -0.001120 -0.001912 0.002779 1
65.730317 124 NATNET2IVY 0.005171 -0.019897 0.270400 0.003166 0.000684 0.002587 0.002025 1
65.763578 124 NATNET2IVY 0.005076 -0.019871 0.270381 -0.002849 0.000777 -0.000575 0.001443 1
65.797564 124 NATNET2IVY 0.005160 -0.019898 0.270395 0.002532 -0.000788 0.000431 0.002029 1
65.831432 124 NATNET2IVY 0.005051 -0.019914 0.270366 -0.003271 -0.000508 -0.000863 0.002727 1
65.864783 124 NATNET2IVY 0.005057 -0.019910 0.270320 0.000169 0.000145 -0.001380 0.002408 1
65.898471 124 NATNET2IVY 0.005165 -0.019867 0.270373 0.003238 0.001287 0.001582 0.002009 1
65.932487 124 NATNET2IVY 0.005048 -0.019945 0.270325 -0.003497 -0.002333 -0.001432 0.002701 1
65.966283 124 NATNET2IVY 0.005166 -0.019897 0.270412 0.003542 0.001425 0.002605 0.002361 1
65.999935 124 NATNET2IVY 0.005047 -0.019933 0.270340 -0.003574 -0.001072 -0.002168 0.002908 1
66.033352 124 NATNET2IVY 0.005041 -0.019913 0.270342 -0.000172 0.000580 0.000062 0.001631 1
66.066708 124 NATNET2IVY 0.005180 -0.019860 0.270388 0.004145 0.001591 0.001379 0.002079 1
66.100452 124 NATNET2IVY 0.005181 -0.019885 0.270401 0.000042 -0.000732 0.000396 0.001951 1
66.133781 124 NATNET2IVY 0.005041 -0.019927 0.270313 -0.004211 -0.001266 -0.002629 0.002726 1
66.167600 124 NATNET2IVY 0.005198 -0.019918 0.270377 0.004731 0.000268 0.001921 0.001819 1
66.200766 124 NATNET2IVY 0.005146 -0.019882 0.270412 -0.001569 0.001087 0.001042 0.002195 1
66.234224 124 NATNET2IVY 0.005077 -0.019894 0.270333 -0.002059 -0.000380 -0.002382 0.001749 1
66.267391 124 NATNET2IVY 0.005188 -0.019915 0.270380 0.003331 -0.000611 0.001430 0.002243 1
66.301290 124 NATNET2IVY 0.005101 -0.019887 0.270318 -0.002615 0.000824 -0.001878 0.001449 1
66.334691 124 NATNET2IVY 0.005085 -0.019897 0.270346 -0.000474 -0.000276 0.000863 0.001580 1
66.368789 124 NATNET2IVY 0.005074 -0.019925 0.270345 -0.000358 -0.000849 -0.000057 0.001454 1
66.402218 124 NATNET2IVY 0.005095 -0.019915 0.270339 0.000632 0.000283 -0.000172 0.001515 1
66.435901 124 NATNET2IVY 0.005257 -0.019878 0.270501 0.004863 0.001120 0.004870 0.002446 1
66.469681 124 NATNET2IVY 0.005085 -0.019871 0.270361 -0.005144 0.000199 -0.004218 0.001532 1
66.502919 124 NATNET2IVY 0.005174 -0.019890 0.270366 0.002658 -0.000557 0.000176 0.002258 1
66.536996 124 NATNET2IVY 0.005074 -0.019859 0.270333 -0.002997 0.000934 -0.001009 0.001638 1
66.570662 124 NATNET2IVY 0.005086 -0.019907 0.270308 0.000370 -0.001445 -0.000742 0.002581 1
66.604219 124 NATNET2IVY 0.005186 -0.019860 0.270356 0.002989 0.001407 0.001451 0.002141 1
66.637973 124 NATNET2IVY 0.005275 -0.019857 0.270521 0.002684 0.000109 0.004942 0.002321 1
66.671119 124 NATNET2IVY 0.005046 -0.019887 0.270346 -0.006867 -0.000917 -0.005253 0.003620 1
66.704839 124 NATNET2IVY 0.005044 -0.019875 0.270339 -0.000085 0.000369 -0.000210 0.001525 1
66.738528 124 NATNET2IVY 0.005065 -0.019888 0.270292 0.000655 -0.000386 -0.001400 0.001737 1
66.771678 124 NATNET2IVY 0.005158 -0.019852 0.270344 0.002782 0.001055 0.001560 0.002132 1
66.805409 124 NATNET2IVY 0.005061 -0.019883 0.270271 -0.002921 -0.000925 -0.002199 0.001602 1
66.838524 124 NATNET2IVY 0.005209 -0.019818 0.270389 0.004460 0.001949 0.003537 0.002349 1
66.871823 124 NATNET2IVY 0.005087 -0.019883 0.270382 -0.003683 -0.001931 -0.000216 0.002775 1
66.904994 124 NATNET2IVY 0.005066 -0.019923 0.270330 -0.000622 -0.001213 -0.001561 0.002841 1
66.938896 124 NATNET2IVY 0.005064 -0.019910 0.270369 -0.000066 0.000385 0.001183 0.002661 1
66.971976 124 NATNET2IVY 0.005156 -0.019894 0.270353 0.002766 0.000481 -0.000490 0.002110 1
67.005221 124 NATNET2IVY 0.005068 -0.019912 0.270268 -0.002635 -0.000533 -0.002560 0.002750 1
67.038959 124 NATNET2IVY 0.005125 -0.019837 0.270353 0.001722 0.002241 0.002552 0.002267 1
67.071970 124 NATNET2IVY 0.005158 -0.019867 0.270339 0.000969 -0.000883 -0.000396 0.002116 1
67.105306 124 NATNET2IVY 0.005049 -0.019916 0.270267 0.000969 -0.000883 -0.000396 0.003206 1
67.138845 124 NATNET2IVY 0.005293 -0.019873 0.270467 0.002030 -0.000096 0.001910 0.000380 1
67.171873 124 NATNET2IVY 0.005060 -0.019886 0.270296 -0.007008 -0.000377 -0.005111 0.001447 1
67.205331 124 NATNET2IVY 0.005068 -0.019917 0.270333 0.000251 -0.000942 0.001094 0.002917 1
67.239407 124 NATNET2IVY 0.005052 -0.019900 0.270353 -0.000476 0.000518 0.000600 0.003124 1
67.272522 124 NATNET2IVY 0.005128 -0.019853 0.270366 -0.000476 0.000518 0.000600 0.002176 1
67.306575 124 NATNET2IVY 0.005144 -0.019869 0.270371 0.001383 0.000463 0.000276 0.002292 1
67.340635 124 NATNET2IVY 0.005178 -0.019844 0.270398 0.001009 0.000752 0.000815 0.002478 1
67.374118 124 NATNET2IVY 0.005060 -0.019839 0.270330 -0.003550 0.000139 -0.002039 0.001958 1
67.407314 124 NATNET2IVY 0.005080 -0.019856 0.270277 0.000607 -0.000512 -0.001605 0.001918 1
67.441292 124 NATNET2IVY 0.005044 -0.019864 0.270307 -0.001072 -0.000242 0.000889 0.003673 1
67.474825 124 NATNET2IVY 0.005285 -0.019783 0.270485 0.007235 0.002445 0.005348 0.000273 1
67.508277 124 NATNET2IVY 0.005025 -0.019836 0.270267 -0.007800 -0.001602 -0.006551 0.003405 1
67.542349 124 NATNET2IVY 0.005100 -0.019812 0.270318 0.002258 0.000743 0.001549 0.002447 1
67.575571 124 NATNET2IVY 0.005312 -0.019772 0.270450 0.006355 0.001199 0.003944 0.000814 1
67.609428 124 NATNET2IVY 0.005116 -0.019774 0.270298 -0.005888 -0.000070 -0.004538 0.002310 1
67.643032 124 NATNET2IVY 0.005222 -0.019789 0.270322 0.003182 -0.000448 0.000702 0.002885 1
67.677088 124 NATNET2IVY 0.005329 -0.019746 0.270408 0.003201 0.001292 0.002578 0.000839 1
67.710372 124 NATNET2IVY 0.005083 -0.019790 0.270155 -0.007386 -0.001332 -0.007594 0.001717 1
67.744424 124 NATNET2IVY 0.005019 -0.019758 0.270232 -0.001893 0.000976 0.002319 0.001753 1
67.777889 124 NATNET2IVY 0.005291 -0.019741 0.270298 0.008133 0.000512 0.001979 0.000658 1
67.811674 124 NATNET2IVY 0.005083 -0.019759 0.270173 -0.006231 -0.000556 -0.003731 0.002269 1
67.844833 124 NATNET2IVY 0.005267 -0.019758 0.270390 0.005516 0.000023 0.006503 0.000653 1
67.878899 124 NATNET2IVY 0.005031 -0.019730 0.270252 -0.007082 0.000863 -0.004134 0.002084 1
67.912259 124 NATNET2IVY 0.005110 -0.019720 0.270275 0.002380 0.000292 0.000683 0.002327 1
67.945955 124 NATNET2IVY 0.005191 -0.019760 0.270308 0.002433 -0.001221 0.000988 0.002703 1
67.979678 124 NATNET2IVY 0.005090 -0.019765 0.270144 -0.003033 -0.000148 -0.004927 0.002153 1
68.012919 124 NATNET2IVY 0.005125 -0.019768 0.270195 0.001055 -0.000086 0.001543 0.002498 1
68.046392 124 NATNET2IVY 0.005197 -0.019764 0.270282 0.002168 0.000119 0.002611 0.002573 1
68.079643 124 NATNET2IVY 0.005217 -0.019765 0.270302 0.000597 -0.000034 0.000588 0.002668 1
68.113147 124 NATNET2IVY 0.005130 -0.019751 0.270249 -0.002611 0.000438 -0.001582 0.002459 1
68.146457 124 NATNET2IVY 0.005168 -0.019766 0.270328 0.001146 -0.000449 0.002363 0.002720 1
68.179457 124 NATNET2IVY 0.005190 -0.019769 0.270337 0.000650 -0.000086 0.000270 0.002587 1
68.213089 124 NATNET2IVY 0.005203 -0.019773 0.270259 0.000384 -0.000127 -0.002336 0.002375 1
68.247185 124 NATNET2IVY 0.005211 -0.019765 0.270376 0.000243 0.000226 0.003501 0.002721 1
68.281208 124 NATNET2IVY 0.005258 -0.019798 0.270266 0.001415 -0.000969 -0.003305 0.000397 1
68.314640 124 NATNET2IVY 0.005118 -0.019789 0.270145 -0.004216 0.000255 -0.003618 0.002166 1
68.348412 124 NATNET2IVY 0.005187 -0.019775 0.270328 0.002068 0.000413 0.005492 0.002817 1
68.381886 124 NATNET2IVY 0.005049 -0.019752 0.270303 -0.004142 0.000706 -0.000764 0.001973 1
68.415025 124 NATNET2IVY 0.005187 -0.019796 0.270353 0.004156 -0.001335 0.001498 0.002568 1
68.448302 124 NATNET2IVY 0.005221 -0.019773 0.270312 0.001030 0.000697 -0.001206 0.002288 1
68.481986 124 NATNET2IVY 0.005210 -0.019796 0.270311 -0.000334 -0.000688 -0.000039 0.002534 1
68.515589 124 NATNET2IVY 0.005030 -0.019763 0.270279 -0.005411 0.001003 -0.000960 0.002747 1
68.548786 124 NATNET2IVY 0.005010 -0.019761 0.270290 -0.000592 0.000035 0.000318 0.003756 1
68.582490 124 NATNET2IVY 0.005030 -0.019805 0.270295 0.000586 -0.001294 0.000161 0.004050 1
68.616469 124 NATNET2IVY 0.005221 -0.019799 0.270431 0.005742 0.000160 0.004073 0.002410 1
68.649711 124 NATNET2IVY 0.005267 -0.019761 0.270336 0.001389 0.001136 -0.002833 0.002404 1
68.682878 124 NATNET2IVY 0.005187 -0.019814 0.270387 -0.002406 -0.001575 0.001535 0.002330 1
68.716576 124 NATNET2IVY 0.005070 -0.019871 0.270280 -0.003505 -0.001702 -0.003238 0.002795 1
68.750310 124 NATNET2IVY 0.005285 -0.019788 0.270362 0.006427 0.002489 0.002482 0.002595 1
68.783837 124 NATNET2IVY 0.005119 -0.019827 0.270360 -0.004978 -0.001192 -0.000059 0.002205 1
68.818060 124 NATNET2IVY 0.005146 -0.019879 0.270356 0.000820 -0.001556 -0.000128 0.001917 1
68.851439 124 NATNET2IVY 0.005107 -0.019817 0.270360 -0.001184 0.001860 0.000134 0.002258 1
68.885055 124 NATNET2IVY 0.005126 -0.019817 0.270366 0.000594 0.000016 0.000174 0.002341 1
68.918442 124 NATNET2IVY 0.005136 -0.019856 0.270337 0.000303 -0.001172 -0.000866 0.002209 1
68.952313 124 NATNET2IVY 0.005014 -0.019857 0.270348 -0.003677 -0.000036 0.000314 0.002903 1
68.988315 124 NATNET2IVY 0.005114 -0.019865 0.270372 0.003015 -0.000252 0.000722 0.001958 1
69.022059 124 NATNET2IVY 0.005003 -0.019885 0.270342 -0.003348 -0.000576 -0.000892 0.003114 1
69.055465 124 NATNET2IVY 0.005142 -0.019854 0.270389 0.004164 0.000928 0.001397 0.002329 1
69.088589 124 NATNET2IVY 0.005119 -0.019865 0.270362 -0.000677 -0.000342 -0.000798 0.002517 1
69.121858 124 NATNET2IVY 0.005150 -0.019877 0.270365 0.000919 -0.000368 0.000077 0.002175 1
69.154997 124 NATNET2IVY 0.005161 -0.019895 0.270358 0.000338 -0.000544 -0.000215 0.002302 1
69.188331 124 NATNET2IVY 0.005147 -0.019863 0.270326 -0.000417 0.000960 -0.000956 0.002339 1
69.221880 124 NATNET2IVY 0.005154 -0.019866 0.270398 0.000203 -0.000080 0.002178 0.002272 1
69.255303 124 NATNET2IVY 0.005139 -0.019878 0.270402 -0.000453 -0.000359 0.000105 0.002382 1
69.291528 124 NATNET2IVY 0.005126 -0.019882 0.270382 -0.000392 -0.000120 -0.000596 0.002344 1
69.325575 124 NATNET2IVY 0.005135 -0.019902 0.270397 0.000285 -0.000594 0.000447 0.002176 1
69.358872 124 NATNET2IVY 0.005130 -0.019918 0.270367 -0.000155 -0.000476 -0.000882 0.002066 1
69.392803 124 NATNET2IVY 0.005013 -0.019911 0.270396 -0.003512 0.000211 0.000844 0.002607 1
69.425951 124 NATNET2IVY 0.005138 -0.019912 0.270393 0.003740 -0.000051 -0.000080 0.002065 1
69.459757 124 NATNET2IVY 0.005143 -0.019920 0.270397 0.000154 -0.000233 0.000111 0.001955 1
69.493697 124 NATNET2IVY 0.005134 -0.019899 0.270411 -0.000274 0.000641 0.000436 0.002308 1
69.527492 124 NATNET2IVY 0.005136 -0.019929 0.270368 0.000088 -0.000906 -0.001289 0.001921 1
69.561038 124 NATNET2IVY 0.005147 -0.019917 0.270421 0.000319 0.000348 0.001584 0.002027 1
69.594552 124 NATNET2IVY 0.005018 -0.019964 0.270295 -0.003877 -0.001392 -0.003793 0.002520 1
69.627704 124 NATNET2IVY 0.005154 -0.019959 0.270400 0.004081 0.000148 0.003152 0.001813 1
69.661006 124 NATNET2IVY 0.005172 -0.019905 0.270448 0.000551 0.001603 0.001464 0.002212 1
69.694719 124 NATNET2IVY 0.005114 -0.019930 0.270440 -0.001761 -0.000748 -0.000250 0.002032 1
69.728072 124 NATNET2IVY 0.004975 -0.019984 0.270382 -0.004164 -0.001611 -0.001751 0.002514 1
69.762076 124 NATNET2IVY 0.005168 -0.019935 0.270432 0.005784 0.001459 0.001507 0.001892 1
69.795445 124 NATNET2IVY 0.005153 -0.019985 0.270403 -0.000434 -0.001493 -0.000868 0.002016 1
69.829018 124 NATNET2IVY 0.005147 -0.019971 0.270448 -0.000168 0.000427 0.001351 0.001953 1
69.862307 124 NATNET2IVY 0.005151 -0.019973 0.270402 0.000098 -0.000055 -0.001392 0.001578 1
69.895478 124 NATNET2IVY 0.005157 -0.019998 0.270404 0.000185 -0.000758 0.000068 0.001458 1
69.929139 124 NATNET2IVY 0.005141 -0.019987 0.270433 -0.000468 0.000321 0.000874 0.001560 1
69.962712 124 NATNET2IVY 0.005183 -0.020006 0.270398 0.001244 -0.000562 -0.001066 0.001546 1
69.996093 124 NATNET2IVY 0.005163 -0.020010 0.270405 -0.000604 -0.000109 0.000218 0.001546 1
70.029180 124 NATNET2IVY 0.005160 -0.020008 0.270417 -0.000088 0.000052 0.000359 0.001678 1
70.062497 124 NATNET2IVY 0.005212 -0.019972 0.270467 0.001565 0.001080 0.001511 0.001925 1
70.096583 124 NATNET2IVY 0.005160 -0.020005 0.270419 -0.001555 -0.000997 -0.001444 0.001787 1
70.130604 124 NATNET2IVY 0.005165 -0.020015 0.270442 0.000140 -0.000295 0.000696 0.001617 1
70.163751 124 NATNET2IVY 0.005163 -0.019979 0.270471 -0.000057 0.001091 0.000871 0.001379 1
70.196852 124 NATNET2IVY 0.005173 -0.020016 0.270413 -0.000057 0.001091 0.000871 0.001530 1
70.230752 124 NATNET2IVY 0.005160 -0.020001 0.270403 -0.000043 -0.000339 -0.001023 0.001510 1
70.264349 124 NATNET2IVY 0.005201 -0.020000 0.270462 0.001228 0.000035 0.001783 0.001782 1
70.298346 124 NATNET2IVY 0.005159 -0.020020 0.270440 -0.001244 -0.000588 -0.000663 0.001156 1
70.331442 124 NATNET2IVY 0.005166 -0.020021 0.270477 0.000211 -0.000052 0.001103 0.001697 1
70.364787 124 NATNET2IVY 0.005172 -0.020025 0.270411 0.000155 -0.000110 -0.001982 0.001568 1
70.398003 124 NATNET2IVY 0.005169 -0.020012 0.270442 -0.000080 0.000398 0.000926 0.001733 1
70.431441 124 NATNET2IVY 0.005160 -0.020007 0.270459 -0.000280 0.000139 0.000510 0.001388 1
70.465515 124 NATNET2IVY 0.005168 -0.020029 0.270437 0.000262 -0.000650 -0.000665 0.001744 1
70.499110 124 NATNET2IVY 0.005158 -0.020006 0.270466 -0.000299 0.000695 0.000889 0.001576 1
70.532459 124 NATNET2IVY 0.005162 -0.020023 0.270403 0.000125 -0.000506 -0.001911 0.001570 1
70.566014 124 NATNET2IVY 0.005183 -0.020024 0.270462 0.000607 -0.000050 0.001775 0.001542 1
70.599651 124 NATNET2IVY 0.005157 -0.020022 0.270482 -0.000770 0.000056 0.000599 0.001625 1
70.632868 124 NATNET2IVY 0.005142 -0.020003 0.270481 -0.000449 0.000580 -0.000025 0.001731 1
70.666770 124 NATNET2IVY 0.005155 -0.020036 0.270516 0.000396 -0.000998 0.001051 0.001121 1
70.700433 124 NATNET2IVY 0.005042 -0.020044 0.270459 -0.003399 -0.000231 -0.001708 0.001674 1
70.734522 124 NATNET2IVY 0.005197 -0.020017 0.270520 0.004639 0.000802 0.001821 0.001794 1
70.768212 124 NATNET2IVY 0.005160 -0.020039 0.270525 -0.001088 -0.000644 0.000149 0.001472 1
70.802128 124 NATNET2IVY 0.005162 -0.020053 0.270470 0.000045 -0.000414 -0.001651 0.001336 1
70.836125 124 NATNET2IVY 0.005155 -0.020064 0.270505 -0.000201 -0.000336 0.001063 0.001527 1
70.869758 124 NATNET2IVY 0.005192 -0.020077 0.270512 0.001116 -0.000407 0.000195 0.001147 1
70.902941 124 NATNET2IVY 0.005193 -0.020089 0.270506 0.000011 -0.000358 -0.000181 0.001228 1
70.936334 124 NATNET2IVY 0.005169 -0.020078 0.270561 -0.000723 0.000328 0.001669 0.001123 1
70.969819 124 NATNET2IVY 0.005179 -0.020092 0.270507 0.000308 -0.000420 -0.001627 0.001236 1
71.003870 124 NATNET2IVY 0.005193 -0.020109 0.270513 0.000411 -0.000486 0.000191 0.001624 1
71.037051 124 NATNET2IVY 0.005170 -0.020161 0.270564 -0.000682 -0.001566 0.001515 0.000536 1
71.070302 124 NATNET2IVY 0.005191 -0.020110 0.270506 0.000625 0.001523 -0.001725 0.001228 1
71.103538 124 NATNET2IVY 0.005177 -0.020123 0.270517 -0.000417 -0.000401 0.000305 0.000991 1
71.136826 124 NATNET2IVY 0.005184 -0.020157 0.270512 0.000202 -0.001010 -0.000125 0.001291 1
71.169986 124 NATNET2IVY 0.005190 -0.020124 0.270497 0.000183 0.001002 -0.000475 0.001226 1
71.203503 124 NATNET2IVY 0.005194 -0.020103 0.270513 0.000119 0.000629 0.000487 0.001507 1
71.237314 124 NATNET2IVY 0.005173 -0.020127 0.270499 -0.000615 -0.000724 -0.000406 0.001508 1
71.270735 124 NATNET2IVY 0.005185 -0.020110 0.270550 0.000352 0.000513 0.001512 0.001514 1
71.304591 124 NATNET2IVY 0.005235 -0.020120 0.270519 0.001501 -0.000309 -0.000933 0.001269 1
71.338041 124 NATNET2IVY 0.005203 -0.020146 0.270508 -0.000960 -0.000776 -0.000327 0.001201 1
71.371812 124 NATNET2IVY 0.005218 -0.020118 0.270491 0.000452 0.000846 -0.000492 0.001124 1
71.405093 124 NATNET2IVY 0.005238 -0.020117 0.270469 0.000613 0.000031 -0.000673 0.001120 1
71.438659 124 NATNET2IVY 0.005215 -0.020111 0.270491 -0.000701 0.000182 0.000654 0.001325 1
71.472644 124 NATNET2IVY 0.005231 -0.020091 0.270460 0.000494 0.000594 -0.000915 0.001318 1
71.506692 124 NATNET2IVY 0.005254 -0.020088 0.270421 0.000690 0.000079 -0.001169 0.001226 1
71.539931 124 NATNET2IVY 0.005232 -0.020054 0.270432 -0.000678 0.001025 0.000316 0.000994 1
71.573152 124 NATNET2IVY 0.005207 -0.020065 0.270444 -0.000748 -0.000341 0.000356 0.001326 1
71.607008 124 NATNET2IVY 0.005232 -0.020049 0.270487 0.000763 0.000491 0.001297 0.001035 1
71.640243 124 NATNET2IVY 0.005212 -0.020034 0.270401 -0.000618 0.000452 -0.002572 0.001372 1
71.674029 124 NATNET2IVY 0.005212 -0.020016 0.270421 0.000009 0.000528 0.000595 0.001399 1
71.707867 124 NATNET2IVY 0.005207 -0.020022 0.270462 -0.000165 -0.000177 0.001234 0.001590 1
71.741560 124 NATNET2IVY 0.005222 -0.020012 0.270438 0.000453 0.000299 -0.000708 0.001175 1
71.774807 124 NATNET2IVY 0.005198 -0.019976 0.270471 -0.000708 0.001072 0.000986 0.001486 1
71.808019 124 NATNET2IVY 0.005238 -0.020009 0.270461 0.001203 -0.000964 -0.000311 0.001739 1
71.841456 124 NATNET2IVY 0.005213 -0.020000 0.270410 -0.000744 0.000261 -0.001538 0.001515 1
71.874789 124 NATNET2IVY 0.005226 -0.019967 0.270467 0.000372 0.000979 0.001731 0.001349 1
71.908232 124 NATNET2IVY 0.005234 -0.019969 0.270471 0.000237 -0.000049 0.000107 0.001368 1
71.941577 124 NATNET2IVY 0.005200 -0.019959 0.270472 -0.001022 0.000290 0.000044 0.001587 1
71.975517 124 NATNET2IVY 0.005203 -0.020003 0.270496 0.000096 -0.001303 0.000713 0.001285 1
72.009489 124 NATNET2IVY 0.005177 -0.019979 0.270439 -0.000781 0.000711 -0.001709 0.001425 1
72.043178 124 NATNET2IVY 0.005178 -0.019984 0.270477 0.000051 -0.000166 0.001143 0.001673 1
72.076938 124 NATNET2IVY 0.005180 -0.019969 0.270488 0.000040 0.000470 0.000317 0.001568 1
72.110225 124 NATNET2IVY 0.005227 -0.019963 0.270507 0.001430 0.000161 0.000570 0.001643 1
72.143871 124 NATNET2IVY 0.005170 -0.019967 0.270475 -0.001727 -0.000092 -0.000943 0.001657 1
72.177655 124 NATNET2IVY 0.005048 -0.019979 0.270375 -0.003655 -0.000365 -0.003019 0.001777 1
72.210928 124 NATNET2IVY 0.005077 -0.020000 0.270350 0.000865 -0.000651 -0.000747 0.001989 1
72.244225 124 NATNET2IVY 0.005198 -0.019957 0.270474 0.003619 0.001291 0.003727 0.001508 1
72.277973 124 NATNET2IVY 0.005206 -0.019979 0.270467 0.000258 -0.000644 -0.000209 0.001467 1
72.311350 124 NATNET2IVY 0.005217 -0.019999 0.270474 0.000324 -0.000612 0.000201 0.001554 1
72.344527 124 NATNET2IVY 0.005063 -0.020025 0.270351 -0.004607 -0.000770 -0.003671 0.002255 1
72.378140 124 NATNET2IVY 0.005194 -0.019952 0.270493 0.003905 0.002172 0.004233 0.001565 1
72.412232 124 NATNET2IVY 0.005196 -0.019966 0.270469 0.000080 -0.000407 -0.000706 0.001676 1
72.446095 124 NATNET2IVY 0.005198 -0.019994 0.270445 0.000066 -0.000830 -0.000719 0.001851 1
72.479693 124 NATNET2IVY 0.005220 -0.019978 0.270464 0.000635 0.000485 0.000580 0.001720 1
72.513244 124 NATNET2IVY 0.005232 -0.019987 0.270489 0.000365 -0.000274 0.000739 0.001771 1
72.546521 124 NATNET2IVY 0.005207 -0.020015 0.270444 -0.000742 -0.000850 -0.001350 0.001522 1
72.580265 124 NATNET2IVY 0.005240 -0.019967 0.270475 0.000980 0.001436 0.000933 0.001637 1
72.613712 124 NATNET2IVY 0.005222 -0.019964 0.270432 -0.000526 0.000098 -0.001305 0.001874 1
72.647098 124 NATNET2IVY 0.005202 -0.020024 0.270415 -0.000604 -0.001799 -0.000497 0.001553 1
72.680552 124 NATNET2IVY 0.005209 -0.020010 0.270466 0.000220 0.000416 0.001531 0.001672 1
72.714573 124 NATNET2IVY 0.005229 -0.019964 0.270461 0.000578 0.001384 -0.000141 0.001835 1
72.748216 124 NATNET2IVY 0.005229 -0.020011 0.270468 0.000013 -0.001405 0.000187 0.001504 1
72.782326 124 NATNET2IVY 0.005231 -0.020029 0.270443 0.000053 -0.000556 -0.000751 0.001841 1
72.816047 124 NATNET2IVY 0.005261 -0.019953 0.270437 0.000898 0.002272 -0.000156 0.001838 1
72.849270 124 NATNET2IVY 0.005246 -0.019995 0.270449 -0.000451 -0.001250 0.000357 0.001807 1
72.882902 124 NATNET2IVY 0.005209 -0.020033 0.270392 -0.001086 -0.001131 -0.001715 0.001491 1
72.916443 124 NATNET2IVY 0.005217 -0.019963 0.270463 0.000234 0.002084 0.002123 0.001554 1
72.950402 124 NATNET2IVY 0.005239 -0.019989 0.270444 0.000645 -0.000780 -0.000558 0.001880 1
72.984433 124 NATNET2IVY 0.005207 -0.020040 0.270434 -0.000961 -0.001512 -0.000304 0.001382 1
73.017559 124 NATNET2IVY 0.005222 -0.020017 0.270442 0.000444 0.000695 0.000228 0.001669 1
73.051430 124 NATNET2IVY 0.005233 -0.019999 0.270434 0.000329 0.000534 -0.000229 0.001535 1
73.085056 124 NATNET2IVY 0.005202 -0.020022 0.270430 -0.000904 -0.000692 -0.000127 0.001548 1
73.118577 124 NATNET2IVY 0.005225 -0.020027 0.270435 0.000671 -0.000152 0.000165 0.001232 1
73.151830 124 NATNET2IVY 0.005253 -0.019996 0.270452 0.000833 0.000920 0.000485 0.001642 1
73.185334 124 NATNET2IVY 0.005243 -0.020017 0.270442 -0.000289 -0.000611 -0.000281 0.001852 1
73.219126 124 NATNET2IVY 0.005211 -0.020034 0.270487 -0.000960 -0.000525 0.001349 0.001640 1
73.252798 124 NATNET2IVY 0.005208 -0.020019 0.270445 -0.000088 0.000463 -0.001260 0.001237 1
73.286501 124 NATNET2IVY 0.005239 -0.020005 0.270477 0.000932 0.000405 0.000950 0.001568 1
73.320018 124 NATNET2IVY 0.005234 -0.020033 0.270486 -0.000164 -0.000839 0.000288 0.001598 1
73.353310 124 NATNET2IVY 0.005213 -0.020031 0.270440 -0.000618 0.000081 -0.001397 0.001598 1
73.387119 124 NATNET2IVY 0.005225 -0.020023 0.270467 0.000350 0.000223 0.000818 0.001799 1
73.420853 124 NATNET2IVY 0.005242 -0.020031 0.270477 0.000529 -0.000244 0.000289 0.001502 1
73.454126 124 NATNET2IVY 0.005210 -0.020027 0.270446 -0.000970 0.000136 -0.000933 0.001756 1
73.488137 124 NATNET2IVY 0.005206 -0.020004 0.270449 -0.000128 0.000674 0.000097 0.001786 1
73.521649 124 NATNET2IVY 0.005215 -0.019993 0.270408 0.000272 0.000351 -0.001231 0.001509 1
73.554870 124 NATNET2IVY 0.005214 -0.020034 0.270419 -0.000026 -0.001253 0.000339 0.001709 1
73.588125 124 NATNET2IVY 0.005197 -0.020014 0.270413 -0.000514 0.000616 -0.000198 0.001812 1
73.621259 124 NATNET2IVY 0.005241 -0.020004 0.270439 0.001333 0.000298 0.000794 0.001488 1
73.655080 124 NATNET2IVY 0.005092 -0.020077 0.270287 -0.004478 -0.002181 -0.004572 0.002018 1
73.689095 124 NATNET2IVY 0.005196 -0.020004 0.270424 0.003114 0.002165 0.004123 0.001844 1
73.723096 124 NATNET2IVY 0.005223 -0.020000 0.270414 0.000814 0.000129 -0.000303 0.001699 1
73.757072 124 NATNET2IVY 0.005222 -0.019999 0.270421 -0.000025 0.000023 0.000224 0.001732 1
73.790483 124 NATNET2IVY 0.005226 -0.019998 0.270406 0.000108 0.000029 -0.000449 0.001646 1
73.823860 124 NATNET2IVY 0.005223 -0.019983 0.270423 -0.000065 0.000459 0.000510 0.001423 1
73.857089 124 NATNET2IVY 0.005243 -0.019984 0.270397 0.000575 -0.000031 -0.000783 0.001330 1
73.890839 124 NATNET2IVY 0.005222 -0.019986 0.270382 -0.000628 -0.000063 -0.000462 0.001589 1
73.924289 124 NATNET2IVY 0.005212 -0.019973 0.270387 -0.000279 0.000406 0.000144 0.001760 1
73.958143 124 NATNET2IVY 0.005223 -0.020003 0.270365 0.000310 -0.000905 -0.000653 0.001514 1
73.991527 124 NATNET2IVY 0.005201 -0.019994 0.270412 -0.000647 0.000267 0.001422 0.001900 1
74.025301 124 NATNET2IVY 0.005200 -0.019959 0.270400 -0.000038 0.001034 -0.000375 0.001753 1
74.059281 124 NATNET2IVY 0.005203 -0.019966 0.270401 0.000095 -0.000192 0.000035 0.001856 1
74.092802 124 NATNET2IVY 0.005193 -0.019960 0.270375 -0.000301 0.000185 -0.000776 0.001786 1
74.126813 124 NATNET2IVY 0.005233 -0.019965 0.270419 0.001198 -0.000166 0.001327 0.001727 1
74.160168 124 NATNET2IVY 0.005241 -0.019959 0.270409 0.000249 0.000182 -0.000321 0.001663 1
74.193603 124 NATNET2IVY 0.005187 -0.019970 0.270401 -0.001625 -0.000342 -0.000235 0.001899 1
74.226898 124 NATNET2IVY 0.005205 -0.019981 0.270389 0.000551 -0.000309 -0.000363 0.001697 1
74.260337 124 NATNET2IVY 0.005223 -0.019959 0.270382 0.000528 0.000658 -0.000188 0.001640 1
74.293842 124 NATNET2IVY 0.005168 -0.019943 0.270408 -0.001657 0.000485 0.000768 0.001529 1
74.327891 124 NATNET2IVY 0.005199 -0.019968 0.270409 0.000923 -0.000764 0.000027 0.001697 1
74.364260 124 NATNET2IVY 0.005198 -0.019962 0.270404 -0.000026 0.000187 -0.000139 0.001353 1
74.397426 124 NATNET2IVY 0.005194 -0.019954 0.270373 -0.000114 0.000243 -0.000953 0.001616 1
74.431378 124 NATNET2IVY 0.005181 -0.019948 0.270382 -0.000396 0.000184 0.000290 0.001897 1
74.464889 124 NATNET2IVY 0.005200 -0.019937 0.270390 0.000574 0.000306 0.000232 0.001972 1
74.498946 124 NATNET2IVY 0.005200 -0.019937 0.270381 -0.000011 0.000004 -0.000279 0.002035 1
74.532441 124 NATNET2IVY 0.005202 -0.019927 0.270394 0.000077 0.000299 0.000413 0.001780 1
74.565718 124 NATNET2IVY 0.005219 -0.019944 0.270381 0.000505 -0.000509 -0.000410 0.001958 1
74.599697 124 NATNET2IVY 0.005219 -0.019941 0.270422 0.000015 0.000089 0.001236 0.001800 1
74.633021 124 NATNET2IVY 0.005185 -0.019922 0.270392 -0.001038 0.000576 -0.000901 0.002047 1
74.666205 124 NATNET2IVY 0.005192 -0.019939 0.270401 0.000208 -0.000496 0.000275 0.001851 1
74.699610 124 NATNET2IVY 0.005213 -0.019937 0.270438 0.000628 0.000065 0.001093 0.001955 1
74.733336 124 NATNET2IVY 0.005176 -0.019931 0.270401 -0.001087 0.000171 -0.001109 0.002094 1
74.766698 124 NATNET2IVY 0.005221 -0.019941 0.270381 0.001341 -0.000317 -0.000586 0.001848 1
74.802679 124 NATNET2IVY 0.005223 -0.019964 0.270386 0.001341 -0.000317 -0.000586 0.001980 1
74.836222 124 NATNET2IVY 0.005210 -0.019928 0.270392 -0.000171 0.000197 0.000160 0.001702 1
74.870281 124 NATNET2IVY 0.005230 -0.019933 0.270398 0.000611 -0.000139 0.000187 0.001695 1
74.904213 124 NATNET2IVY 0.005221 -0.019971 0.270374 -0.000279 -0.001129 -0.000710 0.001874 1
74.937733 124 NATNET2IVY 0.005193 -0.019935 0.270383 -0.000846 0.001076 0.000256 0.002173 1
74.971055 124 NATNET2IVY 0.005220 -0.019945 0.270396 0.000816 -0.000311 0.000398 0.001841 1
75.004436 124 NATNET2IVY 0.005194 -0.019961 0.270366 -0.000789 -0.000490 -0.000890 0.001728 1
75.037750 124 NATNET2IVY 0.005171 -0.019933 0.270385 -0.000671 0.000854 0.000547 0.002260 1
75.071408 124 NATNET2IVY 0.005236 -0.019938 0.270403 0.001952 -0.000150 0.000556 0.002138 1
75.104946 124 NATNET2IVY 0.005237 -0.019941 0.270403 0.000015 -0.000107 -0.000004 0.001733 1
75.138136 124 NATNET2IVY 0.005189 -0.019921 0.270376 -0.001443 0.000613 -0.000818 0.001910 1
75.171643 124 NATNET2IVY 0.005266 -0.019928 0.270403 0.002320 -0.000222 0.000802 0.002216 1
75.204731 124 NATNET2IVY 0.005218 -0.019938 0.270376 -0.001450 -0.000278 -0.000799 0.002087 1
75.238319 124 NATNET2IVY 0.005216 -0.019953 0.270350 -0.000061 -0.000444 -0.000779 0.001746 1
75.271408 124 NATNET2IVY 0.005204 -0.019929 0.270388 -0.000360 0.000700 0.001138 0.002189 1
75.304720 124 NATNET2IVY 0.005218 -0.019938 0.270372 0.000434 -0.000270 -0.000488 0.001815 1
75.337910 124 NATNET2IVY 0.005200 -0.019964 0.270367 -0.000530 -0.000773 -0.000133 0.002080 1
75.371173 124 NATNET2IVY 0.005234 -0.019941 0.270389 0.001002 0.000698 0.000656 0.001774 1
75.404703 124 NATNET2IVY 0.005245 -0.019941 0.270340 0.000325 -0.000020 -0.001458 0.001932 1
75.438425 124 NATNET2IVY 0.005201 -0.019949 0.270370 -0.001299 -0.000236 0.000874 0.001884 1
75.472529 124 NATNET2IVY 0.005219 -0.019938 0.270380 0.000526 0.000343 0.000304 0.001901 1
75.506012 124 NATNET2IVY 0.005229 -0.019938 0.270352 0.000308 0.000005 -0.000834 0.001931 1
75.540026 124 NATNET2IVY 0.005239 -0.019961 0.270402 0.000291 -0.000699 0.001508 0.001490 1
75.573586 124 NATNET2IVY 0.005214 -0.019952 0.270373 -0.000754 0.000263 -0.000884 0.001866 1
75.607271 124 NATNET2IVY 0.005220 -0.019955 0.270395 0.000198 -0.000100 0.000657 0.001662 1
75.640898 124 NATNET2IVY 0.005205 -0.019980 0.270372 -0.000456 -0.000749 -0.000677 0.001842 1
75.674716 124 NATNET2IVY 0.005196 -0.019974 0.270389 -0.000284 0.000209 0.000512 0.001869 1
75.707851 124 NATNET2IVY 0.005220 -0.019958 0.270370 0.000723 0.000470 -0.000575 0.001908 1
75.741755 124 NATNET2IVY 0.005231 -0.019975 0.270414 0.000351 -0.000503 0.001318 0.001908 1
75.774977 124 NATNET2IVY 0.005234 -0.019973 0.270403 0.000080 0.000048 -0.000314 0.001496 1
75.809002 124 NATNET2IVY 0.005217 -0.019963 0.270386 -0.000522 0.000299 -0.000512 0.001475 1
75.843042 124 NATNET2IVY 0.005237 -0.019968 0.270368 0.000611 -0.000161 -0.000564 0.002145 1
75.876721 124 NATNET2IVY 0.005229 -0.019969 0.270370 -0.000241 -0.000005 0.000080 0.001756 1
75.909911 124 NATNET2IVY 0.005251 -0.019949 0.270375 0.000674 0.000573 0.000147 0.001992 1
75.943189 124 NATNET2IVY 0.005226 -0.019960 0.270408 -0.000751 -0.000305 0.000990 0.002279 1
75.977083 124 NATNET2IVY 0.005216 -0.019953 0.270387 -0.000325 0.000184 -0.000628 0.001985 1
76.010935 124 NATNET2IVY 0.005259 -0.019946 0.270403 0.001294 0.000226 0.000485 0.001563 1
76.044295 124 NATNET2IVY 0.005235 -0.019958 0.270428 -0.000722 -0.000358 0.000741 0.002111 1
76.077762 124 NATNET2IVY 0.005217 -0.019952 0.270375 -0.000526 0.000190 -0.001584 0.001970 1
76.110975 124 NATNET2IVY 0.005282 -0.019942 0.270418 0.001961 0.000278 0.001276 0.002043 1
76.144743 124 NATNET2IVY 0.005213 -0.019961 0.270364 -0.002078 -0.000554 -0.001598 0.001770 1
76.178778 124 NATNET2IVY 0.005212 -0.019954 0.270363 -0.000026 0.000215 -0.000037 0.001776 1
76.212118 124 NATNET2IVY 0.005218 -0.019965 0.270400 0.000161 -0.000334 0.001113 0.001714 1
76.245357 124 NATNET2IVY 0.005212 -0.019972 0.270369 -0.000169 -0.000209 -0.000941 0.001958 1
76.278897 124 NATNET2IVY 0.005187 -0.019960 0.270387 -0.000751 0.000355 0.000538 0.001918 1
76.314676 124 NATNET2IVY 0.005240 -0.019958 0.270387 -0.000751 0.000355 0.000538 0.001505 1
76.348127 124 NATNET2IVY 0.005234 -0.019964 0.270413 0.000702 -0.000067 0.000386 0.001858 1
76.381490 124 NATNET2IVY 0.005194 -0.019972 0.270412 -0.001187 -0.000226 -0.000020 0.001962 1
76.414612 124 NATNET2IVY 0.005204 -0.019957 0.270403 0.000283 0.000437 -0.000270 0.001945 1
76.448719 124 NATNET2IVY 0.005213 -0.019956 0.270449 0.000285 0.000028 0.001385 0.001956 1
76.482433 124 NATNET2IVY 0.005179 -0.019965 0.270445 -0.001036 -0.000254 -0.000113 0.001899 1
76.516530 124 NATNET2IVY 0.005203 -0.019958 0.270409 0.000737 0.000200 -0.001086 0.001817 1
76.550283 124 NATNET2IVY 0.005183 -0.019964 0.270426 -0.000618 -0.000172 0.000518 0.002113 1
76.584291 124 NATNET2IVY 0.005183 -0.019993 0.270437 0.000012 -0.000886 0.000317 0.001904 1
76.617788 124 NATNET2IVY 0.005174 -0.019946 0.270426 -0.000282 0.001411 -0.000335 0.001846 1
76.650997 124 NATNET2IVY 0.005171 -0.019948 0.270447 -0.000095 -0.000058 0.000635 0.001708 1
76.684334 124 NATNET2IVY 0.005181 -0.019976 0.270402 0.000324 -0.000846 -0.001347 0.001797 1
76.717874 124 NATNET2IVY 0.005194 -0.019957 0.270411 0.000367 0.000576 0.000273 0.001607 1
76.751324 124 NATNET2IVY 0.005195 -0.019936 0.270402 0.000033 0.000653 -0.000269 0.001650 1
76.785329 124 NATNET2IVY 0.005191 -0.019934 0.270410 -0.000115 0.000039 0.000220 0.001972 1
76.818751 124 NATNET2IVY 0.005061 -0.019975 0.270354 -0.003890 -0.001218 -0.001673 0.002486 1
76.851909 124 NATNET2IVY 0.005169 -0.019940 0.270375 0.003249 0.001057 0.000650 0.001573 1
76.885566 124 NATNET2IVY 0.005147 -0.019940 0.270382 -0.000662 -0.000017 0.000185 0.001686 1
76.918783 124 NATNET2IVY 0.005156 -0.019955 0.270402 0.000250 -0.000443 0.000620 0.001698 1
76.951974 124 NATNET2IVY 0.005169 -0.019934 0.270409 0.000394 0.000624 0.000195 0.001678 1
76.985585 124 NATNET2IVY 0.005142 -0.019944 0.270421 -0.000799 -0.000284 0.000360 0.001734 1
77.019065 124 NATNET2IVY 0.005166 -0.019909 0.270443 0.000724 0.001027 0.000679 0.002038 1
77.053132 124 NATNET2IVY 0.005152 -0.019926 0.270387 -0.000429 -0.000512 -0.001702 0.001801 1
77.086710 124 NATNET2IVY 0.005169 -0.019915 0.270442 0.000499 0.000331 0.001642 0.001996 1
77.120619 124 NATNET2IVY 0.005170 -0.019944 0.270411 0.000033 -0.000859 -0.000906 0.001927 1
77.153946 124 NATNET2IVY 0.005170 -0.019931 0.270425 0.000001 0.000381 0.000425 0.001608 1
77.187347 124 NATNET2IVY 0.005146 -0.019940 0.270396 -0.000723 -0.000252 -0.000895 0.001718 1
77.220637 124 NATNET2IVY 0.005182 -0.019946 0.270406 0.001089 -0.000200 0.000317 0.001913 1
77.254526 124 NATNET2IVY 0.005145 -0.019960 0.270400 -0.001098 -0.000414 -0.000194 0.001633 1
77.288118 124 NATNET2IVY 0.005176 -0.019954 0.270412 0.000903 0.000185 0.000374 0.002237 1
77.321285 124 NATNET2IVY 0.005144 -0.019959 0.270449 -0.000952 -0.000134 0.001109 0.001716 1
77.355050 124 NATNET2IVY 0.005146 -0.019940 0.270390 0.000060 0.000556 -0.001777 0.001702 1
77.388149 124 NATNET2IVY 0.005139 -0.019950 0.270378 -0.000207 -0.000284 -0.000354 0.001852 1
77.421905 124 NATNET2IVY 0.005153 -0.019943 0.270428 0.000429 0.000200 0.001505 0.001760 1
77.455878 124 NATNET2IVY 0.005150 -0.019934 0.270407 -0.000083 0.000261 -0.000637 0.001816 1
77.489168 124 NATNET2IVY 0.005138 -0.019958 0.270409 -0.000361 -0.000713 0.000064 0.001610 1
77.522659 124 NATNET2IVY 0.005128 -0.019945 0.270415 -0.000320 0.000389 0.000165 0.001997 1
77.556372 124 NATNET2IVY 0.005140 -0.019946 0.270398 0.000382 -0.000041 -0.000511 0.001811 1
77.590260 124 NATNET2IVY 0.005161 -0.019922 0.270421 0.000625 0.000735 0.000699 0.002068 1
77.623596 124 NATNET2IVY 0.005133 -0.019960 0.270410 -0.000858 -0.001140 -0.000340 0.001774 1
77.656888 124 NATNET2IVY 0.005148 -0.019929 0.270392 0.000473 0.000933 -0.000531 0.001994 1
77.690226 124 NATNET2IVY 0.005144 -0.019938 0.270397 -0.000141 -0.000285 0.000143 0.001821 1
77.724232 124 NATNET2IVY 0.005132 -0.019938 0.270369 -0.000351 0.000022 -0.000826 0.001790 1
77.757748 124 NATNET2IVY 0.005144 -0.019919 0.270425 0.000371 0.000554 0.001667 0.001870 1
77.791261 124 NATNET2IVY 0.005135 -0.019937 0.270396 -0.000278 -0.000552 -0.000854 0.001942 1
77.826101 124 NATNET2IVY 0.005162 -0.019917 0.270431 0.000813 0.000616 0.001037 0.001975 1
77.859373 124 NATNET2IVY 0.005109 -0.019915 0.270416 -0.001589 0.000068 -0.000437 0.002143 1
77.893274 124 NATNET2IVY 0.005111 -0.019917 0.270396 0.000045 -0.000057 -0.000603 0.001926 1
77.926406 124 NATNET2IVY 0.005135 -0.019900 0.270397 0.000722 0.000511 0.000040 0.001965 1
77.960129 124 NATNET2IVY 0.005114 -0.019912 0.270404 -0.000618 -0.000378 0.000189 0.002058 1
77.993372 124 NATNET2IVY 0.005116 -0.019887 0.270379 0.000048 0.000750 -0.000730 0.002127 1
78.027180 124 NATNET2IVY 0.005131 -0.019895 0.270427 0.000449 -0.000222 0.001421 0.002216 1
78.061066 124 NATNET2IVY 0.005136 -0.019897 0.270405 0.000139 -0.000064 -0.000660 0.002165 1
78.094507 124 NATNET2IVY 0.005145 -0.019877 0.270422 0.000288 0.000584 0.000507 0.002239 1
78.128069 124 NATNET2IVY 0.005006 -0.019954 0.270326 -0.004167 -0.002313 -0.002874 0.002552 1
78.161235 124 NATNET2IVY 0.005158 -0.019898 0.270395 0.004550 0.001702 0.002070 0.001908 1
78.195257 124 NATNET2IVY 0.005152 -0.019880 0.270446 -0.000166 0.000525 0.001528 0.002133 1
78.229104 124 NATNET2IVY 0.005103 -0.019892 0.270417 -0.001469 -0.000358 -0.000871 0.002509 1
78.262496 124 NATNET2IVY 0.005144 -0.019890 0.270414 0.001233 0.000050 -0.000086 0.002039 1
78.295899 124 NATNET2IVY 0.005139 -0.019897 0.270385 -0.000165 -0.000205 -0.000869 0.002382 1
78.329132 124 NATNET2IVY 0.005131 -0.019895 0.270414 -0.000253 0.000077 0.000884 0.002098 1
78.362266 124 NATNET2IVY 0.005133 -0.019922 0.270390 0.000074 -0.000836 -0.000721 0.002031 1
78.396112 124 NATNET2IVY 0.005107 -0.019900 0.270388 -0.000787 0.000664 -0.000063 0.002147 1
78.429594 124 NATNET2IVY 0.005136 -0.019866 0.270426 0.000890 0.001044 0.001143 0.002258 1
78.462960 124 NATNET2IVY 0.005146 -0.019885 0.270397 0.000298 -0.000585 -0.000893 0.001983 1
78.496166 124 NATNET2IVY 0.005113 -0.019903 0.270350 -0.001001 -0.000530 -0.001399 0.002223 1
78.529174 124 NATNET2IVY 0.005121 -0.019886 0.270348 0.000247 0.000513 -0.000070 0.002167 1
78.562396 124 NATNET2IVY 0.005037 -0.019889 0.270304 0.000247 0.000513 -0.000070 0.001786 1
78.596023 124 NATNET2IVY 0.005010 -0.019945 0.270327 -0.001675 -0.000895 -0.000302 0.002834 1
78.629256 124 NATNET2IVY 0.005032 -0.019900 0.270356 0.000674 0.001371 0.000846 0.001692 1
78.664760 124 NATNET2IVY 0.005147 -0.019877 0.270384 0.003451 0.000679 0.000864 0.002178 1
78.698110 124 NATNET2IVY 0.005011 -0.019843 0.270361 -0.004088 0.001006 -0.000701 0.001712 1
78.731631 124 NATNET2IVY 0.005017 -0.019850 0.270352 0.000200 -0.000210 -0.000266 0.001524 1
78.764844 124 NATNET2IVY 0.005173 -0.019850 0.270432 0.004659 0.000015 0.002392 0.002423 1
78.798910 124 NATNET2IVY 0.005110 -0.019871 0.270399 -0.001869 -0.000627 -0.000990 0.002397 1
78.834344 124 NATNET2IVY 0.005008 -0.019883 0.270358 -0.003063 -0.000368 -0.001235 0.001761 1
78.867612 124 NATNET2IVY 0.004977 -0.019902 0.270370 -0.000925 -0.000559 0.000360 0.002695 1
78.901400 124 NATNET2IVY 0.005171 -0.019850 0.270421 0.005798 0.001537 0.001534 0.002249 1
78.934884 124 NATNET2IVY 0.005121 -0.019859 0.270396 -0.001488 -0.000248 -0.000736 0.002196 1
78.968023 124 NATNET2IVY 0.005129 -0.019874 0.270386 0.000237 -0.000447 -0.000315 0.002130 1
79.001479 124 NATNET2IVY 0.005143 -0.019880 0.270380 0.000427 -0.000189 -0.000181 0.001991 1
79.035515 124 NATNET2IVY 0.005132 -0.019873 0.270381 -0.000331 0.000200 0.000030 0.001879 1
79.069282 124 NATNET2IVY 0.005007 -0.019923 0.270360 -0.003761 -0.001496 -0.000627 0.002372 1
79.103369 124 NATNET2IVY 0.005131 -0.019901 0.270409 0.003719 0.000661 0.001461 0.001804 1
79.136497 124 NATNET2IVY 0.004992 -0.019910 0.270382 -0.004167 -0.000266 -0.000787 0.002809 1
79.170011 124 NATNET2IVY 0.005112 -0.019883 0.270424 0.003608 0.000817 0.001232 0.002122 1
79.203144 124 NATNET2IVY 0.005107 -0.019894 0.270410 -0.000167 -0.000346 -0.000392 0.002406 1
79.236444 124 NATNET2IVY 0.004981 -0.019880 0.270377 -0.003771 0.000417 -0.000989 0.001788 1
79.270010 124 NATNET2IVY 0.005130 -0.019887 0.270407 0.004470 -0.000207 0.000879 0.002123 1
79.303414 124 NATNET2IVY 0.005131 -0.019907 0.270422 0.000039 -0.000593 0.000471 0.001970 1
79.336554 124 NATNET2IVY 0.005159 -0.019909 0.270430 0.000817 -0.000057 0.000219 0.002057 1
79.370101 124 NATNET2IVY 0.005137 -0.019887 0.270355 -0.000633 0.000658 -0.002242 0.002282 1
79.404128 124 NATNET2IVY 0.005147 -0.019891 0.270385 0.000296 -0.000131 0.000884 0.002046 1
79.437627 124 NATNET2IVY 0.005137 -0.019900 0.270393 -0.000298 -0.000254 0.000244 0.001910 1
79.470881 124 NATNET2IVY 0.005155 -0.019868 0.270391 0.000523 0.000947 -0.000063 0.002332 1
79.504030 124 NATNET2IVY 0.005162 -0.019917 0.270373 0.000216 -0.001457 -0.000538 0.001780 1
79.537577 124 NATNET2IVY 0.005128 -0.019932 0.270400 -0.001013 -0.000451 0.000816 0.001948 1
79.570718 124 NATNET2IVY 0.005026 -0.019925 0.270300 -0.003080 0.000209 -0.002992 0.002597 1
79.604242 124 NATNET2IVY 0.005149 -0.019881 0.270361 0.003696 0.001319 0.001825 0.002173 1
79.637607 124 NATNET2IVY 0.005143 -0.019889 0.270375 -0.000185 -0.000249 0.000418 0.002339 1
79.670763 124 NATNET2IVY 0.005197 -0.019866 0.270397 0.001620 0.000711 0.000658 0.002318 1
79.704112 124 NATNET2IVY 0.005049 -0.019875 0.270319 -0.004416 -0.000273 -0.002325 0.002679 1
79.737549 124 NATNET2IVY 0.005050 -0.019859 0.270342 0.000030 0.000478 0.000689 0.001579 1
79.770855 124 NATNET2IVY 0.005025 -0.019855 0.270359 -0.000769 0.000104 0.000517 0.001513 1
79.804339 124 NATNET2IVY 0.005033 -0.019839 0.270360 0.000234 0.000481 0.000030 0.001206 1
79.838890 124 NATNET2IVY 0.005014 -0.019828 0.270408 -0.000569 0.000333 0.001434 0.001722 1
79.872462 124 NATNET2IVY 0.005008 -0.019855 0.270285 -0.000158 -0.000810 -0.003695 0.002768 1
79.905794 124 NATNET2IVY 0.005156 -0.019817 0.270333 0.004424 0.001142 0.001442 0.002108 1
79.939722 124 NATNET2IVY 0.005118 -0.019829 0.270361 -0.001125 -0.000367 0.000849 0.002269 1
79.973391 124 NATNET2IVY 0.005129 -0.019821 0.270343 0.000332 0.000243 -0.000567 0.001955 1
80.008296 124 NATNET2IVY 0.005151 -0.019821 0.270360 0.000332 0.000243 -0.000567 0.002438 1
80.041931 124 NATNET2IVY 0.005148 -0.019835 0.270362 0.000276 -0.000213 0.000292 0.002128 1
80.075570 124 NATNET2IVY 0.005144 -0.019835 0.270387 -0.000120 0.000017 0.000752 0.002569 1
80.109273 124 NATNET2IVY 0.005029 -0.019845 0.270315 -0.003430 -0.000304 -0.002170 0.002880 1
80.142986 124 NATNET2IVY 0.005147 -0.019831 0.270364 0.003515 0.000427 0.001491 0.002328 1
80.176380 124 NATNET2IVY 0.005142 -0.019847 0.270368 -0.000146 -0.000496 0.000113 0.002278 1
80.209637 124 NATNET2IVY 0.005130 -0.019822 0.270398 -0.000337 0.000758 0.000883 0.002377 1
80.242992 124 NATNET2IVY 0.005144 -0.019815 0.270366 0.000398 0.000218 -0.000936 0.002339 1
80.276120 124 NATNET2IVY 0.005164 -0.019861 0.270371 0.000597 -0.001398 0.000150 0.001927 1
80.323843 124 NATNET2IVY 0.005166 -0.019840 0.270343 0.000086 0.000649 -0.000855 0.002322 1
80.357689 124 NATNET2IVY 0.005164 -0.019845 0.270360 -0.000088 -0.000172 0.000498 0.002440 1
80.391201 124 NATNET2IVY 0.005159 -0.019820 0.270375 -0.000132 0.000773 0.000458 0.002176 1
80.424462 124 NATNET2IVY 0.005048 -0.019839 0.270362 -0.003327 -0.000566 -0.000399 0.003288 1
80.457655 124 NATNET2IVY 0.005165 -0.019806 0.270352 0.003501 0.000978 -0.000273 0.002050 1
80.491032 124 NATNET2IVY 0.005165 -0.019827 0.270363 -0.000013 -0.000629 0.000313 0.002241 1
80.524775 124 NATNET2IVY 0.005157 -0.019838 0.270384 -0.000217 -0.000329 0.000632 0.002488 1
80.558434 124 NATNET2IVY 0.005170 -0.019808 0.270357 0.000374 0.000900 -0.000797 0.002166 1
80.591753 124 NATNET2IVY 0.005036 -0.019817 0.270340 -0.004000 -0.000271 -0.000519 0.002879 1
80.625844 124 NATNET2IVY 0.005042 -0.019844 0.270269 0.000163 -0.000808 -0.002137 0.002862 1
80.659824 124 NATNET2IVY 0.005154 -0.019826 0.270338 0.003368 0.000534 0.002074 0.002646 1
80.693371 124 NATNET2IVY 0.005167 -0.019822 0.270386 0.000395 0.000131 0.001443 0.002350 1
80.726716 124 NATNET2IVY 0.005171 -0.019812 0.270337 0.000106 0.000279 -0.001488 0.002194 1
80.760495 124 NATNET2IVY 0.005176 -0.019827 0.270373 0.000160 -0.000441 0.001106 0.002171 1
80.794371 124 NATNET2IVY 0.005176 -0.019828 0.270376 -0.000015 -0.000020 0.000072 0.002136 1
80.827683 124 NATNET2IVY 0.005177 -0.019833 0.270358 0.000028 -0.000163 -0.000536 0.002332 1
80.861362 124 NATNET2IVY 0.005168 -0.019831 0.270433 -0.000257 0.000077 0.002245 0.002256 1
80.894974 124 NATNET2IVY 0.005033 -0.019846 0.270350 -0.004042 -0.000468 -0.002494 0.003051 1
80.928347 124 NATNET2IVY 0.005152 -0.019848 0.270374 0.003561 -0.000039 0.000716 0.002053 1
80.961531 124 NATNET2IVY 0.005164 -0.019849 0.270386 0.000368 -0.000053 0.000387 0.002289 1
80.995450 124 NATNET2IVY 0.005160 -0.019852 0.270387 -0.000126 -0.000072 0.000010 0.002111 1
81.029461 124 NATNET2IVY 0.005155 -0.019861 0.270389 -0.000162 -0.000281 0.000064 0.002535 1
81.063392 124 NATNET2IVY 0.005196 -0.019840 0.270383 0.001252 0.000644 -0.000173 0.002132 1
81.097158 124 NATNET2IVY 0.005184 -0.019870 0.270385 -0.000374 -0.000915 0.000060 0.002340 1
81.130489 124 NATNET2IVY 0.005194 -0.019868 0.270427 0.000296 0.000074 0.001242 0.001929 1
81.164525 124 NATNET2IVY 0.005193 -0.019887 0.270363 -0.000018 -0.000585 -0.001914 0.002070 1
81.198094 124 NATNET2IVY 0.005200 -0.019899 0.270409 0.000203 -0.000361 0.001381 0.002008 1
81.231602 124 NATNET2IVY 0.005191 -0.019902 0.270379 -0.000270 -0.000088 -0.000905 0.001978 1
81.265581 124 NATNET2IVY 0.005178 -0.019891 0.270373 -0.000402 0.000346 -0.000163 0.001807 1
81.299587 124 NATNET2IVY 0.005166 -0.019904 0.270409 -0.000346 -0.000395 0.001072 0.001971 1
81.333563 124 NATNET2IVY 0.005149 -0.019942 0.270391 -0.000511 -0.001160 -0.000537 0.001971 1
81.366809 124 NATNET2IVY 0.005181 -0.019928 0.270442 0.000945 0.000425 0.001515 0.001923 1
81.400391 124 NATNET2IVY 0.005173 -0.019925 0.270427 -0.000224 0.000092 -0.000434 0.001974 1
81.433711 124 NATNET2IVY 0.005173 -0.019939 0.270398 0.000006 -0.000418 -0.000883 0.001834 1
81.467343 124 NATNET2IVY 0.005207 -0.019925 0.270383 0.000997 0.000427 -0.000452 0.001457 1
81.501181 124 NATNET2IVY 0.005184 -0.019924 0.270361 -0.000663 0.000036 -0.000641 0.001961 1
81.534586 124 NATNET2IVY 0.005179 -0.019917 0.270382 -0.000175 0.000210 0.000612 0.002154 1
81.567929 124 NATNET2IVY 0.005197 -0.019949 0.270377 0.000561 -0.000954 -0.000129 0.002025 1
81.601549 124 NATNET2IVY 0.005177 -0.019937 0.270377 -0.000606 0.000334 -0.000013 0.001913 1
81.635551 124 NATNET2IVY 0.005176 -0.019924 0.270390 -0.000023 0.000398 0.000384 0.002479 1
81.669535 124 NATNET2IVY 0.005174 -0.019931 0.270405 -0.000083 -0.000208 0.000474 0.002027 1
81.702910 124 NATNET2IVY 0.005176 -0.019925 0.270407 0.000088 0.000184 0.000063 0.001746 1
81.736567 124 NATNET2IVY 0.005188 -0.019914 0.270419 0.000351 0.000312 0.000343 0.001720 1
81.770426 124 NATNET2IVY 0.005081 -0.019977 0.270300 -0.003205 -0.001861 -0.003574 0.002468 1
81.804149 124 NATNET2IVY 0.005198 -0.019923 0.270384 0.003512 0.001595 0.002519 0.001671 1
81.837826 124 NATNET2IVY 0.005192 -0.019925 0.270383 -0.000206 -0.000061 -0.000028 0.001861 1
81.871775 124 NATNET2IVY 0.005183 -0.019925 0.270401 -0.000256 0.000001 0.000544 0.001986 1
81.905684 124 NATNET2IVY 0.005199 -0.019933 0.270381 0.000480 -0.000219 -0.000592 0.002017 1
81.939400 124 NATNET2IVY 0.005177 -0.019920 0.270385 -0.000657 0.000390 0.000108 0.001908 1
81.972950 124 NATNET2IVY 0.005185 -0.019918 0.270402 0.000228 0.000036 0.000505 0.001985 1
82.006893 124 NATNET2IVY 0.005201 -0.019928 0.270422 0.000487 -0.000283 0.000609 0.001731 1
82.040991 124 NATNET2IVY 0.005182 -0.019938 0.270452 -0.000579 -0.000296 0.000890 0.002190 1
82.074870 124 NATNET2IVY 0.005183 -0.019946 0.270437 0.000036 -0.000255 -0.000426 0.001891 1
82.108714 124 NATNET2IVY 0.005179 -0.019938 0.270422 -0.000114 0.000260 -0.000461 0.001908 1
82.142387 124 NATNET2IVY 0.005182 -0.019945 0.270405 0.000077 -0.000212 -0.000511 0.001923 1
82.176356 124 NATNET2IVY 0.005187 -0.019928 0.270407 0.000167 0.000495 0.000071 0.001807 1
82.209670 124 NATNET2IVY 0.005177 -0.019928 0.270413 -0.000303 0.000002 0.000162 0.001808 1
82.243468 124 NATNET2IVY 0.005176 -0.019946 0.270412 -0.000022 -0.000529 -0.000011 0.001954 1
82.277149 124 NATNET2IVY 0.005179 -0.019933 0.270449 0.000079 0.000369 0.001084 0.002376 1
82.310817 124 NATNET2IVY 0.005163 -0.019944 0.270403 -0.000493 -0.000325 -0.001376 0.001950 1
82.344429 124 NATNET2IVY 0.005177 -0.019922 0.270450 0.000430 0.000676 0.001428 0.002162 1
82.378195 124 NATNET2IVY 0.005162 -0.019957 0.270433 -0.000447 -0.001043 -0.000518 0.001897 1
82.411536 124 NATNET2IVY 0.005189 -0.019937 0.270411 0.000818 0.000595 -0.000646 0.001656 1
82.445187 124 NATNET2IVY 0.005176 -0.019922 0.270454 -0.000406 0.000440 0.001287 0.001855 1
82.478437 124 NATNET2IVY 0.005159 -0.019948 0.270434 -0.000492 -0.000769 -0.000618 0.001764 1
82.511705 124 NATNET2IVY 0.005181 -0.019949 0.270438 0.000647 -0.000031 0.000114 0.001875 1
82.545531 124 NATNET2IVY 0.005178 -0.019942 0.270431 -0.000096 0.000207 -0.000199 0.002097 1
82.579116 124 NATNET2IVY 0.005166 -0.019948 0.270440 -0.000351 -0.000177 0.000277 0.001896 1
82.612695 124 NATNET2IVY 0.005204 -0.019966 0.270451 0.001128 -0.000541 0.000325 0.001944 1
82.645914 124 NATNET2IVY 0.005174 -0.019962 0.270411 -0.000876 0.000105 -0.001196 0.002123 1
82.679824 124 NATNET2IVY 0.005169 -0.019975 0.270427 -0.000148 -0.000385 0.000461 0.001624 1
82.713844 124 NATNET2IVY 0.005178 -0.019967 0.270464 0.000263 0.000255 0.001113 0.001955 1
82.747061 124 NATNET2IVY 0.005188 -0.019944 0.270465 0.000293 0.000667 0.000036 0.001969 1
82.780084 124 NATNET2IVY 0.005149 -0.019960 0.270420 0.000293 0.000667 0.000036 0.002008 1
82.816020 124 NATNET2IVY 0.005159 -0.019963 0.270411 -0.000433 -0.000275 -0.000805 0.001536 1
82.850077 124 NATNET2IVY 0.005151 -0.019968 0.270456 -0.000247 -0.000161 0.001337 0.002085 1
82.884149 124 NATNET2IVY 0.005158 -0.019956 0.270449 0.000205 0.000345 -0.000204 0.002170 1
82.917507 124 NATNET2IVY 0.005159 -0.019970 0.270426 0.000032 -0.000405 -0.000680 0.001851 1
82.951277 124 NATNET2IVY 0.005144 -0.019956 0.270408 -0.000430 0.000408 -0.000555 0.001838 1
82.985080 124 NATNET2IVY 0.005149 -0.019962 0.270428 0.000127 -0.000153 0.000615 0.001678 1
83.018360 124 NATNET2IVY 0.005187 -0.019953 0.270469 0.001141 0.000247 0.001225 0.001919 1
83.051761 124 NATNET2IVY 0.005173 -0.019965 0.270438 -0.000399 -0.000345 -0.000940 0.001813 1
83.085541 124 NATNET2IVY 0.005133 -0.019982 0.270429 -0.001197 -0.000505 -0.000260 0.001952 1
83.118839 124 NATNET2IVY 0.005164 -0.019969 0.270408 0.000921 0.000388 -0.000626 0.001949 1
83.152754 124 NATNET2IVY 0.005159 -0.019953 0.270451 -0.000160 0.000462 0.001270 0.002192 1
83.185946 124 NATNET2IVY 0.005148 -0.019978 0.270450 -0.000325 -0.000731 -0.000025 0.002042 1
83.219937 124 NATNET2IVY 0.005181 -0.019972 0.270442 0.000989 0.000155 -0.000228 0.001749 1
83.253097 124 NATNET2IVY 0.005200 -0.019966 0.270413 0.000583 0.000181 -0.000878 0.002083 1
83.286498 124 NATNET2IVY 0.005188 -0.019970 0.270465 -0.000371 -0.000096 0.001577 0.001762 1
83.319821 124 NATNET2IVY 0.005190 -0.019979 0.270453 0.000064 -0.000295 -0.000359 0.001846 1
83.353527 124 NATNET2IVY 0.005198 -0.019977 0.270431 0.000239 0.000084 -0.000679 0.001766 1
83.387398 124 NATNET2IVY 0.005187 -0.019978 0.270439 -0.000326 -0.000040 0.000249 0.002121 1
83.420603 124 NATNET2IVY 0.005193 -0.020007 0.270392 0.000175 -0.000855 -0.001414 0.001782 1
83.454309 124 NATNET2IVY 0.005166 -0.019972 0.270428 -0.000801 0.001036 0.001076 0.001807 1
83.487986 124 NATNET2IVY 0.005182 -0.019970 0.270462 0.000482 0.000068 0.001036 0.001759 1
83.521120 124 NATNET2IVY 0.005159 -0.019983 0.270443 0.000482 0.000068 0.001036 0.001593 1
83.554243 124 NATNET2IVY 0.005202 -0.020008 0.270441 0.000288 -0.000569 -0.000312 0.001911 1
83.587426 124 NATNET2IVY 0.005159 -0.019984 0.270424 -0.001285 0.000702 -0.000527 0.002203 1
83.620542 124 NATNET2IVY 0.005208 -0.019987 0.270417 0.001474 -0.000082 -0.000197 0.001914 1
83.654323 124 NATNET2IVY 0.005206 -0.019989 0.270410 -0.000071 -0.000063 -0.000223 0.001875 1
83.687492 124 NATNET2IVY 0.005186 -0.019970 0.270428 -0.000579 0.000563 0.000543 0.001731 1
83.721277 124 NATNET2IVY 0.005192 -0.019980 0.270420 0.000178 -0.000301 -0.000243 0.001488 1
83.754729 124 NATNET2IVY 0.005182 -0.019986 0.270417 -0.000306 -0.000177 -0.000101 0.001554 1
83.787737 124 NATNET2IVY 0.005179 -0.020016 0.270439 -0.000087 -0.000899 0.000680 0.001864 1
83.822031 124 NATNET2IVY 0.005180 -0.020022 0.270444 -0.000087 -0.000899 0.000680 0.001748 1
83.855971 124 NATNET2IVY 0.005179 -0.019995 0.270448 -0.000003 0.000318 0.000136 0.001648 1
83.889877 124 NATNET2IVY 0.005138 -0.019999 0.270438 -0.001216 -0.000108 -0.000306 0.002092 1
83.923283 124 NATNET2IVY 0.005170 -0.020015 0.270418 0.000949 -0.000498 -0.000604 0.001828 1
83.957221 124 NATNET2IVY 0.005175 -0.019987 0.270428 0.000155 0.000855 0.000296 0.001866 1
83.991110 124 NATNET2IVY 0.005176 -0.019994 0.270413 0.000038 -0.000212 -0.000458 0.001932 1
84.024684 124 NATNET2IVY 0.005173 -0.019997 0.270400 -0.000091 -0.000107 -0.000365 0.001545 1
84.058305 124 NATNET2IVY 0.005190 -0.019994 0.270399 0.000503 0.000090 -0.000044 0.001626 1
84.091496 124 NATNET2IVY 0.005204 -0.019974 0.270410 0.000412 0.000620 0.000324 0.001686 1
84.124965 124 NATNET2IVY 0.005196 -0.020004 0.270397 -0.000241 -0.000913 -0.000369 0.001925 1
84.158407 124 NATNET2IVY 0.005193 -0.019992 0.270391 -0.000078 0.000367 -0.000207 0.001522 1
84.191701 124 NATNET2IVY 0.005173 -0.019973 0.270404 -0.000602 0.000564 0.000413 0.001638 1
84.225308 124 NATNET2IVY 0.005180 -0.020006 0.270383 0.000212 -0.000996 -0.000650 0.001544 1
84.258977 124 NATNET2IVY 0.005194 -0.020004 0.270407 0.000409 0.000077 0.000746 0.001402 1
84.292920 124 NATNET2IVY 0.005170 -0.019980 0.270416 -0.000706 0.000709 0.000246 0.001715 1
84.326545 124 NATNET2IVY 0.005198 -0.019965 0.270414 0.000827 0.000460 -0.000055 0.001960 1
84.359763 124 NATNET2IVY 0.005193 -0.019984 0.270380 -0.000137 -0.000570 -0.001017 0.001868 1
84.393606 124 NATNET2IVY 0.005173 -0.019990 0.270374 -0.000598 -0.000179 -0.000180 0.001770 1
84.426818 124 NATNET2IVY 0.005168 -0.019957 0.270417 -0.000149 0.000987 0.001290 0.001856 1
84.460653 124 NATNET2IVY 0.005172 -0.019968 0.270439 0.000120 -0.000324 0.000648 0.001726 1
84.494707 124 NATNET2IVY 0.005171 -0.019978 0.270415 -0.000041 -0.000321 -0.000695 0.001971 1
84.528653 124 NATNET2IVY 0.005173 -0.019955 0.270411 0.000065 0.000703 -0.000120 0.001571 1
84.561902 124 NATNET2IVY 0.005193 -0.019965 0.270411 0.000597 -0.000289 -0.000007 0.001563 1
84.595573 124 NATNET2IVY 0.005174 -0.019966 0.270426 -0.000581 -0.000043 0.000454 0.001693 1
84.628768 124 NATNET2IVY 0.005187 -0.019959 0.270450 0.000382 0.000225 0.000712 0.001866 1
84.662471 124 NATNET2IVY 0.005185 -0.019930 0.270421 -0.000046 0.000855 -0.000857 0.001967 1
84.695912 124 NATNET2IVY 0.005167 -0.019935 0.270410 -0.000549 -0.000145 -0.000351 0.001825 1
84.729223 124 NATNET2IVY 0.005181 -0.019959 0.270399 0.000425 -0.000731 -0.000333 0.001641 1
84.762450 124 NATNET2IVY 0.005087 -0.020006 0.270335 -0.002830 -0.001408 -0.001921 0.002538 1
84.795943 124 NATNET2IVY 0.005172 -0.019938 0.270416 0.002575 0.002057 0.002450 0.002167 1
84.829174 124 NATNET2IVY 0.005162 -0.019945 0.270451 -0.000304 -0.000226 0.001037 0.002205 1
84.862485 124 NATNET2IVY 0.005168 -0.019950 0.270406 0.000170 -0.000145 -0.001355 0.001967 1
84.895867 124 NATNET2IVY 0.005171 -0.019940 0.270378 0.000098 0.000310 -0.000843 0.002099 1
84.929151 124 NATNET2IVY 0.005231 -0.019923 0.270480 0.001784 0.000493 0.003068 0.002169 1
84.962378 124 NATNET2IVY 0.005182 -0.019952 0.270447 -0.001462 -0.000870 -0.000995 0.001827 1
84.995886 124 NATNET2IVY 0.005052 -0.019988 0.270332 -0.003911 -0.001066 -0.003431 0.002763 1
85.029204 124 NATNET2IVY 0.005187 -0.019941 0.270407 0.004065 0.001411 0.002252 0.001753 1
85.062594 124 NATNET2IVY 0.005185 -0.019962 0.270399 -0.000058 -0.000643 -0.000241 0.001896 1
85.095884 124 NATNET2IVY 0.005177 -0.019956 0.270431 -0.000252 0.000173 0.000959 0.001971 1
85.129058 124 NATNET2IVY 0.005211 -0.019935 0.270461 0.001035 0.000631 0.000891 0.001960 1
85.162305 124 NATNET2IVY 0.005194 -0.019972 0.270426 -0.000519 -0.001088 -0.001046 0.001702 1
85.195748 124 NATNET2IVY 0.005185 -0.019960 0.270420 -0.000254 0.000345 -0.000174 0.001776 1
85.229058 124 NATNET2IVY 0.005174 -0.019956 0.270393 -0.000344 0.000118 -0.000827 0.001724 1
85.262493 124 NATNET2IVY 0.005183 -0.019965 0.270435 0.000261 -0.000259 0.001282 0.001546 1
85.296130 124 NATNET2IVY 0.005149 -0.019968 0.270438 -0.001014 -0.000087 0.000085 0.001774 1
85.330148 124 NATNET2IVY 0.005180 -0.019969 0.270430 0.000931 -0.000053 -0.000252 0.001721 1
85.363895 124 NATNET2IVY 0.005192 -0.019980 0.270447 0.000366 -0.000314 0.000518 0.001515 1
85.397111 124 NATNET2IVY 0.005178 -0.019992 0.270442 -0.000418 -0.000351 -0.000164 0.001635 1
85.430446 124 NATNET2IVY 0.005161 -0.019974 0.270445 -0.000507 0.000538 0.000111 0.002044 1
85.463698 124 NATNET2IVY 0.005205 -0.019973 0.270445 0.001314 0.000021 -0.000019 0.001674 1
85.496945 124 NATNET2IVY 0.005182 -0.019998 0.270425 -0.000682 -0.000745 -0.000604 0.001900 1
85.530365 124 NATNET2IVY 0.005185 -0.019987 0.270454 0.000089 0.000323 0.000882 0.001680 1
85.564381 124 NATNET2IVY 0.005218 -0.019980 0.270441 0.000991 0.000223 -0.000383 0.001541 1
85.597986 124 NATNET2IVY 0.005184 -0.019982 0.270435 -0.001039 -0.000068 -0.000201 0.001837 1
85.631281 124 NATNET2IVY 0.005169 -0.019988 0.270420 -0.000431 -0.000199 -0.000438 0.001759 1
85.664498 124 NATNET2IVY 0.005188 -0.019992 0.270429 0.000550 -0.000120 0.000275 0.001555 1
85.697868 124 NATNET2IVY 0.005206 -0.020002 0.270432 0.000550 -0.000272 0.000086 0.001700 1
85.731431 124 NATNET2IVY 0.005210 -0.019990 0.270450 0.000128 0.000346 0.000552 0.001658 1
85.764598 124 NATNET2IVY 0.005187 -0.019985 0.270423 -0.000706 0.000137 -0.000823 0.001279 1
85.797917 124 NATNET2IVY 0.005176 -0.020010 0.270436 -0.000330 -0.000735 0.000383 0.001696 1
85.831787 124 NATNET2IVY 0.005181 -0.020003 0.270406 0.000149 0.000198 -0.000890 0.002085 1
85.865488 124 NATNET2IVY 0.005184 -0.020005 0.270428 0.000113 -0.000058 0.000655 0.001649 1
85.898985 124 NATNET2IVY 0.005167 -0.020008 0.270438 -0.000517 -0.000071 0.000312 0.001453 1
85.932712 124 NATNET2IVY 0.005180 -0.020005 0.270445 0.000377 0.000072 0.000212 0.001784 1
85.967917 124 NATNET2IVY 0.005217 -0.019991 0.270437 0.001117 0.000418 -0.000243 0.001570 1
86.002102 124 NATNET2IVY 0.005193 -0.019995 0.270424 -0.000724 -0.000116 -0.000405 0.001735 1
86.035362 124 NATNET2IVY 0.005182 -0.020008 0.270391 -0.000320 -0.000370 -0.000996 0.001570 1
86.068851 124 NATNET2IVY 0.005221 -0.019990 0.270456 0.001160 0.000535 0.001977 0.001433 1
86.102963 124 NATNET2IVY 0.005205 -0.020003 0.270426 -0.000466 -0.000400 -0.000924 0.001918 1
86.136556 124 NATNET2IVY 0.005216 -0.019997 0.270435 0.000310 0.000192 0.000294 0.001727 1
86.169951 124 NATNET2IVY 0.005205 -0.019980 0.270431 -0.000322 0.000513 -0.000123 0.001898 1
86.203261 124 NATNET2IVY 0.005197 -0.019981 0.270425 -0.000244 -0.000039 -0.000195 0.001727 1
86.236623 124 NATNET2IVY 0.005173 -0.019984 0.270436 -0.000700 -0.000087 0.000345 0.001806 1
86.270670 124 NATNET2IVY 0.005186 -0.019978 0.270424 0.000365 0.000177 -0.000384 0.001756 1
86.304082 124 NATNET2IVY 0.005218 -0.019979 0.270450 0.000962 -0.000035 0.000805 0.001772 1
86.341838 124 NATNET2IVY 0.005205 -0.019979 0.270424 -0.000381 0.000003 -0.000804 0.001851 1
86.375300 124 NATNET2IVY 0.005195 -0.019990 0.270412 -0.000294 -0.000329 -0.000353 0.001642 1
86.408566 124 NATNET2IVY 0.005187 -0.019993 0.270399 -0.000235 -0.000108 -0.000398 0.001750 1
86.442670 124 NATNET2IVY 0.005153 -0.020002 0.270395 -0.001035 -0.000264 -0.000111 0.001800 1
86.475842 124 NATNET2IVY 0.005163 -0.019998 0.270397 0.000321 0.000125 0.000057 0.001908 1
86.509284 124 NATNET2IVY 0.005172 -0.019969 0.270438 0.000266 0.000880 0.001241 0.001729 1
86.542637 124 NATNET2IVY 0.005139 -0.019978 0.270410 -0.000996 -0.000267 -0.000834 0.002101 1
86.576050 124 NATNET2IVY 0.005157 -0.019976 0.270419 0.000533 0.000046 0.000253 0.001665 1
86.609528 124 NATNET2IVY 0.005160 -0.019977 0.270442 0.000108 -0.000019 0.000703 0.001890 1
86.643547 124 NATNET2IVY 0.005159 -0.020006 0.270398 -0.000059 -0.000888 -0.001340 0.001795 1
86.676785 124 NATNET2IVY 0.005142 -0.019986 0.270373 -0.000494 0.000619 -0.000723 0.001987 1
86.710431 124 NATNET2IVY 0.005139 -0.019970 0.270380 -0.000097 0.000483 0.000206 0.001827 1
86.743890 124 NATNET2IVY 0.005159 -0.019969 0.270400 0.000601 0.000016 0.000598 0.001600 1
86.777835 124 NATNET2IVY 0.005159 -0.019973 0.270398 0.000005 -0.000128 -0.000080 0.001737 1
86.811409 124 NATNET2IVY 0.005165 -0.019982 0.270385 0.000174 -0.000245 -0.000363 0.001926 1
86.845351 124 NATNET2IVY 0.005161 -0.020022 0.270365 -0.000115 -0.001228 -0.000608 0.001575 1
86.879054 124 NATNET2IVY 0.005167 -0.019984 0.270403 0.000188 0.001147 0.001135 0.001807 1
86.912493 124 NATNET2IVY 0.005170 -0.019964 0.270389 0.000078 0.000594 -0.000411 0.001997 1
86.945978 124 NATNET2IVY 0.005164 -0.019968 0.270404 -0.000161 -0.000105 0.000445 0.001772 1
86.978989 124 NATNET2IVY 0.005179 -0.019981 0.270376 0.000437 -0.000395 -0.000859 0.002132 1
87.012229 124 NATNET2IVY 0.005167 -0.019974 0.270399 -0.000350 0.000225 0.000701 0.001857 1
87.045592 124 NATNET2IVY 0.005144 -0.019968 0.270436 -0.000703 0.000176 0.001117 0.002078 1
87.079028 124 NATNET2IVY 0.005173 -0.019978 0.270384 0.000858 -0.000307 -0.001560 0.001923 1
87.112390 124 NATNET2IVY 0.005178 -0.019998 0.270395 0.000157 -0.000612 0.000336 0.001522 1
87.145632 124 NATNET2IVY 0.005153 -0.019981 0.270392 -0.000736 0.000529 -0.000101 0.002048 1
87.179075 124 NATNET2IVY 0.005176 -0.019986 0.270393 0.000691 -0.000167 0.000038 0.001475 1
87.212739 124 NATNET2IVY 0.005164 -0.019986 0.270378 -0.000358 0.000022 -0.000457 0.001848 1
87.246778 124 NATNET2IVY 0.005180 -0.019976 0.270402 0.000460 0.000280 0.000733 0.002336 1
87.280210 124 NATNET2IVY 0.005174 -0.019990 0.270387 -0.000156 -0.000417 -0.000452 0.001666 1
87.313655 124 NATNET2IVY 0.005187 -0.019994 0.270369 0.000381 -0.000119 -0.000564 0.001695 1
87.348486 124 NATNET2IVY 0.005171 -0.020007 0.270377 0.000381 -0.000119 -0.000564 0.001880 1
87.382159 124 NATNET2IVY 0.005178 -0.020010 0.270383 -0.000138 -0.000245 0.000222 0.001989 1
87.415461 124 NATNET2IVY 0.005193 -0.020030 0.270375 0.000451 -0.000579 -0.000239 0.001681 1
87.449165 124 NATNET2IVY 0.005194 -0.019998 0.270377 0.000039 0.000954 0.000053 0.001887 1
87.482608 124 NATNET2IVY 0.005205 -0.020023 0.270373 0.000316 -0.000745 -0.000119 0.001669 1
87.516605 124 NATNET2IVY 0.005181 -0.020019 0.270399 -0.000712 0.000107 0.000788 0.001843 1
87.550247 124 NATNET2IVY 0.005192 -0.020001 0.270392 0.000340 0.000558 -0.000236 0.002036 1
87.584046 124 NATNET2IVY 0.005181 -0.020012 0.270359 -0.000333 -0.000332 -0.000975 0.002034 1
87.617560 124 NATNET2IVY 0.005202 -0.020005 0.270378 0.000635 0.000207 0.000566 0.001815 1
87.650997 124 NATNET2IVY 0.005192 -0.020033 0.270354 -0.000301 -0.000839 -0.000725 0.002014 1
87.685068 124 NATNET2IVY 0.005212 -0.020039 0.270411 0.000575 -0.000175 0.001722 0.001568 1
87.718687 124 NATNET2IVY 0.005203 -0.020033 0.270415 -0.000270 0.000183 0.000106 0.001488 1
87.751852 124 NATNET2IVY 0.005218 -0.020062 0.270371 0.000475 -0.000873 -0.001319 0.001609 1
87.785311 124 NATNET2IVY 0.005206 -0.020048 0.270341 -0.000378 0.000394 -0.000906 0.001678 1
87.818586 124 NATNET2IVY 0.005242 -0.020031 0.270323 0.001089 0.000517 -0.000540 0.001497 1
87.852080 124 NATNET2IVY 0.005205 -0.020024 0.270357 -0.001109 0.000225 0.001037 0.001701 1
87.886072 124 NATNET2IVY 0.005228 -0.020041 0.270426 0.000672 -0.000530 0.002073 0.001239 1
87.919727 124 NATNET2IVY 0.005223 -0.020038 0.270360 -0.000129 0.000088 -0.001972 0.001465 1
87.953010 124 NATNET2IVY 0.005235 -0.020066 0.270345 0.000359 -0.000828 -0.000458 0.001205 1
87.986616 124 NATNET2IVY 0.005218 -0.020038 0.270383 -0.000506 0.000854 0.001126 0.001864 1
88.020656 124 NATNET2IVY 0.005250 -0.020045 0.270413 0.000963 -0.000219 0.000906 0.001377 1
88.054228 124 NATNET2IVY 0.005240 -0.020044 0.270423 -0.000322 0.000024 0.000299 0.001419 1
88.087797 124 NATNET2IVY 0.005230 -0.020045 0.270407 -0.000299 -0.000033 -0.000481 0.002027 1
88.120978 124 NATNET2IVY 0.005252 -0.020039 0.270434 -0.000299 -0.000033 -0.000481 0.001211 1
88.154169 124 NATNET2IVY 0.005224 -0.020050 0.270425 -0.000084 -0.000079 0.000274 0.001510 1
88.187580 124 NATNET2IVY 0.005237 -0.020044 0.270408 0.000371 0.000190 -0.000502 0.001345 1
88.220815 124 NATNET2IVY 0.005225 -0.020036 0.270454 0.000371 0.000190 -0.000502 0.001436 1
88.253875 124 NATNET2IVY 0.005235 -0.020047 0.270433 -0.000025 -0.000047 0.000376 0.001397 1
88.287425 124 NATNET2IVY 0.005208 -0.020049 0.270452 -0.000808 -0.000056 0.000570 0.001389 1
88.321384 124 NATNET2IVY 0.005251 -0.020057 0.270486 0.001277 -0.000250 0.000999 0.001322 1
88.355227 124 NATNET2IVY 0.005237 -0.020068 0.270471 -0.000404 -0.000308 -0.000456 0.001434 1
88.389021 124 NATNET2IVY 0.005201 -0.020080 0.270489 -0.001078 -0.000373 0.000547 0.001207 1
88.422567 124 NATNET2IVY 0.005232 -0.020108 0.270536 0.000941 -0.000844 0.001431 0.001183 1
88.456614 124 NATNET2IVY 0.005236 -0.020095 0.270515 0.000104 0.000389 -0.000658 0.001242 1
88.490629 124 NATNET2IVY 0.005227 -0.020109 0.270476 -0.000267 -0.000414 -0.001163 0.001466 1
88.524319 124 NATNET2IVY 0.005219 -0.020110 0.270521 -0.000228 -0.000038 0.001348 0.001276 1
88.557659 124 NATNET2IVY 0.005260 -0.020128 0.270538 0.001217 -0.000542 0.000515 0.000972 1
88.590957 124 NATNET2IVY 0.005238 -0.020130 0.270489 -0.000673 -0.000053 -0.001463 0.001589 1
88.624610 124 NATNET2IVY 0.005229 -0.020129 0.270517 -0.000265 0.000022 0.000824 0.001449 1
88.658319 124 NATNET2IVY 0.005198 -0.020114 0.270517 -0.000911 0.000453 0.000027 0.001116 1
88.691831 124 NATNET2IVY 0.005223 -0.020120 0.270535 0.000747 -0.000175 0.000512 0.001693 1
88.725248 124 NATNET2IVY 0.005238 -0.020101 0.270462 0.000444 0.000562 -0.002191 0.001537 1
88.759189 124 NATNET2IVY 0.005208 -0.020109 0.270454 -0.000908 -0.000225 -0.000221 0.001147 1
88.793189 124 NATNET2IVY 0.005232 -0.020094 0.270439 0.000725 0.000444 -0.000443 0.001446 1
88.826614 124 NATNET2IVY 0.005243 -0.020092 0.270447 0.000328 0.000075 0.000241 0.001160 1
88.860665 124 NATNET2IVY 0.005229 -0.020058 0.270456 -0.000404 0.000996 0.000244 0.001045 1
88.894613 124 NATNET2IVY 0.005230 -0.020092 0.270431 0.000023 -0.000998 -0.000751 0.001263 1
88.928424 124 NATNET2IVY 0.005262 -0.020101 0.270427 0.000958 -0.000265 -0.000098 0.000868 1
88.962170 124 NATNET2IVY 0.005264 -0.020083 0.270451 0.000044 0.000521 0.000712 0.001354 1
88.995691 124 NATNET2IVY 0.005235 -0.020080 0.270443 -0.000872 0.000092 -0.000247 0.001350 1
89.028994 124 NATNET2IVY 0.005226 -0.020074 0.270448 -0.000247 0.000188 0.000170 0.001330 1
89.062255 124 NATNET2IVY 0.005259 -0.020047 0.270426 0.000979 0.000817 -0.000673 0.001360 1
89.095766 124 NATNET2IVY 0.005243 -0.020048 0.270444 -0.000467 -0.000029 0.000539 0.001480 1
89.129142 124 NATNET2IVY 0.005265 -0.020061 0.270434 0.000654 -0.000407 -0.000310 0.001184 1
89.162385 124 NATNET2IVY 0.005277 -0.020052 0.270455 0.000356 0.000287 0.000631 0.001222 1
89.195585 124 NATNET2IVY 0.005226 -0.020041 0.270448 -0.001525 0.000317 -0.000205 0.001582 1
89.228908 124 NATNET2IVY 0.005231 -0.020042 0.270418 0.000157 -0.000016 -0.000892 0.001477 1
89.262415 124 NATNET2IVY 0.005248 -0.020020 0.270460 0.000509 0.000640 0.00