151.8136 124 DELFLY_STATEESTIMATION 3 0 0.033333 10.000000 0 8308 -5099 -3217 7679 -3839 21119 8308 -5099 -3217 0 0 0 450 -192 468
151.8137 124 RPM_SENSOR 0 0 106.666664 0.000000 0.000000 0.000000 0.000000 0
151.8137 124 DELFLY_SPEEDCTRL 1 0 0 0 8585 21119 0 0 0 0 0 0 0.000000 0 0 0.000000 0 0 0.000000
151.8155 124 DELFLY_STATE 0 8308 -5099 -3217 7679 -3839 21119 7679 -3839 21119 787 -112 899 8585 8585 1662 0 23590 0.000000 5
151.8156 124 RPM_SENSOR 0 0 106.666664 0.000000 0.000000 0.000000 0.000000 0
151.8157 124 DELFLY_SPEEDCTRL 1 0 0 0 8585 21119 0 0 0 0 0 0 0.000000 0 0 0.000000 0 0 0.000000
151.8175 124 DELFLY_GUIDANCE 14 0 0 0 0 0 0 0 0 0 0 0 0 0 0 0 0 0 0 0 0
151.8176 124 RPM_SENSOR 0 0 106.666664 0.000000 0.000000 0.000000 0.000000 0
151.8177 124 DELFLY_SPEEDCTRL 1 0 0 0 8585 21119 0 0 0 0 0 0 0.000000 0 0 0.000000 0 0 0.000000
151.8216 124 STAB_ATTITUDE_INT 93 91 -190 910 -1086 1661 0 0 0 0 0 0 0 0 0 0 0 0 -127 260 0
151.8217 124 RPM_SENSOR 0 0 106.666664 0.000000 0.000000 0.000000 0.000000 0
151.8217 124 DELFLY_SPEEDCTRL 1 0 0 0 8585 21119 0 0 0 0 0 0 0.000000 0 0 0.000000 0 0 0.000000
151.8234 124 DELFLY_STATEESTIMATION 3 0 0.033333 10.000000 0 8308 -5099 -3217 7679 -3839 21119 8308 -5099 -3217 0 0 0 349 -194 431
151.8235 124 RPM_SENSOR 0 0 106.666664 0.000000 0.000000 0.000000 0.000000 0
151.8235 124 DELFLY_SPEEDCTRL 1 0 0 0 8585 21119 0 0 0 0 0 0 0.000000 0 0 0.000000 0 0 0.000000
151.8253 124 DELFLY_STATE 0 8308 -5099 -3217 7679 -3839 21119 7679 -3839 21119 787 -112 899 8585 8585 1661 0 23590 0.000000 5
151.8292 124 RPM_SENSOR 0 0 106.666664 0.000000 0.000000 0.000000 0.000000 0
151.8293 124 DELFLY_SPEEDCTRL 1 0 0 0 8585 21119 0 0 0 0 0 0 0.000000 0 0 0.000000 0 0 0.000000
151.8313 124 STAB_ATTITUDE_INT 118 0 -96 911 -1086 1659 0 0 0 0 0 0 0 0 0 0 0 0 -127 260 0
151.8314 124 RPM_SENSOR 0 0 106.666664 0.000000 0.000000 0.000000 0.000000 0
151.8314 124 DELFLY_SPEEDCTRL 1 0 0 0 8585 21119 0 0 0 0 0 0 0.000000 0 0 0.000000 0 0 0.000000
151.8331 124 DELFLY_STATEESTIMATION 3 0 0.033333 10.000000 0 8308 -5099 -3217 7679 -3839 21119 8308 -5099 -3217 0 0 0 334 -296 432
151.8332 124 RPM_SENSOR 0 0 106.666664 0.000000 0.000000 0.000000 0.000000 0
151.8345 124 GPS_DIAGNOSTICS 1 197 29.475049 0.033927 33927 100 -62 -38 8325 -5071 -3239
151.8370 124 DELFLY_GUIDANCE 14 0 0 0 0 0 0 0 0 0 0 0 0 0 0 0 0 0 0 0 0
151.8372 124 RPM_SENSOR 0 0 106.666664 0.000000 0.000000 0.000000 0.000000 0
151.8372 124 DELFLY_SPEEDCTRL 1 0 0 0 8585 21119 0 0 0 0 0 0 0.000000 0 0 0.000000 0 0 0.000000
151.8390 124 DELFLY_FLAPCONTROL 0.000000 0.000000 0.000000 0 0.000000 0
151.8390 124 RPM_SENSOR 0 0 106.666664 0.000000 0.000000 0.000000 0.000000 0
151.8391 124 DELFLY_SPEEDCTRL 1 0 0 0 62891 -42239 0 0 0 0 0 0 0.000000 0 0 0.000000 0 0 0.000000
151.8410 124 STAB_ATTITUDE_INT 178 -52 -6 914 -1086 1657 0 0 0 0 0 0 0 0 0 0 0 0 -151 260 0
151.8412 124 RPM_SENSOR 0 0 106.666664 0.000000 0.000000 0.000000 0.000000 0
151.8449 124 DELFLY_STATE 2 8325 -5071 -3239 32639 53759 -42239 32639 53759 -42239 1255 1255 -1255 62891 62891 1657 0 4003 0.000000 5
151.8450 124 RPM_SENSOR 0 0 106.666664 0.000000 0.000000 0.000000 0.000000 0
151.8450 124 DELFLY_SPEEDCTRL 1 0 0 0 62891 -42239 0 0 0 0 0 0 0.000000 0 0 0.000000 0 0 0.000000
151.8468 124 RPM_SENSOR 0 0 106.666664 0.000000 0.000000 0.000000 0.000000 0
151.8468 124 DELFLY_SPEEDCTRL 1 0 0 0 62891 -42239 0 0 0 0 0 0 0.000000 0 0 0.000000 0 0 0.000000
151.8487 124 RPM_SENSOR 0 0 106.666664 0.000000 0.000000 0.000000 0.000000 0
151.8488 124 DELFLY_SPEEDCTRL 1 0 0 0 62891 -42239 0 0 0 0 0 0 0.000000 0 0 0.000000 0 0 0.000000
151.8508 124 RPM_SENSOR 0 0 106.666664 0.000000 0.000000 0.000000 0.000000 0
151.8527 124 DELFLY_STATEESTIMATION 3 2 0.033333 10.000000 0 8325 -5071 -3239 32639 53759 -42239 8325 -5071 -3239 0 0 0 623 -513 210
151.8528 124 RPM_SENSOR 0 0 106.666664 0.000000 0.000000 0.000000 0.000000 0
151.8528 124 DELFLY_SPEEDCTRL 1 0 0 0 62891 -42239 0 0 0 0 0 0 0.000000 0 0 0.000000 0 0 0.000000
151.8547 124 DELFLY_STATE 2 8325 -5071 -3239 32639 53759 -42239 32639 53759 -42239 1255 1255 -1255 62891 62891 1656 0 4003 0.000000 5
151.8548 124 RPM_SENSOR 0 0 106.666664 0.000000 0.000000 0.000000 0.000000 0
151.8549 124 DELFLY_SPEEDCTRL 1 0 0 0 62891 -42239 0 0 0 0 0 0 0.000000 0 0 0.000000 0 0 0.000000
151.8566 124 DELFLY_GUIDANCE 14 0 0 0 0 0 0 0 0 0 0 0 0 0 0 0 0 0 0 0 0
151.8567 124 RPM_SENSOR 0 0 106.666664 0.000000 0.000000 0.000000 0.000000 0
151.8606 124 STAB_ATTITUDE_INT -21 -143 50 916 -1087 1657 0 0 0 0 0 0 0 0 0 0 0 0 -155 260 0
151.8607 124 RPM_SENSOR 0 0 106.666664 0.000000 0.000000 0.000000 0.000000 0
151.8608 124 DELFLY_SPEEDCTRL 1 0 0 0 62891 -42239 0 0 0 0 0 0 0.000000 0 0 0.000000 0 0 0.000000
151.8624 124 DELFLY_STATEESTIMATION 3 2 0.033333 10.000000 0 8325 -5071 -3239 32639 53759 -42239 8325 -5071 -3239 0 0 0 521 -633 47
151.8625 124 RPM_SENSOR 0 0 106.666664 0.000000 0.000000 0.000000 0.000000 0
151.8626 124 DELFLY_SPEEDCTRL 1 0 0 0 62891 -42239 0 0 0 0 0 0 0.000000 0 0 0.000000 0 0 0.000000
151.8644 124 DELFLY_STATE 2 8325 -5071 -3239 32639 53759 -42239 32639 53759 -42239 1255 1255 -1255 62891 62891 1657 0 4003 0.000000 5
151.8670 124 GPS_DIAGNOSTICS 1 198 0.154446 6.474770 6474770 100 -62 -38 8326 -5071 -3239
151.8672 124 RPM_SENSOR 0 0 106.666664 0.000000 0.000000 0.000000 0.000000 0
151.8673 124 DELFLY_SPEEDCTRL 1 0 0 0 62891 -42239 0 0 0 0 0 0 0.000000 0 0 0.000000 0 0 0.000000
151.8683 124 RPM_SENSOR 0 0 106.666664 0.000000 0.000000 0.000000 0.000000 0
151.8683 124 DELFLY_SPEEDCTRL 1 0 0 0 62891 -42239 0 0 0 0 0 0 0.000000 0 0 0.000000 0 0 0.000000
151.8703 124 STAB_ATTITUDE_INT -43 -160 -51 916 -1088 1655 0 0 0 0 0 0 0 0 0 0 0 0 -155 260 0
151.8705 124 RPM_SENSOR 0 0 106.666664 0.000000 0.000000 0.000000 0.000000 0
151.8705 124 DELFLY_SPEEDCTRL 1 0 0 0 1919 0 0 0 0 0 0 0 0.000000 0 0 0.000000 0 0 0.000000
151.8761 124 DELFLY_GUIDANCE 14 0 0 0 0 0 0 0 0 0 0 0 0 0 0 0 0 0 0 0 0
151.8762 124 RPM_SENSOR 0 0 106.666664 0.000000 0.000000 0.000000 0.000000 0
151.8763 124 DELFLY_SPEEDCTRL 1 0 0 0 1919 0 0 0 0 0 0 0 0.000000 0 0 0.000000 0 0 0.000000
151.8780 124 DELFLY_FLAPCONTROL 0.000000 0.000000 0.000000 0 0.000000 0
151.8781 124 RPM_SENSOR 0 0 106.666664 0.000000 0.000000 0.000000 0.000000 0
151.8781 124 DELFLY_SPEEDCTRL 1 0 0 0 1919 0 0 0 0 0 0 0 0.000000 0 0 0.000000 0 0 0.000000
151.8801 124 STAB_ATTITUDE_INT -56 -176 -182 916 -1089 1653 0 0 0 0 0 0 0 0 0 0 0 0 -151 264 0
151.8802 124 RPM_SENSOR 0 0 106.666664 0.000000 0.000000 0.000000 0.000000 0
151.8840 124 DELFLY_STATE 2 8326 -5071 -3239 1919 0 0 1919 0 0 -1255 -1255 1255 1919 1919 1653 0 4 0.000000 5
151.8841 124 RPM_SENSOR 0 0 106.666664 0.000000 0.000000 0.000000 0.000000 0
151.8841 124 DELFLY_SPEEDCTRL 1 0 0 0 1919 0 0 0 0 0 0 0 0.000000 0 0 0.000000 0 0 0.000000
151.8858 124 RPM_SENSOR 0 0 106.666664 0.000000 0.000000 0.000000 0.000000 0
151.8859 124 DELFLY_SPEEDCTRL 1 0 0 0 1919 0 0 0 0 0 0 0 0.000000 0 0 0.000000 0 0 0.000000
151.8878 124 RPM_SENSOR 0 0 106.666664 0.000000 0.000000 0.000000 0.000000 0
151.8879 124 DELFLY_SPEEDCTRL 1 0 0 0 1919 0 0 0 0 0 0 0 0.000000 0 0 0.000000 0 0 0.000000
151.8899 124 RPM_SENSOR 0 0 106.666664 0.000000 0.000000 0.000000 0.000000 0
151.8917 124 DELFLY_STATEESTIMATION 3 2 0.033333 10.000000 0 8326 -5071 -3239 1919 0 0 8326 -5071 -3239 0 0 0 246 -658 118
151.8918 124 RPM_SENSOR 0 0 106.666664 0.000000 0.000000 0.000000 0.000000 0
151.8919 124 DELFLY_SPEEDCTRL 1 0 0 0 1919 0 0 0 0 0 0 0 0.000000 0 0 0.000000 0 0 0.000000
151.8937 124 DELFLY_STATE 2 8326 -5071 -3239 1919 0 0 1919 0 0 -1255 -1255 1255 1919 1919 1649 0 4 0.000000 5
151.8938 124 RPM_SENSOR 0 0 106.666664 0.000000 0.000000 0.000000 0.000000 0
151.8938 124 DELFLY_SPEEDCTRL 1 0 0 0 1919 0 0 0 0 0 0 0 0.000000 0 0 0.000000 0 0 0.000000
151.8956 124 DELFLY_GUIDANCE 14 0 0 0 0 0 0 0 0 0 0 0 0 0 0 0 0 0 0 0 0
151.8957 124 RPM_SENSOR 0 0 106.666664 0.000000 0.000000 0.000000 0.000000 0
151.9002 124 GPS_DIAGNOSTICS 1 199 30.743690 0.032527 32527 100 -62 -38 8328 -5070 -3238
151.9005 124 STAB_ATTITUDE_INT -18 -273 -252 918 -1093 1647 0 0 0 0 0 0 0 0 0 0 0 0 -106 288 0
151.9006 124 RPM_SENSOR 0 0 106.666664 0.000000 0.000000 0.000000 0.000000 0
151.9007 124 DELFLY_SPEEDCTRL 1 0 0 0 1919 0 0 0 0 0 0 0 0.000000 0 0 0.000000 0 0 0.000000
151.9015 124 DELFLY_STATEESTIMATION 3 0 0.033333 10.000000 0 8328 -5070 -3238 3839 1919 1919 8328 -5070 -3238 0 0 0 340 -447 204
151.9016 124 RPM_SENSOR 0 0 106.666664 0.000000 0.000000 0.000000 0.000000 0
151.9016 124 DELFLY_SPEEDCTRL 1 0 0 0 4291 1919 0 0 0 0 0 0 0.000000 0 0 0.000000 0 0 0.000000
151.9034 124 RPM_SENSOR 0 0 106.666664 0.000000 0.000000 0.000000 0.000000 0
151.9054 124 RPM_SENSOR 0 0 106.666664 0.000000 0.000000 0.000000 0.000000 0
151.9055 124 DELFLY_SPEEDCTRL 1 0 0 0 4291 1919 0 0 0 0 0 0 0.000000 0 0 0.000000 0 0 0.000000
151.9073 124 RPM_SENSOR 0 0 106.666664 0.000000 0.000000 0.000000 0.000000 0
151.9074 124 DELFLY_SPEEDCTRL 1 0 0 0 4291 1919 0 0 0 0 0 0 0.000000 0 0 0.000000 0 0 0.000000
151.9094 124 STAB_ATTITUDE_INT -11 -148 -190 918 -1095 1642 0 0 0 0 0 0 0 0 0 0 0 0 -106 288 0
151.9095 124 RPM_SENSOR 0 0 106.666664 0.000000 0.000000 0.000000 0.000000 0
151.9096 124 DELFLY_SPEEDCTRL 1 0 0 0 4291 1919 0 0 0 0 0 0 0.000000 0 0 0.000000 0 0 0.000000
151.9112 124 RPM_SENSOR 0 0 106.666664 0.000000 0.000000 0.000000 0.000000 0
151.9152 124 DELFLY_GUIDANCE 14 0 0 0 0 0 0 0 0 0 0 0 0 0 0 0 0 0 0 0 0
151.9153 124 RPM_SENSOR 0 0 106.666664 0.000000 0.000000 0.000000 0.000000 0
151.9153 124 DELFLY_SPEEDCTRL 1 0 0 0 4291 1919 0 0 0 0 0 0 0.000000 0 0 0.000000 0 0 0.000000
151.9171 124 DELFLY_FLAPCONTROL 0.000000 0.000000 0.000000 0 0.000000 0
151.9171 124 RPM_SENSOR 0 0 106.666664 0.000000 0.000000 0.000000 0.000000 0
151.9172 124 DELFLY_SPEEDCTRL 1 0 0 0 4291 1919 0 0 0 0 0 0 0.000000 0 0 0.000000 0 0 0.000000
151.9192 124 STAB_ATTITUDE_INT -106 -32 67 918 -1095 1642 0 0 0 0 0 0 0 0 0 0 0 0 -106 288 0
151.9193 124 RPM_SENSOR 0 0 106.666664 0.000000 0.000000 0.000000 0.000000 0
151.9230 124 DELFLY_STATE 0 8328 -5070 -3238 3839 1919 1919 3839 1919 1919 112 112 112 4291 4291 1642 0 2145 0.000000 5
151.9231 124 RPM_SENSOR 0 0 106.666664 0.000000 0.000000 0.000000 0.000000 0
151.9231 124 DELFLY_SPEEDCTRL 1 0 0 0 4291 1919 0 0 0 0 0 0 0.000000 0 0 0.000000 0 0 0.000000
151.9249 124 RPM_SENSOR 0 0 106.666664 0.000000 0.000000 0.000000 0.000000 0
151.9250 124 DELFLY_SPEEDCTRL 1 0 0 0 4291 1919 0 0 0 0 0 0 0.000000 0 0 0.000000 0 0 0.000000
151.9269 124 RPM_SENSOR 0 0 106.666664 0.000000 0.000000 0.000000 0.000000 0
151.9269 124 DELFLY_SPEEDCTRL 1 0 0 0 4291 1919 0 0 0 0 0 0 0.000000 0 0 0.000000 0 0 0.000000
151.9289 124 RPM_SENSOR 0 0 106.666664 0.000000 0.000000 0.000000 0.000000 0
151.9308 124 DELFLY_STATEESTIMATION 3 0 0.033333 10.000000 0 8328 -5070 -3238 3839 1919 1919 8328 -5070 -3238 0 0 0 280 -533 239
151.9309 124 RPM_SENSOR 0 0 106.666664 0.000000 0.000000 0.000000 0.000000 0
151.9309 124 DELFLY_SPEEDCTRL 1 0 0 0 4291 1919 0 0 0 0 0 0 0.000000 0 0 0.000000 0 0 0.000000
151.9334 124 GPS_DIAGNOSTICS 1 200 30.149542 0.033168 33168 100 -62 -38 8330 -5070 -3240
151.9336 124 DELFLY_STATE 0 8328 -5070 -3238 3839 1919 1919 3839 1919 1919 112 112 112 4291 4291 1643 0 2145 0.000000 5
151.9337 124 RPM_SENSOR 0 0 106.666664 0.000000 0.000000 0.000000 0.000000 0
151.9338 124 DELFLY_SPEEDCTRL 1 0 0 0 4291 1919 0 0 0 0 0 0 0.000000 0 0 0.000000 0 0 0.000000
151.9348 124 ROTORCRAFT_FP -158 260 101 0 3839 3839 917 -1097 1642 5 256 512 0 -6080 0
151.9387 124 STAB_ATTITUDE_INT 32 38 4 917 -1097 1641 0 0 0 0 0 0 0 0 0 0 0 0 -123 264 0
151.9388 124 RPM_SENSOR 0 0 106.666664 0.000000 0.000000 0.000000 0.000000 0
151.9389 124 DELFLY_SPEEDCTRL 1 0 0 0 3839 -3839 0 0 0 0 0 0 0.000000 0 0 0.000000 0 0 0.000000
151.9405 124 DELFLY_STATEESTIMATION 3 0 0.033333 10.000000 0 8330 -5070 -3240 3839 0 -3839 8330 -5070 -3240 0 0 0 310 -324 204
151.9406 124 RPM_SENSOR 0 0 106.666664 0.000000 0.000000 0.000000 0.000000 0
151.9407 124 DELFLY_SPEEDCTRL 1 0 0 0 3839 -3839 0 0 0 0 0 0 0.000000 0 0 0.000000 0 0 0.000000
151.9425 124 DELFLY_STATE 0 8330 -5070 -3240 3839 0 -3839 3839 0 -3839 0 -112 -337 3839 3839 1641 0 2 0.000000 5
151.9465 124 RPM_SENSOR 0 0 106.666664 0.000000 0.000000 0.000000 0.000000 0
151.9465 124 DELFLY_SPEEDCTRL 1 0 0 0 3839 -3839 0 0 0 0 0 0 0.000000 0 0 0.000000 0 0 0.000000
151.9485 124 STAB_ATTITUDE_INT -50 266 -1 917 -1096 1641 0 0 0 0 0 0 0 0 0 0 0 0 -127 264 0
151.9486 124 RPM_SENSOR 0 0 106.666664 0.000000 0.000000 0.000000 0.000000 0
151.9486 124 DELFLY_SPEEDCTRL 1 0 0 0 3839 -3839 0 0 0 0 0 0 0.000000 0 0 0.000000 0 0 0.000000
151.9503 124 DELFLY_STATEESTIMATION 3 0 0.033333 10.000000 0 8330 -5070 -3240 3839 0 -3839 8330 -5070 -3240 0 0 0 375 -388 247
151.9504 124 RPM_SENSOR 0 0 106.666664 0.000000 0.000000 0.000000 0.000000 0
151.9523 124 RPM_SENSOR 0 0 106.666664 0.000000 0.000000 0.000000 0.000000 0
151.9542 124 DELFLY_GUIDANCE 14 0 0 0 0 0 0 0 0 0 0 0 0 0 0 0 0 0 0 0 0
151.9543 124 RPM_SENSOR 0 0 106.666664 0.000000 0.000000 0.000000 0.000000 0
151.9544 124 DELFLY_SPEEDCTRL 1 0 0 0 3839 -3839 0 0 0 0 0 0 0.000000 0 0 0.000000 0 0 0.000000
151.9562 124 DELFLY_FLAPCONTROL 0.000000 0.000000 0.000000 0 0.000000 0
151.9562 124 RPM_SENSOR 0 0 106.666664 0.000000 0.000000 0.000000 0.000000 0
151.9563 124 DELFLY_SPEEDCTRL 1 0 0 0 3839 -3839 0 0 0 0 0 0 0.000000 0 0 0.000000 0 0 0.000000
151.9582 124 STAB_ATTITUDE_INT -135 193 45 916 -1093 1642 0 0 0 0 0 0 0 0 0 0 0 0 -127 264 0
151.9583 124 RPM_SENSOR 0 0 106.666664 0.000000 0.000000 0.000000 0.000000 0
151.9601 124 RPM_SENSOR 0 0 106.666664 0.000000 0.000000 0.000000 0.000000 0
151.9621 124 DELFLY_STATE 0 8330 -5070 -3240 3839 0 -3839 3839 0 -3839 0 -112 -337 3839 3839 1642 0 2 0.000000 5
151.9622 124 RPM_SENSOR 0 0 106.666664 0.000000 0.000000 0.000000 0.000000 0
151.9622 124 DELFLY_SPEEDCTRL 1 0 0 0 3839 -3839 0 0 0 0 0 0 0.000000 0 0 0.000000 0 0 0.000000
151.9640 124 RPM_SENSOR 0 0 106.666664 0.000000 0.000000 0.000000 0.000000 0
151.9640 124 DELFLY_SPEEDCTRL 1 0 0 0 3839 -3839 0 0 0 0 0 0 0.000000 0 0 0.000000 0 0 0.000000
151.9659 124 RPM_SENSOR 0 0 106.666664 0.000000 0.000000 0.000000 0.000000 0
151.9660 124 DELFLY_SPEEDCTRL 1 0 0 0 3839 -3839 0 0 0 0 0 0 0.000000 0 0 0.000000 0 0 0.000000
151.9685 124 GPS_DIAGNOSTICS 1 201 30.114133 0.033207 33207 100 -62 -38 8331 -5070 -3241
151.9699 124 DELFLY_STATEESTIMATION 3 0 0.033333 10.000000 0 8331 -5070 -3241 1919 0 -1919 8331 -5070 -3241 0 0 0 549 -338 369
151.9700 124 RPM_SENSOR 0 0 106.666664 0.000000 0.000000 0.000000 0.000000 0
151.9700 124 DELFLY_SPEEDCTRL 1 0 0 0 3839 -3839 0 0 0 0 0 0 0.000000 0 0 0.000000 0 0 0.000000
151.9718 124 DELFLY_STATE 0 8331 -5070 -3241 1919 0 -1919 1919 0 -1919 -112 0 112 1919 1919 1642 0 4 0.000000 5
151.9719 124 RPM_SENSOR 0 0 106.666664 0.000000 0.000000 0.000000 0.000000 0
151.9719 124 DELFLY_SPEEDCTRL 1 0 0 0 1919 -1919 0 0 0 0 0 0 0.000000 0 0 0.000000 0 0 0.000000
151.9737 124 DELFLY_GUIDANCE 14 0 0 0 0 0 0 0 0 0 0 0 0 0 0 0 0 0 0 0 0
151.9757 124 DELFLY_FLAPCONTROL 0.000000 0.000000 0.000000 0 0.000000 0
151.9758 124 RPM_SENSOR 0 0 106.666664 0.000000 0.000000 0.000000 0.000000 0
151.9758 124 DELFLY_SPEEDCTRL 1 0 0 0 1919 -1919 0 0 0 0 0 0 0.000000 0 0 0.000000 0 0 0.000000
151.9778 124 STAB_ATTITUDE_INT -279 69 78 912 -1090 1642 0 0 0 0 0 0 0 0 0 0 0 0 -155 264 0
151.9779 124 RPM_SENSOR 0 0 106.666664 0.000000 0.000000 0.000000 0.000000 0
151.9779 124 DELFLY_SPEEDCTRL 1 0 0 0 1919 -1919 0 0 0 0 0 0 0.000000 0 0 0.000000 0 0 0.000000
151.9796 124 DELFLY_STATEESTIMATION 3 0 0.033333 10.000000 0 8331 -5070 -3241 1919 0 -1919 8331 -5070 -3241 0 0 0 536 -388 242
151.9797 124 RPM_SENSOR 0 0 106.666664 0.000000 0.000000 0.000000 0.000000 0
151.9835 124 RPM_SENSOR 0 0 106.666664 0.000000 0.000000 0.000000 0.000000 0
151.9836 124 DELFLY_SPEEDCTRL 1 0 0 0 1919 -1919 0 0 0 0 0 0 0.000000 0 0 0.000000 0 0 0.000000
151.9855 124 RPM_SENSOR 0 0 106.666664 0.000000 0.000000 0.000000 0.000000 0
151.9855 124 DELFLY_SPEEDCTRL 1 0 0 0 1919 -1919 0 0 0 0 0 0 0.000000 0 0 0.000000 0 0 0.000000
151.9875 124 STAB_ATTITUDE_INT -181 12 -38 910 -1090 1642 0 0 0 0 0 0 0 0 0 0 0 0 -155 264 0
151.9876 124 RPM_SENSOR 0 0 106.666664 0.000000 0.000000 0.000000 0.000000 0
151.9877 124 DELFLY_SPEEDCTRL 1 0 0 0 1919 -1919 0 0 0 0 0 0 0.000000 0 0 0.000000 0 0 0.000000
151.9934 124 RPM_SENSOR 0 0 106.666664 0.000000 0.000000 0.000000 0.000000 0
151.9935 124 DELFLY_SPEEDCTRL 1 0 0 0 1919 -1919 0 0 0 0 0 0 0.000000 0 0 0.000000 0 0 0.000000
151.9952 124 DELFLY_FLAPCONTROL 0.000000 0.000000 0.000000 0 0.000000 0
151.9953 124 RPM_SENSOR 0 0 106.666664 0.000000 0.000000 0.000000 0.000000 0
151.9953 124 DELFLY_SPEEDCTRL 1 0 0 0 1919 -1919 0 0 0 0 0 0 0.000000 0 0 0.000000 0 0 0.000000
151.9973 124 STAB_ATTITUDE_INT -46 -8 -240 909 -1090 1641 0 0 0 0 0 0 0 0 0 0 0 0 -176 264 0
151.9974 124 RPM_SENSOR 0 0 106.666664 0.000000 0.000000 0.000000 0.000000 0
152.0011 124 DELFLY_STATE 0 8331 -5070 -3241 1919 0 -1919 1919 0 -1919 -112 0 112 1919 1919 1641 0 4 0.000000 5
152.0012 124 RPM_SENSOR 0 0 106.666664 0.000000 0.000000 0.000000 0.000000 0
152.0013 124 DELFLY_SPEEDCTRL 1 0 0 0 1919 -1919 0 0 0 0 0 0 0.000000 0 0 0.000000 0 0 0.000000
152.0030 124 RPM_SENSOR 0 0 106.666664 0.000000 0.000000 0.000000 0.000000 0
152.0031 124 DELFLY_SPEEDCTRL 1 0 0 0 3839 3839 0 0 0 0 0 0 0.000000 0 0 0.000000 0 0 0.000000
152.0050 124 RPM_SENSOR 0 0 106.666664 0.000000 0.000000 0.000000 0.000000 0
152.0050 124 DELFLY_SPEEDCTRL 1 0 0 0 3839 3839 0 0 0 0 0 0 0.000000 0 0 0.000000 0 0 0.000000
152.0071 124 RPM_SENSOR 0 0 106.666664 0.000000 0.000000 0.000000 0.000000 0
152.0090 124 DELFLY_STATEESTIMATION 3 0 0.033333 10.000000 0 8333 -5070 -3239 3839 0 3839 8333 -5070 -3239 0 0 0 321 -399 241
152.0091 124 RPM_SENSOR 0 0 106.666664 0.000000 0.000000 0.000000 0.000000 0
152.0091 124 DELFLY_SPEEDCTRL 1 0 0 0 3839 3839 0 0 0 0 0 0 0.000000 0 0 0.000000 0 0 0.000000
152.0109 124 DELFLY_STATE 0 8333 -5070 -3239 3839 0 3839 3839 0 3839 112 0 337 3839 3839 1636 0 2 0.000000 5
152.0110 124 RPM_SENSOR 0 0 106.666664 0.000000 0.000000 0.000000 0.000000 0
152.0110 124 DELFLY_SPEEDCTRL 1 0 0 0 3839 3839 0 0 0 0 0 0 0.000000 0 0 0.000000 0 0 0.000000
152.0128 124 DELFLY_GUIDANCE 14 0 0 0 0 0 0 0 0 0 0 0 0 0 0 0 0 0 0 0 0
152.0129 124 RPM_SENSOR 0 0 106.666664 0.000000 0.000000 0.000000 0.000000 0
152.0169 124 STAB_ATTITUDE_INT -35 -106 -100 910 -1090 1635 0 0 0 0 0 0 0 0 0 0 0 0 -155 -4 0
152.0170 124 RPM_SENSOR 0 0 106.666664 0.000000 0.000000 0.000000 0.000000 0
152.0170 124 DELFLY_SPEEDCTRL 1 0 0 0 3839 3839 0 0 0 0 0 0 0.000000 0 0 0.000000 0 0 0.000000
152.0187 124 DELFLY_STATEESTIMATION 3 0 0.033333 10.000000 0 8333 -5070 -3239 3839 0 3839 8333 -5070 -3239 0 0 0 278 -477 351
152.0188 124 RPM_SENSOR 0 0 106.666664 0.000000 0.000000 0.000000 0.000000 0
152.0188 124 DELFLY_SPEEDCTRL 1 0 0 0 3839 3839 0 0 0 0 0 0 0.000000 0 0 0.000000 0 0 0.000000
152.0206 124 DELFLY_STATE 0 8333 -5070 -3239 3839 0 3839 3839 0 3839 112 0 337 3839 3839 1635 0 2 0.000000 5
152.0226 124 RPM_SENSOR 0 0 106.666664 0.000000 0.000000 0.000000 0.000000 0
152.0227 124 DELFLY_SPEEDCTRL 1 0 0 0 3839 3839 0 0 0 0 0 0 0.000000 0 0 0.000000 0 0 0.000000
152.0245 124 RPM_SENSOR 0 0 106.666664 0.000000 0.000000 0.000000 0.000000 0
152.0246 124 DELFLY_SPEEDCTRL 1 0 0 0 3839 3839 0 0 0 0 0 0 0.000000 0 0 0.000000 0 0 0.000000
152.0266 124 STAB_ATTITUDE_INT -11 -145 -45 910 -1091 1634 0 0 0 0 0 0 0 0 0 0 0 0 -155 -4 0
152.0267 124 RPM_SENSOR 0 0 106.666664 0.000000 0.000000 0.000000 0.000000 0
152.0268 124 DELFLY_SPEEDCTRL 1 0 0 0 3839 3839 0 0 0 0 0 0 0.000000 0 0 0.000000 0 0 0.000000
152.0284 124 RPM_SENSOR 0 0 106.666664 0.000000 0.000000 0.000000 0.000000 0
152.0331 124 GPS_DIAGNOSTICS 1 203 31.802570 0.031444 31444 100 -62 -38 8332 -5070 -3241
152.0333 124 DELFLY_GUIDANCE 14 0 0 0 0 0 0 0 0 0 0 0 0 0 0 0 0 0 0 0 0
152.0334 124 RPM_SENSOR 0 0 106.666664 0.000000 0.000000 0.000000 0.000000 0
152.0334 124 DELFLY_SPEEDCTRL 1 0 0 0 3839 3839 0 0 0 0 0 0 0.000000 0 0 0.000000 0 0 0.000000
152.0344 124 ROTORCRAFT_FP -158 260 101 0 -1919 3839 911 -1092 1632 5 256 512 0 -5920 0
152.0345 124 DELFLY_SPEEDCTRL_GAINS 0 18829 11115 12.589200 -485 -777 -0.022700 -1259 117 0.003400
152.0346 124 DELFLY_FLAPCONTROL 0.000000 0.000000 0.000000 0 0.000000 0
152.0346 124 RPM_SENSOR 0 0 106.666664 0.000000 0.000000 0.000000 0.000000 0
152.0364 124 RPM_SENSOR 0 0 106.666664 0.000000 0.000000 0.000000 0.000000 0
152.0402 124 DELFLY_STATE 0 8332 -5070 -3241 -1919 0 -3839 -1919 0 -3839 -337 0 -449 1919 1919 1632 0 12861 0.000000 5
152.0403 124 RPM_SENSOR 0 0 106.666664 0.000000 0.000000 0.000000 0.000000 0
152.0403 124 DELFLY_SPEEDCTRL 1 0 0 0 1919 -3839 0 0 0 0 0 0 0.000000 0 0 0.000000 0 0 0.000000
152.0421 124 RPM_SENSOR 0 0 106.666664 0.000000 0.000000 0.000000 0.000000 0
152.0422 124 DELFLY_SPEEDCTRL 1 0 0 0 1919 -3839 0 0 0 0 0 0 0.000000 0 0 0.000000 0 0 0.000000
152.0441 124 RPM_SENSOR 0 0 106.666664 0.000000 0.000000 0.000000 0.000000 0
152.0441 124 DELFLY_SPEEDCTRL 1 0 0 0 1919 -3839 0 0 0 0 0 0 0.000000 0 0 0.000000 0 0 0.000000
152.0481 124 RPM_SENSOR 0 0 106.666664 0.000000 0.000000 0.000000 0.000000 0
152.0481 124 DELFLY_SPEEDCTRL 1 0 0 0 1919 -3839 0 0 0 0 0 0 0.000000 0 0 0.000000 0 0 0.000000
152.0499 124 DELFLY_STATE 0 8332 -5070 -3241 -1919 0 -3839 -1919 0 -3839 -337 0 -449 1919 1919 1632 0 12861 0.000000 5
152.0500 124 RPM_SENSOR 0 0 106.666664 0.000000 0.000000 0.000000 0.000000 0
152.0501 124 DELFLY_SPEEDCTRL 1 0 0 0 1919 -3839 0 0 0 0 0 0 0.000000 0 0 0.000000 0 0 0.000000
152.0518 124 DELFLY_GUIDANCE 14 0 0 0 0 0 0 0 0 0 0 0 0 0 0 0 0 0 0 0 0
152.0539 124 DELFLY_FLAPCONTROL 0.000000 0.000000 0.000000 0 0.000000 0
152.0539 124 RPM_SENSOR 0 0 106.666664 0.000000 0.000000 0.000000 0.000000 0
152.0540 124 DELFLY_SPEEDCTRL 1 0 0 0 1919 -3839 0 0 0 0 0 0 0.000000 0 0 0.000000 0 0 0.000000
152.0559 124 STAB_ATTITUDE_INT -40 -99 -36 911 -1095 1631 0 0 0 0 0 0 0 0 0 0 0 0 -127 264 0
152.0560 124 RPM_SENSOR 0 0 106.666664 0.000000 0.000000 0.000000 0.000000 0
152.0561 124 DELFLY_SPEEDCTRL 1 0 0 0 1919 -3839 0 0 0 0 0 0 0.000000 0 0 0.000000 0 0 0.000000
152.0577 124 DELFLY_STATEESTIMATION 3 0 0.033333 10.000000 0 8332 -5070 -3241 -1919 0 -3839 8332 -5070 -3241 0 0 0 424 -611 270
152.0578 124 RPM_SENSOR 0 0 106.666664 0.000000 0.000000 0.000000 0.000000 0
152.0617 124 RPM_SENSOR 0 0 106.666664 0.000000 0.000000 0.000000 0.000000 0
152.0617 124 DELFLY_SPEEDCTRL 1 0 0 0 1919 -3839 0 0 0 0 0 0 0.000000 0 0 0.000000 0 0 0.000000
152.0636 124 RPM_SENSOR 0 0 106.666664 0.000000 0.000000 0.000000 0.000000 0
152.0636 124 DELFLY_SPEEDCTRL 1 0 0 0 1919 -3839 0 0 0 0 0 0 0.000000 0 0 0.000000 0 0 0.000000
152.0656 124 STAB_ATTITUDE_INT -95 -96 -8 910 -1096 1631 0 0 0 0 0 0 0 0 0 0 0 0 -127 264 0
152.0658 124 RPM_SENSOR 0 0 106.666664 0.000000 0.000000 0.000000 0.000000 0
152.0658 124 DELFLY_SPEEDCTRL 1 0 0 0 1919 -3839 0 0 0 0 0 0 0.000000 0 0 0.000000 0 0 0.000000
152.0680 124 GPS_DIAGNOSTICS 1 204 30.188679 0.033125 33125 100 -62 -38 8331 -5070 -3242
152.0714 124 DELFLY_GUIDANCE 14 0 0 0 0 0 0 0 0 0 0 0 0 0 0 0 0 0 0 0 0
152.0715 124 RPM_SENSOR 0 0 106.666664 0.000000 0.000000 0.000000 0.000000 0
152.0715 124 DELFLY_SPEEDCTRL 1 0 0 0 1919 -1919 0 0 0 0 0 0 0.000000 0 0 0.000000 0 0 0.000000
152.0733 124 DELFLY_FLAPCONTROL 0.000000 0.000000 0.000000 0 0.000000 0
152.0734 124 RPM_SENSOR 0 0 106.666664 0.000000 0.000000 0.000000 0.000000 0
152.0734 124 DELFLY_SPEEDCTRL 1 0 0 0 1919 -1919 0 0 0 0 0 0 0.000000 0 0 0.000000 0 0 0.000000
152.0754 124 STAB_ATTITUDE_INT -189 -94 20 909 -1097 1629 0 0 0 0 0 0 0 0 0 0 0 0 -127 264 0
152.0755 124 RPM_SENSOR 0 0 106.666664 0.000000 0.000000 0.000000 0.000000 0
152.0794 124 RPM_SENSOR 0 0 106.666664 0.000000 0.000000 0.000000 0.000000 0
152.0794 124 DELFLY_SPEEDCTRL 1 0 0 0 1919 -1919 0 0 0 0 0 0 0.000000 0 0 0.000000 0 0 0.000000
152.0812 124 RPM_SENSOR 0 0 106.666664 0.000000 0.000000 0.000000 0.000000 0
152.0812 124 DELFLY_SPEEDCTRL 1 0 0 0 1919 -1919 0 0 0 0 0 0 0.000000 0 0 0.000000 0 0 0.000000
152.0831 124 RPM_SENSOR 0 0 106.666664 0.000000 0.000000 0.000000 0.000000 0
152.0832 124 DELFLY_SPEEDCTRL 1 0 0 0 1919 -1919 0 0 0 0 0 0 0.000000 0 0 0.000000 0 0 0.000000
152.0852 124 RPM_SENSOR 0 0 106.666664 0.000000 0.000000 0.000000 0.000000 0
152.0870 124 DELFLY_STATEESTIMATION 3 0 0.033333 10.000000 0 8331 -5070 -3242 -1919 0 -1919 8331 -5070 -3242 0 0 0 338 -472 414
152.0871 124 RPM_SENSOR 0 0 106.666664 0.000000 0.000000 0.000000 0.000000 0
152.0872 124 DELFLY_SPEEDCTRL 1 0 0 0 1919 -1919 0 0 0 0 0 0 0.000000 0 0 0.000000 0 0 0.000000
152.0890 124 DELFLY_STATE 0 8331 -5070 -3242 -1919 0 -1919 -1919 0 -1919 0 0 112 1919 1919 1629 0 12861 0.000000 5
152.0891 124 RPM_SENSOR 0 0 106.666664 0.000000 0.000000 0.000000 0.000000 0
152.0891 124 DELFLY_SPEEDCTRL 1 0 0 0 1919 -1919 0 0 0 0 0 0 0.000000 0 0 0.000000 0 0 0.000000
152.0909 124 DELFLY_GUIDANCE 14 0 0 0 0 0 0 0 0 0 0 0 0 0 0 0 0 0 0 0 0
152.0929 124 DELFLY_FLAPCONTROL 0.000000 0.000000 0.000000 0 0.000000 0
152.0930 124 RPM_SENSOR 0 0 106.666664 0.000000 0.000000 0.000000 0.000000 0
152.0930 124 DELFLY_SPEEDCTRL 1 0 0 0 1919 -1919 0 0 0 0 0 0 0.000000 0 0 0.000000 0 0 0.000000
152.0949 124 STAB_ATTITUDE_INT -135 -112 54 907 -1098 1628 0 0 0 0 0 0 0 0 0 0 0 0 -123 264 0
152.0950 124 RPM_SENSOR 0 0 106.666664 0.000000 0.000000 0.000000 0.000000 0
152.0951 124 DELFLY_SPEEDCTRL 1 0 0 0 1919 -1919 0 0 0 0 0 0 0.000000 0 0 0.000000 0 0 0.000000
152.0968 124 DELFLY_STATEESTIMATION 3 0 0.033333 10.000000 0 8331 -5070 -3242 -1919 0 -1919 8331 -5070 -3242 0 0 0 356 -426 480
152.0969 124 RPM_SENSOR 0 0 106.666664 0.000000 0.000000 0.000000 0.000000 0
152.0987 124 RPM_SENSOR 0 0 106.666664 0.000000 0.000000 0.000000 0.000000 0
152.1007 124 RPM_SENSOR 0 0 106.666664 0.000000 0.000000 0.000000 0.000000 0
152.1008 124 DELFLY_SPEEDCTRL 1 0 0 0 1919 -1919 0 0 0 0 0 0 0.000000 0 0 0.000000 0 0 0.000000
152.1026 124 RPM_SENSOR 0 0 106.666664 0.000000 0.000000 0.000000 0.000000 0
152.1027 124 DELFLY_SPEEDCTRL 1 0 0 0 1919 -1919 0 0 0 0 0 0 0.000000 0 0 0.000000 0 0 0.000000
152.1047 124 STAB_ATTITUDE_INT -101 -146 55 905 -1100 1627 0 0 0 0 0 0 0 0 0 0 0 0 -127 260 0
152.1048 124 RPM_SENSOR 0 0 106.666664 0.000000 0.000000 0.000000 0.000000 0
152.1049 124 DELFLY_SPEEDCTRL 1 0 0 0 0 -3839 0 0 0 0 0 0 0.000000 0 0 0.000000 0 0 0.000000
152.1066 124 RPM_SENSOR 0 0 106.666664 0.000000 0.000000 0.000000 0.000000 0
152.1105 124 DELFLY_GUIDANCE 14 0 0 0 0 0 0 0 0 0 0 0 0 0 0 0 0 0 0 0 0
152.1106 124 RPM_SENSOR 0 0 106.666664 0.000000 0.000000 0.000000 0.000000 0
152.1106 124 DELFLY_SPEEDCTRL 1 0 0 0 0 -3839 0 0 0 0 0 0 0.000000 0 0 0.000000 0 0 0.000000
152.1124 124 DELFLY_FLAPCONTROL 0.000000 0.000000 0.000000 0 0.000000 0
152.1125 124 RPM_SENSOR 0 0 106.666664 0.000000 0.000000 0.000000 0.000000 0
152.1125 124 DELFLY_SPEEDCTRL 1 0 0 0 0 -3839 0 0 0 0 0 0 0.000000 0 0 0.000000 0 0 0.000000
152.1145 124 STAB_ATTITUDE_INT -23 -50 21 905 -1101 1628 0 0 0 0 0 0 0 0 0 0 0 0 -127 260 0
152.1146 124 RPM_SENSOR 0 0 106.666664 0.000000 0.000000 0.000000 0.000000 0
152.1183 124 DELFLY_STATE 0 8331 -5070 -3244 0 0 -3839 0 0 -3839 112 0 -112 0 0 1628 0 6432 0.000000 5
152.1184 124 RPM_SENSOR 0 0 106.666664 0.000000 0.000000 0.000000 0.000000 0
152.1185 124 DELFLY_SPEEDCTRL 1 0 0 0 0 -3839 0 0 0 0 0 0 0.000000 0 0 0.000000 0 0 0.000000
152.1202 124 RPM_SENSOR 0 0 106.666664 0.000000 0.000000 0.000000 0.000000 0
152.1203 124 DELFLY_SPEEDCTRL 1 0 0 0 0 -3839 0 0 0 0 0 0 0.000000 0 0 0.000000 0 0 0.000000
152.1222 124 RPM_SENSOR 0 0 106.666664 0.000000 0.000000 0.000000 0.000000 0
152.1222 124 DELFLY_SPEEDCTRL 1 0 0 0 0 -3839 0 0 0 0 0 0 0.000000 0 0 0.000000 0 0 0.000000
152.1262 124 RPM_SENSOR 0 0 106.666664 0.000000 0.000000 0.000000 0.000000 0
152.1263 124 DELFLY_SPEEDCTRL 1 0 0 0 0 -3839 0 0 0 0 0 0 0.000000 0 0 0.000000 0 0 0.000000
152.1280 124 DELFLY_STATE 0 8331 -5070 -3244 0 0 -3839 0 0 -3839 112 0 -112 0 0 1628 0 6432 0.000000 5
152.1281 124 RPM_SENSOR 0 0 106.666664 0.000000 0.000000 0.000000 0.000000 0
152.1282 124 DELFLY_SPEEDCTRL 1 0 0 0 0 -3839 0 0 0 0 0 0 0.000000 0 0 0.000000 0 0 0.000000
152.1300 124 DELFLY_GUIDANCE 14 0 0 0 0 0 0 0 0 0 0 0 0 0 0 0 0 0 0 0 0
152.1320 124 DELFLY_FLAPCONTROL 0.000000 0.000000 0.000000 0 0.000000 0
152.1321 124 RPM_SENSOR 0 0 106.666664 0.000000 0.000000 0.000000 0.000000 0
152.1321 124 DELFLY_SPEEDCTRL 1 0 0 0 0 -3839 0 0 0 0 0 0 0.000000 0 0 0.000000 0 0 0.000000
152.1335 124 GPS_DIAGNOSTICS 1 206 31.107102 0.032147 32147 100 -62 -38 8330 -5071 -3245
152.1341 124 ROTORCRAFT_FP -158 260 101 -1919 -1919 1919 905 -1101 1628 5 256 512 0 -5920 0
152.1341 124 DELFLY_SPEEDCTRL_GAINS 0 18829 11115 12.589200 -485 -777 -0.022700 -1259 117 0.003400
152.1342 124 STAB_ATTITUDE_INT -75 -20 35 905 -1101 1628 0 0 0 0 0 0 0 0 0 0 0 0 -123 264 0
152.1343 124 RPM_SENSOR 0 0 106.666664 0.000000 0.000000 0.000000 0.000000 0
152.1358 124 RPM_SENSOR 0 0 106.666664 0.000000 0.000000 0.000000 0.000000 0
152.1398 124 RPM_SENSOR 0 0 106.666664 0.000000 0.000000 0.000000 0.000000 0
152.1398 124 DELFLY_SPEEDCTRL 1 0 0 0 2713 -1919 0 0 0 0 0 0 0.000000 0 0 0.000000 0 0 0.000000
152.1417 124 RPM_SENSOR 0 0 106.666664 0.000000 0.000000 0.000000 0.000000 0
152.1418 124 DELFLY_SPEEDCTRL 1 0 0 0 2713 -1919 0 0 0 0 0 0 0.000000 0 0 0.000000 0 0 0.000000
152.1438 124 STAB_ATTITUDE_INT -109 -113 28 904 -1102 1627 0 0 0 0 0 0 0 0 0 0 0 0 -151 260 0
152.1439 124 RPM_SENSOR 0 0 106.666664 0.000000 0.000000 0.000000 0.000000 0
152.1439 124 DELFLY_SPEEDCTRL 1 0 0 0 2713 -1919 0 0 0 0 0 0 0.000000 0 0 0.000000 0 0 0.000000
152.1456 124 RPM_SENSOR 0 0 106.666664 0.000000 0.000000 0.000000 0.000000 0
152.1495 124 DELFLY_GUIDANCE 14 0 0 0 0 0 0 0 0 0 0 0 0 0 0 0 0 0 0 0 0
152.1497 124 RPM_SENSOR 0 0 106.666664 0.000000 0.000000 0.000000 0.000000 0
152.1497 124 DELFLY_SPEEDCTRL 1 0 0 0 2713 -1919 0 0 0 0 0 0 0.000000 0 0 0.000000 0 0 0.000000
152.1515 124 DELFLY_FLAPCONTROL 0.000000 0.000000 0.000000 0 0.000000 0
152.1515 124 RPM_SENSOR 0 0 106.666664 0.000000 0.000000 0.000000 0.000000 0
152.1516 124 DELFLY_SPEEDCTRL 1 0 0 0 2713 -1919 0 0 0 0 0 0 0.000000 0 0 0.000000 0 0 0.000000
152.1535 124 STAB_ATTITUDE_INT -112 -27 -40 903 -1103 1627 0 0 0 0 0 0 0 0 0 0 0 0 -151 260 0
152.1537 124 RPM_SENSOR 0 0 106.666664 0.000000 0.000000 0.000000 0.000000 0
152.1554 124 RPM_SENSOR 0 0 106.666664 0.000000 0.000000 0.000000 0.000000 0
152.1574 124 DELFLY_STATE 0 8330 -5071 -3245 -1919 -1919 -1919 -1919 -1919 -1919 -112 -112 112 2713 2713 1627 0 16087 0.000000 5
152.1575 124 RPM_SENSOR 0 0 106.666664 0.000000 0.000000 0.000000 0.000000 0
152.1576 124 DELFLY_SPEEDCTRL 1 0 0 0 2713 -1919 0 0 0 0 0 0 0.000000 0 0 0.000000 0 0 0.000000
152.1593 124 RPM_SENSOR 0 0 106.666664 0.000000 0.000000 0.000000 0.000000 0
152.1593 124 DELFLY_SPEEDCTRL 1 0 0 0 2713 -1919 0 0 0 0 0 0 0.000000 0 0 0.000000 0 0 0.000000
152.1612 124 RPM_SENSOR 0 0 106.666664 0.000000 0.000000 0.000000 0.000000 0
152.1613 124 DELFLY_SPEEDCTRL 1 0 0 0 2713 -1919 0 0 0 0 0 0 0.000000 0 0 0.000000 0 0 0.000000
152.1633 124 RPM_SENSOR 0 0 106.666664 0.000000 0.000000 0.000000 0.000000 0
152.1652 124 DELFLY_STATEESTIMATION 3 0 0.033333 10.000000 0 8330 -5071 -3245 -1919 -1919 -1919 8330 -5071 -3245 0 0 0 487 -438 369
152.1653 124 RPM_SENSOR 0 0 106.666664 0.000000 0.000000 0.000000 0.000000 0
152.1653 124 DELFLY_SPEEDCTRL 1 0 0 0 2713 -1919 0 0 0 0 0 0 0.000000 0 0 0.000000 0 0 0.000000
152.1668 124 GPS_DIAGNOSTICS 1 207 29.980513 0.033355 33355 100 -62 -38 8329 -5073 -3246
152.1671 124 DELFLY_STATE 0 8330 -5071 -3245 -1919 -1919 -1919 -1919 -1919 -1919 -112 -112 112 2713 2713 1626 0 16087 0.000000 5
152.1672 124 RPM_SENSOR 0 0 106.666664 0.000000 0.000000 0.000000 0.000000 0
152.1673 124 DELFLY_SPEEDCTRL 1 0 0 0 2713 -1919 0 0 0 0 0 0 0.000000 0 0 0.000000 0 0 0.000000
152.1690 124 RPM_SENSOR 0 0 106.666664 0.000000 0.000000 0.000000 0.000000 0
152.1711 124 DELFLY_FLAPCONTROL 0.000000 0.000000 0.000000 0 0.000000 0
152.1711 124 RPM_SENSOR 0 0 106.666664 0.000000 0.000000 0.000000 0.000000 0
152.1712 124 DELFLY_SPEEDCTRL 1 0 0 0 4291 -1919 0 0 0 0 0 0 0.000000 0 0 0.000000 0 0 0.000000
152.1731 124 STAB_ATTITUDE_INT -69 35 -150 902 -1101 1624 0 0 0 0 0 0 0 0 0 0 0 0 -151 264 0
152.1732 124 RPM_SENSOR 0 0 106.666664 0.000000 0.000000 0.000000 0.000000 0
152.1732 124 DELFLY_SPEEDCTRL 1 0 0 0 4291 -1919 0 0 0 0 0 0 0.000000 0 0 0.000000 0 0 0.000000
152.1749 124 DELFLY_STATEESTIMATION 3 0 0.033333 10.000000 0 8329 -5073 -3246 -1919 -3839 -1919 8329 -5073 -3246 0 0 0 487 -474 398
152.1750 124 RPM_SENSOR 0 0 106.666664 0.000000 0.000000 0.000000 0.000000 0
152.1789 124 DELFLY_SPEEDCTRL 1 0 0 0 4291 -1919 0 0 0 0 0 0 0.000000 0 0 0.000000 0 0 0.000000
152.1808 124 RPM_SENSOR 0 0 106.666664 0.000000 0.000000 0.000000 0.000000 0
152.1808 124 DELFLY_SPEEDCTRL 1 0 0 0 4291 -1919 0 0 0 0 0 0 0.000000 0 0 0.000000 0 0 0.000000
152.1828 124 STAB_ATTITUDE_INT -53 -33 -137 902 -1100 1622 0 0 0 0 0 0 0 0 0 0 0 0 -151 264 0
152.1830 124 RPM_SENSOR 0 0 106.666664 0.000000 0.000000 0.000000 0.000000 0
152.1830 124 DELFLY_SPEEDCTRL 1 0 0 0 4291 -1919 0 0 0 0 0 0 0.000000 0 0 0.000000 0 0 0.000000
152.1847 124 RPM_SENSOR 0 0 106.666664 0.000000 0.000000 0.000000 0.000000 0
152.1886 124 DELFLY_GUIDANCE 14 0 0 0 0 0 0 0 0 0 0 0 0 0 0 0 0 0 0 0 0
152.1887 124 RPM_SENSOR 0 0 106.666664 0.000000 0.000000 0.000000 0.000000 0
152.1888 124 DELFLY_SPEEDCTRL 1 0 0 0 4291 -1919 0 0 0 0 0 0 0.000000 0 0 0.000000 0 0 0.000000
152.1905 124 DELFLY_FLAPCONTROL 0.000000 0.000000 0.000000 0 0.000000 0
152.1906 124 RPM_SENSOR 0 0 106.666664 0.000000 0.000000 0.000000 0.000000 0
152.1906 124 DELFLY_SPEEDCTRL 1 0 0 0 4291 -1919 0 0 0 0 0 0 0.000000 0 0 0.000000 0 0 0.000000
152.1926 124 STAB_ATTITUDE_INT -88 -14 5 901 -1100 1621 0 0 0 0 0 0 0 0 0 0 0 0 -155 260 0
152.1927 124 RPM_SENSOR 0 0 106.666664 0.000000 0.000000 0.000000 0.000000 0
152.1965 124 DELFLY_STATE 0 8329 -5073 -3246 -1919 -3839 -1919 -1919 -3839 -1919 0 -112 0 4291 4291 1621 0 17159 0.000000 5
152.1966 124 RPM_SENSOR 0 0 106.666664 0.000000 0.000000 0.000000 0.000000 0
152.1966 124 DELFLY_SPEEDCTRL 1 0 0 0 4291 -1919 0 0 0 0 0 0 0.000000 0 0 0.000000 0 0 0.000000
152.1983 124 RPM_SENSOR 0 0 106.666664 0.000000 0.000000 0.000000 0.000000 0
152.1984 124 DELFLY_SPEEDCTRL 1 0 0 0 4291 -1919 0 0 0 0 0 0 0.000000 0 0 0.000000 0 0 0.000000
152.2005 124 GPS_DIAGNOSTICS 1 208 30.040856 0.033288 33288 100 -62 -38 8329 -5074 -3245
152.2006 124 RPM_SENSOR 0 0 106.666664 0.000000 0.000000 0.000000 0.000000 0
152.2007 124 DELFLY_SPEEDCTRL 1 0 0 0 4291 -1919 0 0 0 0 0 0 0.000000 0 0 0.000000 0 0 0.000000
152.2062 124 DELFLY_STATE 0 8329 -5074 -3245 0 -1919 1919 0 -1919 1919 112 112 224 1919 1919 1620 0 19303 0.000000 5
152.2063 124 RPM_SENSOR 0 0 106.666664 0.000000 0.000000 0.000000 0.000000 0
152.2063 124 DELFLY_SPEEDCTRL 1 0 0 0 1919 1919 0 0 0 0 0 0 0.000000 0 0 0.000000 0 0 0.000000
152.2081 124 DELFLY_GUIDANCE 14 0 0 0 0 0 0 0 0 0 0 0 0 0 0 0 0 0 0 0 0
152.2082 124 RPM_SENSOR 0 0 106.666664 0.000000 0.000000 0.000000 0.000000 0
152.2083 124 DELFLY_SPEEDCTRL 1 0 0 0 1919 1919 0 0 0 0 0 0 0.000000 0 0 0.000000 0 0 0.000000
152.2101 124 DELFLY_FLAPCONTROL 0.000000 0.000000 0.000000 0 0.000000 0
152.2101 124 RPM_SENSOR 0 0 106.666664 0.000000 0.000000 0.000000 0.000000 0
152.2122 124 STAB_ATTITUDE_INT 82 -210 -22 902 -1104 1620 0 0 0 0 0 0 0 0 0 0 0 0 -123 264 0
152.2123 124 RPM_SENSOR 0 0 106.666664 0.000000 0.000000 0.000000 0.000000 0
152.2123 124 DELFLY_SPEEDCTRL 1 0 0 0 1919 1919 0 0 0 0 0 0 0.000000 0 0 0.000000 0 0 0.000000
152.2140 124 DELFLY_STATEESTIMATION 3 0 0.033333 10.000000 0 8329 -5074 -3245 0 -1919 1919 8329 -5074 -3245 0 0 0 516 -491 351
152.2141 124 RPM_SENSOR 0 0 106.666664 0.000000 0.000000 0.000000 0.000000 0
152.2142 124 DELFLY_SPEEDCTRL 1 0 0 0 1919 1919 0 0 0 0 0 0 0.000000 0 0 0.000000 0 0 0.000000
152.2159 124 DELFLY_STATE 0 8329 -5074 -3245 0 -1919 1919 0 -1919 1919 112 112 224 1919 1919 1620 0 19303 0.000000 5
152.2160 124 RPM_SENSOR 0 0 106.666664 0.000000 0.000000 0.000000 0.000000 0
152.2199 124 RPM_SENSOR 0 0 106.666664 0.000000 0.000000 0.000000 0.000000 0
152.2199 124 DELFLY_SPEEDCTRL 1 0 0 0 1919 1919 0 0 0 0 0 0 0.000000 0 0 0.000000 0 0 0.000000
152.2219 124 STAB_ATTITUDE_INT 131 -120 -95 904 -1105 1619 0 0 0 0 0 0 0 0 0 0 0 0 -123 264 0
152.2220 124 RPM_SENSOR 0 0 106.666664 0.000000 0.000000 0.000000 0.000000 0
152.2221 124 DELFLY_SPEEDCTRL 1 0 0 0 1919 1919 0 0 0 0 0 0 0.000000 0 0 0.000000 0 0 0.000000
152.2237 124 DELFLY_STATEESTIMATION 3 0 0.033333 10.000000 0 8329 -5074 -3245 0 -1919 1919 8329 -5074 -3245 0 0 0 381 -516 297
152.2239 124 RPM_SENSOR 0 0 106.666664 0.000000 0.000000 0.000000 0.000000 0
152.2257 124 RPM_SENSOR 0 0 106.666664 0.000000 0.000000 0.000000 0.000000 0
152.2277 124 DELFLY_GUIDANCE 14 0 0 0 0 0 0 0 0 0 0 0 0 0 0 0 0 0 0 0 0
152.2278 124 RPM_SENSOR 0 0 106.666664 0.000000 0.000000 0.000000 0.000000 0
152.2278 124 DELFLY_SPEEDCTRL 1 0 0 0 1919 1919 0 0 0 0 0 0 0.000000 0 0 0.000000 0 0 0.000000
152.2296 124 DELFLY_FLAPCONTROL 0.000000 0.000000 0.000000 0 0.000000 0
152.2296 124 RPM_SENSOR 0 0 106.666664 0.000000 0.000000 0.000000 0.000000 0
152.2297 124 DELFLY_SPEEDCTRL 1 0 0 0 1919 1919 0 0 0 0 0 0 0.000000 0 0 0.000000 0 0 0.000000
152.2317 124 STAB_ATTITUDE_INT 92 -206 -31 905 -1106 1618 0 0 0 0 0 0 0 0 0 0 0 0 -127 264 0
152.2318 124 RPM_SENSOR 0 0 106.666664 0.000000 0.000000 0.000000 0.000000 0
152.2356 124 RPM_SENSOR 0 0 106.666664 0.000000 0.000000 0.000000 0.000000 0
152.2357 124 DELFLY_SPEEDCTRL 1 0 0 0 1919 1919 0 0 0 0 0 0 0.000000 0 0 0.000000 0 0 0.000000
152.2374 124 RPM_SENSOR 0 0 106.666664 0.000000 0.000000 0.000000 0.000000 0
152.2375 124 DELFLY_SPEEDCTRL 1 0 0 0 1919 3839 0 0 0 0 0 0 0.000000 0 0 0.000000 0 0 0.000000
152.2394 124 RPM_SENSOR 0 0 106.666664 0.000000 0.000000 0.000000 0.000000 0
152.2394 124 DELFLY_SPEEDCTRL 1 0 0 0 1919 3839 0 0 0 0 0 0 0.000000 0 0 0.000000 0 0 0.000000
152.2414 124 RPM_SENSOR 0 0 106.666664 0.000000 0.000000 0.000000 0.000000 0
152.2433 124 DELFLY_STATEESTIMATION 3 0 0.033333 10.000000 0 8329 -5075 -3243 0 -1919 3839 8329 -5075 -3243 0 0 0 413 -504 292
152.2434 124 RPM_SENSOR 0 0 106.666664 0.000000 0.000000 0.000000 0.000000 0
152.2435 124 DELFLY_SPEEDCTRL 1 0 0 0 1919 3839 0 0 0 0 0 0 0.000000 0 0 0.000000 0 0 0.000000
152.2452 124 DELFLY_STATE 0 8329 -5075 -3243 0 -1919 3839 0 -1919 3839 0 0 112 1919 1919 1615 0 19303 0.000000 5
152.2453 124 RPM_SENSOR 0 0 106.666664 0.000000 0.000000 0.000000 0.000000 0
152.2454 124 DELFLY_SPEEDCTRL 1 0 0 0 1919 3839 0 0 0 0 0 0 0.000000 0 0 0.000000 0 0 0.000000
152.2472 124 DELFLY_GUIDANCE 14 0 0 0 0 0 0 0 0 0 0 0 0 0 0 0 0 0 0 0 0
152.2493 124 DELFLY_SPEEDCTRL 1 0 0 0 1919 3839 0 0 0 0 0 0 0.000000 0 0 0.000000 0 0 0.000000
152.2512 124 STAB_ATTITUDE_INT -15 -129 -4 907 -1109 1614 0 0 0 0 0 0 0 0 0 0 0 0 -127 264 0
152.2513 124 RPM_SENSOR 0 0 106.666664 0.000000 0.000000 0.000000 0.000000 0
152.2514 124 DELFLY_SPEEDCTRL 1 0 0 0 1919 3839 0 0 0 0 0 0 0.000000 0 0 0.000000 0 0 0.000000
152.2530 124 RPM_SENSOR 0 0 106.666664 0.000000 0.000000 0.000000 0.000000 0
152.3156 124 DELFLY_SPEEDCTRL 1 0 0 0 3839 7679 0 0 0 0 0 0 0.000000 0 0 0.000000 0 0 0.000000
152.3175 124 RPM_SENSOR 0 0 106.666664 0.000000 0.000000 0.000000 0.000000 0
152.3175 124 DELFLY_SPEEDCTRL 1 0 0 0 3839 7679 0 0 0 0 0 0 0.000000 0 0 0.000000 0 0 0.000000
152.3196 124 STAB_ATTITUDE_INT 287 -293 -229 918 -1121 1607 0 0 0 0 0 0 0 0 0 0 0 0 -127 264 0
152.3197 124 RPM_SENSOR 0 0 106.666664 0.000000 0.000000 0.000000 0.000000 0
152.3197 124 DELFLY_SPEEDCTRL 1 0 0 0 3839 7679 0 0 0 0 0 0 0.000000 0 0 0.000000 0 0 0.000000
152.3214 124 RPM_SENSOR 0 0 106.666664 0.000000 0.000000 0.000000 0.000000 0
152.3253 124 DELFLY_GUIDANCE 14 0 0 0 0 0 0 0 0 0 0 0 0 0 0 0 0 0 0 0 0
152.3254 124 RPM_SENSOR 0 0 106.666664 0.000000 0.000000 0.000000 0.000000 0
152.3255 124 DELFLY_SPEEDCTRL 1 0 0 0 3839 7679 0 0 0 0 0 0 0.000000 0 0 0.000000 0 0 0.000000
152.3273 124 DELFLY_FLAPCONTROL 0.000000 0.000000 0.000000 0 0.000000 0
152.3273 124 RPM_SENSOR 0 0 106.666664 0.000000 0.000000 0.000000 0.000000 0
152.3273 124 DELFLY_SPEEDCTRL 1 0 0 0 3839 7679 0 0 0 0 0 0 0.000000 0 0 0.000000 0 0 0.000000
152.3293 124 STAB_ATTITUDE_INT -45 268 81 919 -1120 1606 0 0 0 0 0 0 0 0 0 0 0 0 -127 264 0
152.3295 124 RPM_SENSOR 0 0 106.666664 0.000000 0.000000 0.000000 0.000000 0
152.3333 124 ROTORCRAFT_FP -158 260 101 -3839 0 -7679 919 -1119 1607 5 256 512 0 -5920 0
152.3334 124 DELFLY_SPEEDCTRL_GAINS 0 18829 11115 12.589200 -485 -777 -0.022700 -1259 117 0.003400
152.3334 124 DELFLY_STATE 0 8329 -5079 -3238 0 -3839 7679 0 -3839 7679 0 0 337 3839 3839 1606 0 19303 0.000000 5
152.3335 124 RPM_SENSOR 0 0 106.666664 0.000000 0.000000 0.000000 0.000000 0
152.3336 124 DELFLY_SPEEDCTRL 1 0 0 0 3839 7679 0 0 0 0 0 0 0.000000 0 0 0.000000 0 0 0.000000
152.3351 124 RPM_SENSOR 0 0 106.666664 0.000000 0.000000 0.000000 0.000000 0
152.3351 124 DELFLY_SPEEDCTRL 1 0 0 0 3839 7679 0 0 0 0 0 0 0.000000 0 0 0.000000 0 0 0.000000
152.3370 124 RPM_SENSOR 0 0 106.666664 0.000000 0.000000 0.000000 0.000000 0
152.3391 124 STAB_ATTITUDE_INT -361 -329 338 916 -1121 1609 0 0 0 0 0 0 0 0 0 0 0 0 -127 264 0
152.3392 124 RPM_SENSOR 0 0 106.666664 0.000000 0.000000 0.000000 0.000000 0
152.3393 124 DELFLY_SPEEDCTRL 1 0 0 0 3839 7679 0 0 0 0 0 0 0.000000 0 0 0.000000 0 0 0.000000
152.3416 124 GPS_DIAGNOSTICS 1 212 32.629621 0.030647 30647 100 -63 -38 8330 -5080 -3235
152.3417 124 DELFLY_STATEESTIMATION 3 0 0.033333 10.000000 0 8330 -5080 -3235 1919 -1919 5759 8330 -5080 -3235 0 0 0 179 -542 297
152.3418 124 RPM_SENSOR 0 0 106.666664 0.000000 0.000000 0.000000 0.000000 0
152.3419 124 DELFLY_SPEEDCTRL 1 0 0 0 3839 7679 0 0 0 0 0 0 0.000000 0 0 0.000000 0 0 0.000000
152.3469 124 RPM_SENSOR 0 0 106.666664 0.000000 0.000000 0.000000 0.000000 0
152.3469 124 DELFLY_SPEEDCTRL 1 0 0 0 2713 5759 0 0 0 0 0 0 0.000000 0 0 0.000000 0 0 0.000000
152.3489 124 STAB_ATTITUDE_INT 41 -403 -45 915 -1126 1607 0 0 0 0 0 0 0 0 0 0 0 0 -127 264 0
152.3490 124 RPM_SENSOR 0 0 106.666664 0.000000 0.000000 0.000000 0.000000 0
152.3490 124 DELFLY_SPEEDCTRL 1 0 0 0 2713 5759 0 0 0 0 0 0 0.000000 0 0 0.000000 0 0 0.000000
152.3507 124 DELFLY_STATEESTIMATION 3 0 0.033333 10.000000 0 8330 -5080 -3235 1919 -1919 5759 8330 -5080 -3235 0 0 0 539 -474 82
152.3508 124 RPM_SENSOR 0 0 106.666664 0.000000 0.000000 0.000000 0.000000 0
152.3546 124 RPM_SENSOR 0 0 106.666664 0.000000 0.000000 0.000000 0.000000 0
152.3547 124 DELFLY_SPEEDCTRL 1 0 0 0 2713 5759 0 0 0 0 0 0 0.000000 0 0 0.000000 0 0 0.000000
152.3566 124 RPM_SENSOR 0 0 106.666664 0.000000 0.000000 0.000000 0.000000 0
152.3566 124 DELFLY_SPEEDCTRL 1 0 0 0 2713 5759 0 0 0 0 0 0 0.000000 0 0 0.000000 0 0 0.000000
152.3586 124 STAB_ATTITUDE_INT 117 93 -405 918 -1126 1604 0 0 0 0 0 0 0 0 0 0 0 0 -127 264 0
152.3588 124 RPM_SENSOR 0 0 106.666664 0.000000 0.000000 0.000000 0.000000 0
152.3588 124 DELFLY_SPEEDCTRL 1 0 0 0 2713 5759 0 0 0 0 0 0 0.000000 0 0 0.000000 0 0 0.000000
152.3605 124 RPM_SENSOR 0 0 106.666664 0.000000 0.000000 0.000000 0.000000 0
152.3644 124 DELFLY_GUIDANCE 14 0 0 0 0 0 0 0 0 0 0 0 0 0 0 0 0 0 0 0 0
152.3645 124 RPM_SENSOR 0 0 106.666664 0.000000 0.000000 0.000000 0.000000 0
152.3645 124 DELFLY_SPEEDCTRL 1 0 0 0 2713 5759 0 0 0 0 0 0 0.000000 0 0 0.000000 0 0 0.000000
152.3663 124 DELFLY_FLAPCONTROL 0.000000 0.000000 0.000000 0 0.000000 0
152.3664 124 RPM_SENSOR 0 0 106.666664 0.000000 0.000000 0.000000 0.000000 0
152.3664 124 DELFLY_SPEEDCTRL 1 0 0 0 2713 5759 0 0 0 0 0 0 0.000000 0 0 0.000000 0 0 0.000000
152.3684 124 STAB_ATTITUDE_INT 122 -70 -128 919 -1125 1601 0 0 0 0 0 0 0 0 0 0 0 0 -160 264 0
152.3685 124 RPM_SENSOR 0 0 106.666664 0.000000 0.000000 0.000000 0.000000 0
152.3723 124 RPM_SENSOR 0 0 106.666664 0.000000 0.000000 0.000000 0.000000 0
152.3724 124 DELFLY_SPEEDCTRL 1 0 0 0 2713 5759 0 0 0 0 0 0 0.000000 0 0 0.000000 0 0 0.000000
152.3741 124 RPM_SENSOR 0 0 106.666664 0.000000 0.000000 0.000000 0.000000 0
152.3742 124 DELFLY_SPEEDCTRL 1 0 0 0 2713 5759 0 0 0 0 0 0 0.000000 0 0 0.000000 0 0 0.000000
152.3757 124 GPS_DIAGNOSTICS 1 213 24.637217 0.040589 40589 100 -63 -38 8332 -5081 -3232
152.3761 124 RPM_SENSOR 0 0 106.666664 0.000000 0.000000 0.000000 0.000000 0
152.3761 124 DELFLY_SPEEDCTRL 1 0 0 0 2713 5759 0 0 0 0 0 0 0.000000 0 0 0.000000 0 0 0.000000
152.3800 124 DELFLY_STATEESTIMATION 3 0 0.033333 10.000000 0 8332 -5081 -3232 3839 -1919 5759 8332 -5081 -3232 0 0 0 449 -268 314
152.3801 124 RPM_SENSOR 0 0 106.666664 0.000000 0.000000 0.000000 0.000000 0
152.3802 124 DELFLY_SPEEDCTRL 1 0 0 0 4291 5759 0 0 0 0 0 0 0.000000 0 0 0.000000 0 0 0.000000
152.3819 124 DELFLY_STATE 0 8332 -5081 -3232 3839 -1919 5759 3839 -1919 5759 112 0 0 4291 4291 1598 0 23590 0.000000 5
152.3820 124 RPM_SENSOR 0 0 106.666664 0.000000 0.000000 0.000000 0.000000 0
152.3821 124 DELFLY_SPEEDCTRL 1 0 0 0 4291 5759 0 0 0 0 0 0 0.000000 0 0 0.000000 0 0 0.000000
152.3839 124 DELFLY_GUIDANCE 14 0 0 0 0 0 0 0 0 0 0 0 0 0 0 0 0 0 0 0 0
152.3859 124 DELFLY_FLAPCONTROL 0.000000 0.000000 0.000000 0 0.000000 0
152.3859 124 RPM_SENSOR 0 0 106.666664 0.000000 0.000000 0.000000 0.000000 0
152.3860 124 DELFLY_SPEEDCTRL 1 0 0 0 4291 5759 0 0 0 0 0 0 0.000000 0 0 0.000000 0 0 0.000000
152.3879 124 STAB_ATTITUDE_INT 5 -325 48 923 -1129 1597 0 0 0 0 0 0 0 0 0 0 0 0 -151 264 0
152.3881 124 RPM_SENSOR 0 0 106.666664 0.000000 0.000000 0.000000 0.000000 0
152.3881 124 DELFLY_SPEEDCTRL 1 0 0 0 4291 5759 0 0 0 0 0 0 0.000000 0 0 0.000000 0 0 0.000000
152.3898 124 DELFLY_STATEESTIMATION 3 0 0.033333 10.000000 0 8332 -5081 -3232 3839 -1919 5759 8332 -5081 -3232 0 0 0 362 -340 135
152.3899 124 RPM_SENSOR 0 0 106.666664 0.000000 0.000000 0.000000 0.000000 0
152.3937 124 RPM_SENSOR 0 0 106.666664 0.000000 0.000000 0.000000 0.000000 0
152.3937 124 DELFLY_SPEEDCTRL 1 0 0 0 4291 5759 0 0 0 0 0 0 0.000000 0 0 0.000000 0 0 0.000000
152.3956 124 RPM_SENSOR 0 0 106.666664 0.000000 0.000000 0.000000 0.000000 0
152.3957 124 DELFLY_SPEEDCTRL 1 0 0 0 4291 5759 0 0 0 0 0 0 0.000000 0 0 0.000000 0 0 0.000000
152.3977 124 STAB_ATTITUDE_INT -34 -398 221 922 -1133 1598 0 0 0 0 0 0 0 0 0 0 0 0 -151 264 0
152.3978 124 RPM_SENSOR 0 0 106.666664 0.000000 0.000000 0.000000 0.000000 0
152.3978 124 DELFLY_SPEEDCTRL 1 0 0 0 4291 5759 0 0 0 0 0 0 0.000000 0 0 0.000000 0 0 0.000000
152.4034 124 DELFLY_GUIDANCE 14 0 0 0 0 0 0 0 0 0 0 0 0 0 0 0 0 0 0 0 0
152.4036 124 RPM_SENSOR 0 0 106.666664 0.000000 0.000000 0.000000 0.000000 0
152.4036 124 DELFLY_SPEEDCTRL 1 0 0 0 4291 5759 0 0 0 0 0 0 0.000000 0 0 0.000000 0 0 0.000000
152.4055 124 DELFLY_FLAPCONTROL 0.000000 0.000000 0.000000 0 0.000000 0
152.4055 124 RPM_SENSOR 0 0 106.666664 0.000000 0.000000 0.000000 0.000000 0
152.4056 124 DELFLY_SPEEDCTRL 1 0 0 0 1919 7679 0 0 0 0 0 0 0.000000 0 0 0.000000 0 0 0.000000
152.4114 124 RPM_SENSOR 0 0 106.666664 0.000000 0.000000 0.000000 0.000000 0
152.4114 124 DELFLY_SPEEDCTRL 1 0 0 0 1919 7679 0 0 0 0 0 0 0.000000 0 0 0.000000 0 0 0.000000
152.4132 124 RPM_SENSOR 0 0 106.666664 0.000000 0.000000 0.000000 0.000000 0
152.4133 124 DELFLY_SPEEDCTRL 1 0 0 0 1919 7679 0 0 0 0 0 0 0.000000 0 0 0.000000 0 0 0.000000
152.4151 124 RPM_SENSOR 0 0 106.666664 0.000000 0.000000 0.000000 0.000000 0
152.4152 124 DELFLY_SPEEDCTRL 1 0 0 0 1919 7679 0 0 0 0 0 0 0.000000 0 0 0.000000 0 0 0.000000
152.4172 124 RPM_SENSOR 0 0 106.666664 0.000000 0.000000 0.000000 0.000000 0
152.4191 124 DELFLY_STATEESTIMATION 3 0 0.033333 10.000000 0 8333 -5081 -3228 1919 0 7679 8333 -5081 -3228 0 0 0 179 -407 11
152.4192 124 RPM_SENSOR 0 0 106.666664 0.000000 0.000000 0.000000 0.000000 0
152.4192 124 DELFLY_SPEEDCTRL 1 0 0 0 1919 7679 0 0 0 0 0 0 0.000000 0 0 0.000000 0 0 0.000000
152.4210 124 DELFLY_STATE 0 8333 -5081 -3228 1919 0 7679 1919 0 7679 -112 112 112 1919 1919 1591 0 4 0.000000 5
152.4211 124 RPM_SENSOR 0 0 106.666664 0.000000 0.000000 0.000000 0.000000 0
152.4212 124 DELFLY_SPEEDCTRL 1 0 0 0 1919 7679 0 0 0 0 0 0 0.000000 0 0 0.000000 0 0 0.000000
152.4230 124 DELFLY_GUIDANCE 14 0 0 0 0 0 0 0 0 0 0 0 0 0 0 0 0 0 0 0 0
152.4251 124 DELFLY_SPEEDCTRL 1 0 0 0 1919 7679 0 0 0 0 0 0 0.000000 0 0 0.000000 0 0 0.000000
152.4270 124 STAB_ATTITUDE_INT 14 -157 -111 930 -1143 1589 0 0 0 0 0 0 0 0 0 0 0 0 -123 264 0
152.4271 124 RPM_SENSOR 0 0 106.666664 0.000000 0.000000 0.000000 0.000000 0
152.4272 124 DELFLY_SPEEDCTRL 1 0 0 0 1919 7679 0 0 0 0 0 0 0.000000 0 0 0.000000 0 0 0.000000
152.4288 124 RPM_SENSOR 0 0 106.666664 0.000000 0.000000 0.000000 0.000000 0
152.4230 124 DELFLY_GUIDANCE 14 0 0 0 0 0 0 0 0 0 0 0 0 0 0 0 0 0 0 0 0
