107.1023 124 DELFLY_GUIDANCE 14 0 0 0 0 0 0 0 0 0 0 0 0 0 0 0 0 0 0 0 0
107.1024 124 RPM_SENSOR 0 0 106.666664 0.000000 0.000000 0.000000 0.000000 0
107.1025 124 DELFLY_SPEEDCTRL 1 0 0 0 0 0 0 0 0 0 0 0 0.000000 0 0 0.000000 0 0 0.000000
107.1043 124 DELFLY_FLAPCONTROL 0.000000 0.000000 0.000000 0 0.000000 0
107.1043 124 RPM_SENSOR 0 0 106.666664 0.000000 0.000000 0.000000 0.000000 0
107.1044 124 DELFLY_SPEEDCTRL 1 0 0 0 0 0 0 0 0 0 0 0 0.000000 0 0 0.000000 0 0 0.000000
107.1064 124 STAB_ATTITUDE_INT -146 180 -172 1187 -452 7061 0 0 0 0 0 0 0 0 0 0 0 0 -143 312 0
107.1065 124 RPM_SENSOR 0 0 106.666664 0.000000 0.000000 0.000000 0.000000 0
107.1065 124 DELFLY_SPEEDCTRL 1 0 0 0 0 0 0 0 0 0 0 0 0.000000 0 0 0.000000 0 0 0.000000
107.1082 124 RPM_SENSOR 0 0 106.666664 0.000000 0.000000 0.000000 0.000000 0
107.1121 124 RPM_SENSOR 0 0 106.666664 0.000000 0.000000 0.000000 0.000000 0
107.1122 124 DELFLY_SPEEDCTRL 1 0 0 0 0 0 0 0 0 0 0 0 0.000000 0 0 0.000000 0 0 0.000000
107.1141 124 RPM_SENSOR 0 0 106.666664 0.000000 0.000000 0.000000 0.000000 0
107.1141 124 DELFLY_SPEEDCTRL 1 0 0 0 0 0 0 0 0 0 0 0 0.000000 0 0 0.000000 0 0 0.000000
107.1161 124 STAB_ATTITUDE_INT -194 68 -227 1185 -450 7059 0 0 0 0 0 0 0 0 0 0 0 0 -143 312 0
107.1162 124 RPM_SENSOR 0 0 106.666664 0.000000 0.000000 0.000000 0.000000 0
107.1163 124 DELFLY_SPEEDCTRL 1 0 0 0 0 0 0 0 0 0 0 0 0.000000 0 0 0.000000 0 0 0.000000
107.1180 124 RPM_SENSOR 0 0 106.666664 0.000000 0.000000 0.000000 0.000000 0
107.1219 124 DELFLY_GUIDANCE 14 0 0 0 0 0 0 0 0 0 0 0 0 0 0 0 0 0 0 0 0
107.1220 124 RPM_SENSOR 0 0 106.666664 0.000000 0.000000 0.000000 0.000000 0
107.1220 124 DELFLY_SPEEDCTRL 1 0 0 0 0 0 0 0 0 0 0 0 0.000000 0 0 0.000000 0 0 0.000000
107.1238 124 DELFLY_FLAPCONTROL 0.000000 0.000000 0.000000 0 0.000000 0
107.1239 124 RPM_SENSOR 0 0 106.666664 0.000000 0.000000 0.000000 0.000000 0
107.1239 124 DELFLY_SPEEDCTRL 1 0 0 0 0 0 0 0 0 0 0 0 0.000000 0 0 0.000000 0 0 0.000000
107.1259 124 STAB_ATTITUDE_INT -242 230 -227 1184 -447 7058 0 0 0 0 0 0 0 0 0 0 0 0 -196 308 0
107.1260 124 RPM_SENSOR 0 0 106.666664 0.000000 0.000000 0.000000 0.000000 0
107.1277 124 RPM_SENSOR 0 0 106.666664 0.000000 0.000000 0.000000 0.000000 0
107.1297 124 DELFLY_STATE 0 0 0 0 0 0 0 0 0 0 0 0 0 0 0 7058 0 6432 0.000000 5
107.1298 124 RPM_SENSOR 0 0 106.666664 0.000000 0.000000 0.000000 0.000000 0
107.1299 124 DELFLY_SPEEDCTRL 1 0 0 0 0 0 0 0 0 0 0 0 0.000000 0 0 0.000000 0 0 0.000000
107.1316 124 RPM_SENSOR 0 0 106.666664 0.000000 0.000000 0.000000 0.000000 0
107.1317 124 DELFLY_SPEEDCTRL 1 0 0 0 0 0 0 0 0 0 0 0 0.000000 0 0 0.000000 0 0 0.000000
107.1336 124 RPM_SENSOR 0 0 106.666664 0.000000 0.000000 0.000000 0.000000 0
107.1336 124 DELFLY_SPEEDCTRL 1 0 0 0 0 0 0 0 0 0 0 0 0.000000 0 0 0.000000 0 0 0.000000
107.1357 124 RPM_SENSOR 0 0 106.666664 0.000000 0.000000 0.000000 0.000000 0
107.1375 124 DELFLY_STATEESTIMATION 3 0 0.033333 10.000000 0 0 0 0 0 0 0 0 0 0 0 0 0 59 396 307
107.1376 124 RPM_SENSOR 0 0 106.666664 0.000000 0.000000 0.000000 0.000000 0
107.1377 124 DELFLY_SPEEDCTRL 1 0 0 0 0 0 0 0 0 0 0 0 0.000000 0 0 0.000000 0 0 0.000000
107.1394 124 DELFLY_STATE 0 0 0 0 0 0 0 0 0 0 0 0 0 0 0 7056 0 6432 0.000000 5
107.1395 124 RPM_SENSOR 0 0 106.666664 0.000000 0.000000 0.000000 0.000000 0
107.1396 124 DELFLY_SPEEDCTRL 1 0 0 0 0 0 0 0 0 0 0 0 0.000000 0 0 0.000000 0 0 0.000000
107.1414 124 DELFLY_GUIDANCE 14 0 0 0 0 0 0 0 0 0 0 0 0 0 0 0 0 0 0 0 0
107.1435 124 DELFLY_SPEEDCTRL 1 0 0 0 0 0 0 0 0 0 0 0 0.000000 0 0 0.000000 0 0 0.000000
107.1454 124 STAB_ATTITUDE_INT -58 -58 -265 1181 -442 7054 0 0 0 0 0 0 0 0 0 0 0 0 -143 308 0
107.1456 124 RPM_SENSOR 0 0 106.666664 0.000000 0.000000 0.000000 0.000000 0
107.1456 124 DELFLY_SPEEDCTRL 1 0 0 0 0 0 0 0 0 0 0 0 0.000000 0 0 0.000000 0 0 0.000000
107.1472 124 DELFLY_STATEESTIMATION 3 0 0.033333 10.000000 0 0 0 0 0 0 0 0 0 0 0 0 0 -15616 48127 48640
107.1474 124 RPM_SENSOR 0 0 106.666664 0.000000 0.000000 0.000000 0.000000 0
107.1492 124 RPM_SENSOR 0 0 106.666664 0.000000 0.000000 0.000000 0.000000 0
107.1512 124 RPM_SENSOR 0 0 106.666664 0.000000 0.000000 0.000000 0.000000 0
107.1512 124 DELFLY_SPEEDCTRL 1 0 0 0 0 0 0 0 0 0 0 0 0.000000 0 0 0.000000 0 0 0.000000
107.1531 124 RPM_SENSOR 0 0 106.666664 0.000000 0.000000 0.000000 0.000000 0
107.1532 124 DELFLY_SPEEDCTRL 1 0 0 0 0 0 0 0 0 0 0 0 0.000000 0 0 0.000000 0 0 0.000000
107.1552 124 STAB_ATTITUDE_INT 91 -288 -282 1182 -444 7050 0 0 0 0 0 0 0 0 0 0 0 0 -143 308 0
107.1553 124 RPM_SENSOR 0 0 106.666664 0.000000 0.000000 0.000000 0.000000 0
107.1553 124 DELFLY_SPEEDCTRL 1 0 0 0 0 0 0 0 0 0 0 0 0.000000 0 0 0.000000 0 0 0.000000
107.1570 124 RPM_SENSOR 0 0 106.666664 0.000000 0.000000 0.000000 0.000000 0
107.1610 124 DELFLY_GUIDANCE 14 0 0 0 0 0 0 0 0 0 0 0 0 0 0 0 0 0 0 0 0
107.1611 124 RPM_SENSOR 0 0 106.666664 0.000000 0.000000 0.000000 0.000000 0
107.1611 124 DELFLY_SPEEDCTRL 1 0 0 0 0 0 0 0 0 0 0 0 0.000000 0 0 0.000000 0 0 0.000000
107.1629 124 DELFLY_FLAPCONTROL 0.000000 0.000000 0.000000 0 0.000000 0
107.1629 124 RPM_SENSOR 0 0 106.666664 0.000000 0.000000 0.000000 0.000000 0
107.1630 124 DELFLY_SPEEDCTRL 1 0 0 0 0 0 0 0 0 0 0 0 0.000000 0 0 0.000000 0 0 0.000000
107.1649 124 STAB_ATTITUDE_INT -33 -220 -206 1182 -445 7047 0 0 0 0 0 0 0 0 0 0 0 0 -143 308 0
107.1651 124 RPM_SENSOR 0 0 106.666664 0.000000 0.000000 0.000000 0.000000 0
107.1688 124 DELFLY_STATE 0 0 0 0 0 0 0 0 0 0 0 0 0 0 0 7047 0 6432 0.000000 5
107.1689 124 RPM_SENSOR 0 0 106.666664 0.000000 0.000000 0.000000 0.000000 0
107.1689 124 DELFLY_SPEEDCTRL 1 0 0 0 0 0 0 0 0 0 0 0 0.000000 0 0 0.000000 0 0 0.000000
107.1707 124 RPM_SENSOR 0 0 106.666664 0.000000 0.000000 0.000000 0.000000 0
107.1707 124 DELFLY_SPEEDCTRL 1 0 0 0 0 0 0 0 0 0 0 0 0.000000 0 0 0.000000 0 0 0.000000
107.1726 124 RPM_SENSOR 0 0 106.666664 0.000000 0.000000 0.000000 0.000000 0
107.1727 124 DELFLY_SPEEDCTRL 1 0 0 0 0 0 0 0 0 0 0 0 0.000000 0 0 0.000000 0 0 0.000000
107.1767 124 RPM_SENSOR 0 0 106.666664 0.000000 0.000000 0.000000 0.000000 0
107.1767 124 DELFLY_SPEEDCTRL 1 0 0 0 0 0 0 0 0 0 0 0 0.000000 0 0 0.000000 0 0 0.000000
107.1785 124 DELFLY_STATE 0 0 0 0 0 0 0 0 0 0 0 0 0 0 0 7045 0 6432 0.000000 5
107.1786 124 RPM_SENSOR 0 0 106.666664 0.000000 0.000000 0.000000 0.000000 0
107.1787 124 DELFLY_SPEEDCTRL 1 0 0 0 0 0 0 0 0 0 0 0 0.000000 0 0 0.000000 0 0 0.000000
107.1805 124 DELFLY_GUIDANCE 14 0 0 0 0 0 0 0 0 0 0 0 0 0 0 0 0 0 0 0 0
107.1825 124 DELFLY_FLAPCONTROL 0.000000 0.000000 0.000000 0 0.000000 0
107.1825 124 RPM_SENSOR 0 0 106.666664 0.000000 0.000000 0.000000 0.000000 0
107.1826 124 DELFLY_SPEEDCTRL 1 0 0 0 0 0 0 0 0 0 0 0 0.000000 0 0 0.000000 0 0 0.000000
107.1845 124 STAB_ATTITUDE_INT -277 -107 -146 1180 -448 7044 0 0 0 0 0 0 0 0 0 0 0 0 -143 308 0
107.1846 124 RPM_SENSOR 0 0 106.666664 0.000000 0.000000 0.000000 0.000000 0
107.1846 124 DELFLY_SPEEDCTRL 1 0 0 0 0 0 0 0 0 0 0 0 0.000000 0 0 0.000000 0 0 0.000000
107.1863 124 DELFLY_STATEESTIMATION 3 0 0.033333 10.000000 0 0 0 0 0 0 0 0 0 0 0 0 0 96 52 53
107.1864 124 RPM_SENSOR 0 0 106.666664 0.000000 0.000000 0.000000 0.000000 0
107.1902 124 RPM_SENSOR 0 0 106.666664 0.000000 0.000000 0.000000 0.000000 0
107.1903 124 DELFLY_SPEEDCTRL 1 0 0 0 0 0 0 0 0 0 0 0 0.000000 0 0 0.000000 0 0 0.000000
107.1922 124 RPM_SENSOR 0 0 106.666664 0.000000 0.000000 0.000000 0.000000 0
107.1922 124 DELFLY_SPEEDCTRL 1 0 0 0 0 0 0 0 0 0 0 0 0.000000 0 0 0.000000 0 0 0.000000
107.1942 124 STAB_ATTITUDE_INT -360 119 -171 1177 -447 7042 0 0 0 0 0 0 0 0 0 0 0 0 -143 312 0
107.1944 124 RPM_SENSOR 0 0 106.666664 0.000000 0.000000 0.000000 0.000000 0
107.1944 124 DELFLY_SPEEDCTRL 1 0 0 0 0 0 0 0 0 0 0 0 0.000000 0 0 0.000000 0 0 0.000000
107.2002 124 DELFLY_SPEEDCTRL_GAINS 0 18829 11115 12.589200 -485 -777 -0.022700 -1259 117 0.003400
107.2003 124 DELFLY_GUIDANCE 14 0 0 0 0 0 0 0 0 0 0 0 0 0 0 0 0 0 0 0 0
107.2004 124 RPM_SENSOR 0 0 106.666664 0.000000 0.000000 0.000000 0.000000 0
107.2004 124 DELFLY_SPEEDCTRL 1 0 0 0 0 0 0 0 0 0 0 0 0.000000 0 0 0.000000 0 0 0.000000
107.2019 124 DELFLY_FLAPCONTROL 0.000000 0.000000 0.000000 0 0.000000 0
107.2020 124 RPM_SENSOR 0 0 106.666664 0.000000 0.000000 0.000000 0.000000 0
107.2020 124 DELFLY_SPEEDCTRL 1 0 0 0 0 0 0 0 0 0 0 0 0.000000 0 0 0.000000 0 0 0.000000
107.2059 124 DELFLY_STATEESTIMATION 3 0 0.033333 10.000000 0 0 0 0 0 0 0 0 0 0 0 0 0 -81 258 190
107.2061 124 RPM_SENSOR 0 0 106.666664 0.000000 0.000000 0.000000 0.000000 0
107.2061 124 DELFLY_SPEEDCTRL 1 0 0 0 0 0 0 0 0 0 0 0 0.000000 0 0 0.000000 0 0 0.000000
107.2078 124 DELFLY_STATE 0 0 0 0 0 0 0 0 0 0 0 0 0 0 0 7041 0 6432 0.000000 5
107.2079 124 RPM_SENSOR 0 0 106.666664 0.000000 0.000000 0.000000 0.000000 0
107.2080 124 DELFLY_SPEEDCTRL 1 0 0 0 0 0 0 0 0 0 0 0 0.000000 0 0 0.000000 0 0 0.000000
107.2097 124 RPM_SENSOR 0 0 106.666664 0.000000 0.000000 0.000000 0.000000 0
107.2098 124 DELFLY_SPEEDCTRL 1 0 0 0 0 0 0 0 0 0 0 0 0.000000 0 0 0.000000 0 0 0.000000
107.2138 124 STAB_ATTITUDE_INT -330 252 -186 1170 -441 7038 0 0 0 0 0 0 0 0 0 0 0 0 -143 308 0
107.2139 124 RPM_SENSOR 0 0 106.666664 0.000000 0.000000 0.000000 0.000000 0
107.2139 124 DELFLY_SPEEDCTRL 1 0 0 0 0 0 0 0 0 0 0 0 0.000000 0 0 0.000000 0 0 0.000000
107.2156 124 DELFLY_STATEESTIMATION 3 0 0.033333 10.000000 0 0 0 0 0 0 0 0 0 0 0 0 0 -174 345 104
107.2157 124 RPM_SENSOR 0 0 106.666664 0.000000 0.000000 0.000000 0.000000 0
107.2158 124 DELFLY_SPEEDCTRL 1 0 0 0 0 0 0 0 0 0 0 0 0.000000 0 0 0.000000 0 0 0.000000
107.2176 124 DELFLY_STATE 0 0 0 0 0 0 0 0 0 0 0 0 0 0 0 7039 0 6432 0.000000 5
107.2196 124 DELFLY_GUIDANCE 14 0 0 0 0 0 0 0 0 0 0 0 0 0 0 0 0 0 0 0 0
107.2197 124 RPM_SENSOR 0 0 106.666664 0.000000 0.000000 0.000000 0.000000 0
107.2197 124 DELFLY_SPEEDCTRL 1 0 0 0 0 0 0 0 0 0 0 0 0.000000 0 0 0.000000 0 0 0.000000
107.2215 124 DELFLY_FLAPCONTROL 0.000000 0.000000 0.000000 0 0.000000 0
107.2215 124 RPM_SENSOR 0 0 106.666664 0.000000 0.000000 0.000000 0.000000 0
107.2216 124 DELFLY_SPEEDCTRL 1 0 0 0 0 0 0 0 0 0 0 0 0.000000 0 0 0.000000 0 0 0.000000
107.2235 124 STAB_ATTITUDE_INT -155 449 -210 1169 -436 7038 0 0 0 0 0 0 0 0 0 0 0 0 -143 308 0
107.2237 124 RPM_SENSOR 0 0 106.666664 0.000000 0.000000 0.000000 0.000000 0
107.2274 124 DELFLY_STATE 0 0 0 0 0 0 0 0 0 0 0 0 0 0 0 7038 0 6432 0.000000 5
107.2275 124 RPM_SENSOR 0 0 106.666664 0.000000 0.000000 0.000000 0.000000 0
107.2275 124 DELFLY_SPEEDCTRL 1 0 0 0 0 0 0 0 0 0 0 0 0.000000 0 0 0.000000 0 0 0.000000
107.2293 124 RPM_SENSOR 0 0 106.666664 0.000000 0.000000 0.000000 0.000000 0
107.2293 124 DELFLY_SPEEDCTRL 1 0 0 0 0 0 0 0 0 0 0 0 0.000000 0 0 0.000000 0 0 0.000000
107.2312 124 RPM_SENSOR 0 0 106.666664 0.000000 0.000000 0.000000 0.000000 0
107.2313 124 DELFLY_SPEEDCTRL 1 0 0 0 0 0 0 0 0 0 0 0 0.000000 0 0 0.000000 0 0 0.000000
107.2333 124 RPM_SENSOR 0 0 106.666664 0.000000 0.000000 0.000000 0.000000 0
107.2352 124 DELFLY_STATEESTIMATION 3 0 0.033333 10.000000 0 0 0 0 0 0 0 0 0 0 0 0 0 -179 284 208
107.2353 124 RPM_SENSOR 0 0 106.666664 0.000000 0.000000 0.000000 0.000000 0
107.2353 124 DELFLY_SPEEDCTRL 1 0 0 0 0 0 0 0 0 0 0 0 0.000000 0 0 0.000000 0 0 0.000000
107.2371 124 DELFLY_STATE 0 0 0 0 0 0 0 0 0 0 0 0 0 0 0 7037 0 6432 0.000000 5
107.2372 124 RPM_SENSOR 0 0 106.666664 0.000000 0.000000 0.000000 0.000000 0
107.2373 124 DELFLY_SPEEDCTRL 1 0 0 0 0 0 0 0 0 0 0 0 0.000000 0 0 0.000000 0 0 0.000000
107.2390 124 DELFLY_GUIDANCE 14 0 0 0 0 0 0 0 0 0 0 0 0 0 0 0 0 0 0 0 0
107.2392 124 RPM_SENSOR 0 0 106.666664 0.000000 0.000000 0.000000 0.000000 0
107.2431 124 STAB_ATTITUDE_INT 29 5 -37 1167 -433 7037 0 0 0 0 0 0 0 0 0 0 0 0 -143 308 0
107.2432 124 RPM_SENSOR 0 0 106.666664 0.000000 0.000000 0.000000 0.000000 0
107.2433 124 DELFLY_SPEEDCTRL 1 0 0 0 0 0 0 0 0 0 0 0 0.000000 0 0 0.000000 0 0 0.000000
107.2449 124 DELFLY_STATEESTIMATION 3 0 0.033333 10.000000 0 0 0 0 0 0 0 0 0 0 0 0 0 -51 286 23
107.2450 124 RPM_SENSOR 0 0 106.666664 0.000000 0.000000 0.000000 0.000000 0
107.2451 124 DELFLY_SPEEDCTRL 1 0 0 0 0 0 0 0 0 0 0 0 0.000000 0 0 0.000000 0 0 0.000000
107.2469 124 DELFLY_STATE 0 0 0 0 0 0 0 0 0 0 0 0 0 0 0 7037 0 6432 0.000000 5
107.2489 124 RPM_SENSOR 0 0 106.666664 0.000000 0.000000 0.000000 0.000000 0
107.2489 124 DELFLY_SPEEDCTRL 1 0 0 0 0 0 0 0 0 0 0 0 0.000000 0 0 0.000000 0 0 0.000000
107.2508 124 RPM_SENSOR 0 0 106.666664 0.000000 0.000000 0.000000 0.000000 0
107.2508 124 DELFLY_SPEEDCTRL 1 0 0 0 0 0 0 0 0 0 0 0 0.000000 0 0 0.000000 0 0 0.000000
107.2528 124 STAB_ATTITUDE_INT -47 84 -24 1167 -432 7037 0 0 0 0 0 0 0 0 0 0 0 0 -143 308 0
107.2530 124 RPM_SENSOR 0 0 106.666664 0.000000 0.000000 0.000000 0.000000 0
107.2530 124 DELFLY_SPEEDCTRL 1 0 0 0 0 0 0 0 0 0 0 0 0.000000 0 0 0.000000 0 0 0.000000
107.2547 124 RPM_SENSOR 0 0 106.666664 0.000000 0.000000 0.000000 0.000000 0
107.2586 124 DELFLY_GUIDANCE 14 0 0 0 0 0 0 0 0 0 0 0 0 0 0 0 0 0 0 0 0
107.2587 124 RPM_SENSOR 0 0 106.666664 0.000000 0.000000 0.000000 0.000000 0
107.2588 124 DELFLY_SPEEDCTRL 1 0 0 0 0 0 0 0 0 0 0 0 0.000000 0 0 0.000000 0 0 0.000000
107.2605 124 DELFLY_FLAPCONTROL 0.000000 0.000000 0.000000 0 0.000000 0
107.2606 124 RPM_SENSOR 0 0 106.666664 0.000000 0.000000 0.000000 0.000000 0
107.2606 124 DELFLY_SPEEDCTRL 1 0 0 0 0 0 0 0 0 0 0 0 0.000000 0 0 0.000000 0 0 0.000000
107.2626 124 STAB_ATTITUDE_INT -67 -42 4 1166 -433 7037 0 0 0 0 0 0 0 0 0 0 0 0 -143 308 0
107.2627 124 RPM_SENSOR 0 0 106.666664 0.000000 0.000000 0.000000 0.000000 0
107.2666 124 RPM_SENSOR 0 0 106.666664 0.000000 0.000000 0.000000 0.000000 0
107.2666 124 DELFLY_SPEEDCTRL 1 0 0 0 0 0 0 0 0 0 0 0 0.000000 0 0 0.000000 0 0 0.000000
107.2683 124 RPM_SENSOR 0 0 106.666664 0.000000 0.000000 0.000000 0.000000 0
107.2684 124 DELFLY_SPEEDCTRL 1 0 0 0 0 0 0 0 0 0 0 0 0.000000 0 0 0.000000 0 0 0.000000
107.2703 124 RPM_SENSOR 0 0 106.666664 0.000000 0.000000 0.000000 0.000000 0
107.2703 124 DELFLY_SPEEDCTRL 1 0 0 0 0 0 0 0 0 0 0 0 0.000000 0 0 0.000000 0 0 0.000000
107.2724 124 RPM_SENSOR 0 0 106.666664 0.000000 0.000000 0.000000 0.000000 0
107.2742 124 DELFLY_STATEESTIMATION 3 0 0.033333 10.000000 0 0 0 0 0 0 0 0 0 0 0 0 0 207 21 -79
107.2743 124 RPM_SENSOR 0 0 106.666664 0.000000 0.000000 0.000000 0.000000 0
107.2744 124 DELFLY_SPEEDCTRL 1 0 0 0 0 0 0 0 0 0 0 0 0.000000 0 0 0.000000 0 0 0.000000
107.2762 124 DELFLY_STATE 0 0 0 0 0 0 0 0 0 0 0 0 0 0 0 7037 0 6432 0.000000 5
107.2763 124 RPM_SENSOR 0 0 106.666664 0.000000 0.000000 0.000000 0.000000 0
107.2763 124 DELFLY_SPEEDCTRL 1 0 0 0 0 0 0 0 0 0 0 0 0.000000 0 0 0.000000 0 0 0.000000
107.2781 124 DELFLY_GUIDANCE 14 0 0 0 0 0 0 0 0 0 0 0 0 0 0 0 0 0 0 0 0
107.2823 124 RPM_SENSOR 0 0 106.666664 0.000000 0.000000 0.000000 0.000000 0
107.2823 124 DELFLY_SPEEDCTRL 1 0 0 0 0 0 0 0 0 0 0 0 0.000000 0 0 0.000000 0 0 0.000000
107.2839 124 DELFLY_STATEESTIMATION 3 0 0.033333 10.000000 0 0 0 0 0 0 0 0 0 0 0 0 0 235 416 161
107.2840 124 RPM_SENSOR 0 0 106.666664 0.000000 0.000000 0.000000 0.000000 0
107.2841 124 DELFLY_SPEEDCTRL 1 0 0 0 0 0 0 0 0 0 0 0 0.000000 0 0 0.000000 0 0 0.000000
107.2859 124 DELFLY_STATE 0 0 0 0 0 0 0 0 0 0 0 0 0 0 0 7036 0 6432 0.000000 5
107.2879 124 RPM_SENSOR 0 0 106.666664 0.000000 0.000000 0.000000 0.000000 0
107.2880 124 DELFLY_SPEEDCTRL 1 0 0 0 0 0 0 0 0 0 0 0 0.000000 0 0 0.000000 0 0 0.000000
107.2898 124 RPM_SENSOR 0 0 106.666664 0.000000 0.000000 0.000000 0.000000 0
107.2899 124 DELFLY_SPEEDCTRL 1 0 0 0 0 0 0 0 0 0 0 0 0.000000 0 0 0.000000 0 0 0.000000
107.2919 124 STAB_ATTITUDE_INT -206 189 -498 1161 -430 7033 0 0 0 0 0 0 0 0 0 0 0 0 -143 308 0
107.2920 124 RPM_SENSOR 0 0 106.666664 0.000000 0.000000 0.000000 0.000000 0
107.2921 124 DELFLY_SPEEDCTRL 1 0 0 0 0 0 0 0 0 0 0 0 0.000000 0 0 0.000000 0 0 0.000000
107.2937 124 RPM_SENSOR 0 0 106.666664 0.000000 0.000000 0.000000 0.000000 0
107.2976 124 DELFLY_GUIDANCE 14 0 0 0 0 0 0 0 0 0 0 0 0 0 0 0 0 0 0 0 0
107.2977 124 RPM_SENSOR 0 0 106.666664 0.000000 0.000000 0.000000 0.000000 0
107.2978 124 DELFLY_SPEEDCTRL 1 0 0 0 0 0 0 0 0 0 0 0 0.000000 0 0 0.000000 0 0 0.000000
107.2997 124 ROTORCRAFT_FP 0 0 0 0 0 0 1159 -429 7029 0 0 512 0 -7680 0
107.2998 124 DELFLY_SPEEDCTRL_GAINS 0 18829 11115 12.589200 -485 -777 -0.022700 -1259 117 0.003400
107.2999 124 DELFLY_FLAPCONTROL 0.000000 0.000000 0.000000 0 0.000000 0
107.2999 124 RPM_SENSOR 0 0 106.666664 0.000000 0.000000 0.000000 0.000000 0
107.3000 124 DELFLY_SPEEDCTRL 1 0 0 0 0 0 0 0 0 0 0 0 0.000000 0 0 0.000000 0 0 0.000000
107.3017 124 RPM_SENSOR 0 0 106.666664 0.000000 0.000000 0.000000 0.000000 0
107.3055 124 DELFLY_STATE 0 0 0 0 0 0 0 0 0 0 0 0 0 0 0 7028 0 6432 0.000000 5
107.3056 124 RPM_SENSOR 0 0 106.666664 0.000000 0.000000 0.000000 0.000000 0
107.3056 124 DELFLY_SPEEDCTRL 1 0 0 0 0 0 0 0 0 0 0 0 0.000000 0 0 0.000000 0 0 0.000000
107.3074 124 RPM_SENSOR 0 0 106.666664 0.000000 0.000000 0.000000 0.000000 0
107.3075 124 DELFLY_SPEEDCTRL 1 0 0 0 0 0 0 0 0 0 0 0 0.000000 0 0 0.000000 0 0 0.000000
107.3094 124 RPM_SENSOR 0 0 106.666664 0.000000 0.000000 0.000000 0.000000 0
107.3094 124 DELFLY_SPEEDCTRL 1 0 0 0 0 0 0 0 0 0 0 0 0.000000 0 0 0.000000 0 0 0.000000
107.3114 124 RPM_SENSOR 0 0 106.666664 0.000000 0.000000 0.000000 0.000000 0
107.3133 124 DELFLY_STATEESTIMATION 3 0 0.033333 10.000000 0 0 0 0 0 0 0 0 0 0 0 0 0 -43 104 12
107.3134 124 RPM_SENSOR 0 0 106.666664 0.000000 0.000000 0.000000 0.000000 0
107.3134 124 DELFLY_SPEEDCTRL 1 0 0 0 0 0 0 0 0 0 0 0 0.000000 0 0 0.000000 0 0 0.000000
107.3152 124 DELFLY_STATE 0 0 0 0 0 0 0 0 0 0 0 0 0 0 0 7024 0 6432 0.000000 5
107.3153 124 RPM_SENSOR 0 0 106.666664 0.000000 0.000000 0.000000 0.000000 0
107.3154 124 DELFLY_SPEEDCTRL 1 0 0 0 0 0 0 0 0 0 0 0 0.000000 0 0 0.000000 0 0 0.000000
107.3172 124 DELFLY_GUIDANCE 14 0 0 0 0 0 0 0 0 0 0 0 0 0 0 0 0 0 0 0 0
107.3191 124 DELFLY_FLAPCONTROL 0.000000 0.000000 0.000000 0 0.000000 0
107.3192 124 RPM_SENSOR 0 0 106.666664 0.000000 0.000000 0.000000 0.000000 0
107.3193 124 DELFLY_SPEEDCTRL 1 0 0 0 0 0 0 0 0 0 0 0 0.000000 0 0 0.000000 0 0 0.000000
107.3212 124 STAB_ATTITUDE_INT -321 311 -370 1153 -427 7022 0 0 0 0 0 0 0 0 0 0 0 0 -143 308 0
107.3214 124 RPM_SENSOR 0 0 106.666664 0.000000 0.000000 0.000000 0.000000 0
107.3214 124 DELFLY_SPEEDCTRL 1 0 0 0 0 0 0 0 0 0 0 0 0.000000 0 0 0.000000 0 0 0.000000
107.3230 124 DELFLY_STATEESTIMATION 3 0 0.033333 10.000000 0 0 0 0 0 0 0 0 0 0 0 0 0 -274 -212 522
107.3231 124 RPM_SENSOR 0 0 106.666664 0.000000 0.000000 0.000000 0.000000 0
107.3250 124 RPM_SENSOR 0 0 106.666664 0.000000 0.000000 0.000000 0.000000 0
107.3270 124 RPM_SENSOR 0 0 106.666664 0.000000 0.000000 0.000000 0.000000 0
107.3270 124 DELFLY_SPEEDCTRL 1 0 0 0 0 0 0 0 0 0 0 0 0.000000 0 0 0.000000 0 0 0.000000
107.3289 124 RPM_SENSOR 0 0 106.666664 0.000000 0.000000 0.000000 0.000000 0
107.3289 124 DELFLY_SPEEDCTRL 1 0 0 0 0 0 0 0 0 0 0 0 0.000000 0 0 0.000000 0 0 0.000000
107.3310 124 STAB_ATTITUDE_INT -391 -27 -51 1149 -424 7020 0 0 0 0 0 0 0 0 0 0 0 0 -143 308 0
107.3311 124 RPM_SENSOR 0 0 106.666664 0.000000 0.000000 0.000000 0.000000 0
107.3311 124 DELFLY_SPEEDCTRL 1 0 0 0 0 0 0 0 0 0 0 0 0.000000 0 0 0.000000 0 0 0.000000
107.3328 124 RPM_SENSOR 0 0 106.666664 0.000000 0.000000 0.000000 0.000000 0
107.3367 124 DELFLY_GUIDANCE 14 0 0 0 0 0 0 0 0 0 0 0 0 0 0 0 0 0 0 0 0
107.3368 124 RPM_SENSOR 0 0 106.666664 0.000000 0.000000 0.000000 0.000000 0
107.3369 124 DELFLY_SPEEDCTRL 1 0 0 0 0 0 0 0 0 0 0 0 0.000000 0 0 0.000000 0 0 0.000000
107.3387 124 DELFLY_FLAPCONTROL 0.000000 0.000000 0.000000 0 0.000000 0
107.3387 124 RPM_SENSOR 0 0 106.666664 0.000000 0.000000 0.000000 0.000000 0
107.3387 124 DELFLY_SPEEDCTRL 1 0 0 0 0 0 0 0 0 0 0 0 0.000000 0 0 0.000000 0 0 0.000000
107.3407 124 STAB_ATTITUDE_INT -42 -112 -268 1147 -426 7019 0 0 0 0 0 0 0 0 0 0 0 0 -143 308 0
107.3409 124 RPM_SENSOR 0 0 106.666664 0.000000 0.000000 0.000000 0.000000 0
107.3446 124 DELFLY_STATE 0 0 0 0 0 0 0 0 0 0 0 0 0 0 0 7019 0 6432 0.000000 5
107.3447 124 RPM_SENSOR 0 0 106.666664 0.000000 0.000000 0.000000 0.000000 0
107.3447 124 DELFLY_SPEEDCTRL 1 0 0 0 0 0 0 0 0 0 0 0 0.000000 0 0 0.000000 0 0 0.000000
107.3465 124 RPM_SENSOR 0 0 106.666664 0.000000 0.000000 0.000000 0.000000 0
107.3465 124 DELFLY_SPEEDCTRL 1 0 0 0 0 0 0 0 0 0 0 0 0.000000 0 0 0.000000 0 0 0.000000
107.3484 124 RPM_SENSOR 0 0 106.666664 0.000000 0.000000 0.000000 0.000000 0
107.3485 124 DELFLY_SPEEDCTRL 1 0 0 0 0 0 0 0 0 0 0 0 0.000000 0 0 0.000000 0 0 0.000000
107.3526 124 RPM_SENSOR 0 0 106.666664 0.000000 0.000000 0.000000 0.000000 0
107.3526 124 DELFLY_SPEEDCTRL 1 0 0 0 0 0 0 0 0 0 0 0 0.000000 0 0 0.000000 0 0 0.000000
107.3543 124 DELFLY_STATE 0 0 0 0 0 0 0 0 0 0 0 0 0 0 0 7016 0 6432 0.000000 5
107.3544 124 RPM_SENSOR 0 0 106.666664 0.000000 0.000000 0.000000 0.000000 0
107.3544 124 DELFLY_SPEEDCTRL 1 0 0 0 0 0 0 0 0 0 0 0 0.000000 0 0 0.000000 0 0 0.000000
107.3562 124 DELFLY_GUIDANCE 14 0 0 0 0 0 0 0 0 0 0 0 0 0 0 0 0 0 0 0 0
107.3582 124 DELFLY_SPEEDCTRL 1 0 0 0 0 0 0 0 0 0 0 0 0.000000 0 0 0.000000 0 0 0.000000
107.3603 124 STAB_ATTITUDE_INT -35 -92 244 1147 -424 7017 0 0 0 0 0 0 0 0 0 0 0 0 -143 308 0
107.3604 124 RPM_SENSOR 0 0 106.666664 0.000000 0.000000 0.000000 0.000000 0
107.3605 124 DELFLY_SPEEDCTRL 1 0 0 0 0 0 0 0 0 0 0 0 0.000000 0 0 0.000000 0 0 0.000000
107.3621 124 DELFLY_STATEESTIMATION 3 0 0.033333 10.000000 0 0 0 0 0 0 0 0 0 0 0 0 0 -13 -226 160
107.3622 124 RPM_SENSOR 0 0 106.666664 0.000000 0.000000 0.000000 0.000000 0
107.3623 124 DELFLY_SPEEDCTRL 1 0 0 0 0 0 0 0 0 0 0 0 0.000000 0 0 0.000000 0 0 0.000000
107.3660 124 RPM_SENSOR 0 0 106.666664 0.000000 0.000000 0.000000 0.000000 0
107.3661 124 DELFLY_SPEEDCTRL 1 0 0 0 0 0 0 0 0 0 0 0 0.000000 0 0 0.000000 0 0 0.000000
107.3680 124 RPM_SENSOR 0 0 106.666664 0.000000 0.000000 0.000000 0.000000 0
107.3680 124 DELFLY_SPEEDCTRL 1 0 0 0 0 0 0 0 0 0 0 0 0.000000 0 0 0.000000 0 0 0.000000
107.3700 124 STAB_ATTITUDE_INT 80 10 72 1146 -425 7018 0 0 0 0 0 0 0 0 0 0 0 0 -143 312 0
107.3702 124 RPM_SENSOR 0 0 106.666664 0.000000 0.000000 0.000000 0.000000 0
107.3702 124 DELFLY_SPEEDCTRL 1 0 0 0 0 0 0 0 0 0 0 0 0.000000 0 0 0.000000 0 0 0.000000
107.3719 124 RPM_SENSOR 0 0 106.666664 0.000000 0.000000 0.000000 0.000000 0
107.3758 124 DELFLY_GUIDANCE 14 0 0 0 0 0 0 0 0 0 0 0 0 0 0 0 0 0 0 0 0
107.3759 124 RPM_SENSOR 0 0 106.666664 0.000000 0.000000 0.000000 0.000000 0
107.3760 124 DELFLY_SPEEDCTRL 1 0 0 0 0 0 0 0 0 0 0 0 0.000000 0 0 0.000000 0 0 0.000000
107.3777 124 DELFLY_FLAPCONTROL 0.000000 0.000000 0.000000 0 0.000000 0
107.3778 124 RPM_SENSOR 0 0 106.666664 0.000000 0.000000 0.000000 0.000000 0
107.3778 124 DELFLY_SPEEDCTRL 1 0 0 0 0 0 0 0 0 0 0 0 0.000000 0 0 0.000000 0 0 0.000000
107.3798 124 STAB_ATTITUDE_INT 303 65 91 1148 -425 7019 0 0 0 0 0 0 0 0 0 0 0 0 -143 312 0
107.3799 124 RPM_SENSOR 0 0 106.666664 0.000000 0.000000 0.000000 0.000000 0
107.3838 124 RPM_SENSOR 0 0 106.666664 0.000000 0.000000 0.000000 0.000000 0
107.3838 124 DELFLY_SPEEDCTRL 1 0 0 0 0 0 0 0 0 0 0 0 0.000000 0 0 0.000000 0 0 0.000000
107.3855 124 RPM_SENSOR 0 0 106.666664 0.000000 0.000000 0.000000 0.000000 0
107.3856 124 DELFLY_SPEEDCTRL 1 0 0 0 0 0 0 0 0 0 0 0 0.000000 0 0 0.000000 0 0 0.000000
107.3874 124 RPM_SENSOR 0 0 106.666664 0.000000 0.000000 0.000000 0.000000 0
107.3875 124 DELFLY_SPEEDCTRL 1 0 0 0 0 0 0 0 0 0 0 0 0.000000 0 0 0.000000 0 0 0.000000
107.3896 124 RPM_SENSOR 0 0 106.666664 0.000000 0.000000 0.000000 0.000000 0
107.3914 124 DELFLY_STATEESTIMATION 3 0 0.033333 10.000000 0 0 0 0 0 0 0 0 0 0 0 0 0 -15 22 196
107.3915 124 RPM_SENSOR 0 0 106.666664 0.000000 0.000000 0.000000 0.000000 0
107.3916 124 DELFLY_SPEEDCTRL 1 0 0 0 0 0 0 0 0 0 0 0 0.000000 0 0 0.000000 0 0 0.000000
107.3933 124 DELFLY_STATE 0 0 0 0 0 0 0 0 0 0 0 0 0 0 0 7021 0 6432 0.000000 5
107.3934 124 RPM_SENSOR 0 0 106.666664 0.000000 0.000000 0.000000 0.000000 0
107.3935 124 DELFLY_SPEEDCTRL 1 0 0 0 0 0 0 0 0 0 0 0 0.000000 0 0 0.000000 0 0 0.000000
107.3953 124 DELFLY_GUIDANCE 14 0 0 0 0 0 0 0 0 0 0 0 0 0 0 0 0 0 0 0 0
107.3972 124 DELFLY_FLAPCONTROL 0.000000 0.000000 0.000000 0 0.000000 0
107.3973 124 RPM_SENSOR 0 0 106.666664 0.000000 0.000000 0.000000 0.000000 0
107.3974 124 DELFLY_SPEEDCTRL 1 0 0 0 0 0 0 0 0 0 0 0 0.000000 0 0 0.000000 0 0 0.000000
107.3994 124 ROTORCRAFT_FP 0 0 0 0 0 0 1154 -427 7022 0 0 512 0 -7360 0
107.3994 124 DELFLY_SPEEDCTRL_GAINS 0 18829 11115 12.589200 -485 -777 -0.022700 -1259 117 0.003400
107.3995 124 STAB_ATTITUDE_INT 297 -124 293 1154 -427 7022 0 0 0 0 0 0 0 0 0 0 0 0 -147 308 0
107.3996 124 RPM_SENSOR 0 0 106.666664 0.000000 0.000000 0.000000 0.000000 0
107.3997 124 DELFLY_SPEEDCTRL 1 0 0 0 0 0 0 0 0 0 0 0 0.000000 0 0 0.000000 0 0 0.000000
107.4012 124 RPM_SENSOR 0 0 106.666664 0.000000 0.000000 0.000000 0.000000 0
107.4050 124 RPM_SENSOR 0 0 106.666664 0.000000 0.000000 0.000000 0.000000 0
107.4051 124 DELFLY_SPEEDCTRL 1 0 0 0 0 0 0 0 0 0 0 0 0.000000 0 0 0.000000 0 0 0.000000
107.4070 124 RPM_SENSOR 0 0 106.666664 0.000000 0.000000 0.000000 0.000000 0
107.4071 124 DELFLY_SPEEDCTRL 1 0 0 0 0 0 0 0 0 0 0 0 0.000000 0 0 0.000000 0 0 0.000000
107.4091 124 STAB_ATTITUDE_INT 238 -80 377 1156 -428 7025 0 0 0 0 0 0 0 0 0 0 0 0 -147 312 0
107.4092 124 RPM_SENSOR 0 0 106.666664 0.000000 0.000000 0.000000 0.000000 0
107.4093 124 DELFLY_SPEEDCTRL 1 0 0 0 0 0 0 0 0 0 0 0 0.000000 0 0 0.000000 0 0 0.000000
107.4109 124 RPM_SENSOR 0 0 106.666664 0.000000 0.000000 0.000000 0.000000 0
107.4149 124 DELFLY_GUIDANCE 14 0 0 0 0 0 0 0 0 0 0 0 0 0 0 0 0 0 0 0 0
107.4150 124 RPM_SENSOR 0 0 106.666664 0.000000 0.000000 0.000000 0.000000 0
107.4150 124 DELFLY_SPEEDCTRL 1 0 0 0 0 0 0 0 0 0 0 0 0.000000 0 0 0.000000 0 0 0.000000
107.4168 124 DELFLY_FLAPCONTROL 0.000000 0.000000 0.000000 0 0.000000 0
107.4168 124 RPM_SENSOR 0 0 106.666664 0.000000 0.000000 0.000000 0.000000 0
107.4169 124 DELFLY_SPEEDCTRL 1 0 0 0 0 0 0 0 0 0 0 0 0.000000 0 0 0.000000 0 0 0.000000
107.4189 124 STAB_ATTITUDE_INT 51 53 361 1157 -429 7029 0 0 0 0 0 0 0 0 0 0 0 0 -147 312 0
107.4190 124 RPM_SENSOR 0 0 106.666664 0.000000 0.000000 0.000000 0.000000 0
107.4228 124 RPM_SENSOR 0 0 106.666664 0.000000 0.000000 0.000000 0.000000 0
107.4229 124 DELFLY_SPEEDCTRL 1 0 0 0 0 0 0 0 0 0 0 0 0.000000 0 0 0.000000 0 0 0.000000
107.4246 124 RPM_SENSOR 0 0 106.666664 0.000000 0.000000 0.000000 0.000000 0
107.4246 124 DELFLY_SPEEDCTRL 1 0 0 0 0 0 0 0 0 0 0 0 0.000000 0 0 0.000000 0 0 0.000000
107.4265 124 RPM_SENSOR 0 0 106.666664 0.000000 0.000000 0.000000 0.000000 0
107.4266 124 DELFLY_SPEEDCTRL 1 0 0 0 0 0 0 0 0 0 0 0 0.000000 0 0 0.000000 0 0 0.000000
107.4286 124 RPM_SENSOR 0 0 106.666664 0.000000 0.000000 0.000000 0.000000 0
107.4305 124 DELFLY_STATEESTIMATION 3 0 0.033333 10.000000 0 0 0 0 0 0 0 0 0 0 0 0 0 110 621 390
107.4306 124 RPM_SENSOR 0 0 106.666664 0.000000 0.000000 0.000000 0.000000 0
107.4306 124 DELFLY_SPEEDCTRL 1 0 0 0 0 0 0 0 0 0 0 0 0.000000 0 0 0.000000 0 0 0.000000
107.4324 124 DELFLY_STATE 0 0 0 0 0 0 0 0 0 0 0 0 0 0 0 7034 0 6432 0.000000 5
107.4325 124 RPM_SENSOR 0 0 106.666664 0.000000 0.000000 0.000000 0.000000 0
107.4326 124 DELFLY_SPEEDCTRL 1 0 0 0 0 0 0 0 0 0 0 0 0.000000 0 0 0.000000 0 0 0.000000
107.4344 124 DELFLY_GUIDANCE 14 0 0 0 0 0 0 0 0 0 0 0 0 0 0 0 0 0 0 0 0
107.4364 124 DELFLY_SPEEDCTRL 1 0 0 0 0 0 0 0 0 0 0 0 0.000000 0 0 0.000000 0 0 0.000000
107.4384 124 STAB_ATTITUDE_INT -210 -216 408 1154 -436 7036 0 0 0 0 0 0 0 0 0 0 0 0 -139 312 0
107.4385 124 RPM_SENSOR 0 0 106.666664 0.000000 0.000000 0.000000 0.000000 0
107.4385 124 DELFLY_SPEEDCTRL 1 0 0 0 0 0 0 0 0 0 0 0 0.000000 0 0 0.000000 0 0 0.000000
107.4402 124 RPM_SENSOR 0 0 106.666664 0.000000 0.000000 0.000000 0.000000 0
107.4344 124 DELFLY_GUIDANCE 14 0 0 0 0 0 0 0 0 0 0 0 0 0 0 0 0 0 0 0 0
