3.6514 124 DELFLY_GUIDANCE 0 0 0 0 0 0 0 0 0 0 0 0 0 0 0 0 0 0 0 0 0
3.6515 124 DELFLY_SPEEDCTRL 1 4 0 0 0 0 0 0 0 0 0 0 0 0 0 0.000000 0 0 0.000000 0 0 0.000000
3.6516 124 RPM_SENSOR 0 0 106.666664 0.000000 0.000000 0.000000 0.000000 0
3.6533 124 DELFLY_FLAPCONTROL 0.000000 0.000000 0.000000 0 0.000000 0
3.6534 124 DELFLY_STATE 0 0 0 0 0 0 0 0 0 0 0 0 0 0 0 -10786 0 6432 0.000000 5
3.6535 124 RPM_SENSOR 0 0 106.666664 0.000000 0.000000 0.000000 0.000000 0
3.6553 124 ROTORCRAFT_CMD 0 0 0 0
3.6553 124 RPM_SENSOR 0 0 106.666664 0.000000 0.000000 0.000000 0.000000 0
3.6574 124 STAB_ATTITUDE_INT -241 -255 -1591 -10738 4019 -10766 0 0 0 0 0 0 0 0 0 0 0 0 0 0 0
3.6576 124 RPM_SENSOR 0 0 106.666664 0.000000 0.000000 0.000000 0.000000 0
3.6592 124 RPM_SENSOR 0 0 106.666664 0.000000 0.000000 0.000000 0.000000 0
3.6631 124 DELFLY_STATE 0 0 0 0 0 0 0 0 0 0 0 0 0 0 0 -10756 0 6432 0.000000 5
3.6632 124 RPM_SENSOR 0 0 106.666664 0.000000 0.000000 0.000000 0.000000 0
3.6651 124 ROTORCRAFT_CMD 0 0 0 0
3.6651 124 RPM_SENSOR 0 0 106.666664 0.000000 0.000000 0.000000 0.000000 0
3.6672 124 STAB_ATTITUDE_INT 268 -98 -1344 -10718 4014 -10743 0 0 0 0 0 0 0 0 0 0 0 0 0 0 0
3.6673 124 RPM_SENSOR 0 0 106.666664 0.000000 0.000000 0.000000 0.000000 0
3.6690 124 DELFLY_STATEESTIMATION 4 0 0.033333 10.000000 0 0 0 0 0 0 0 0 0 0 0 0 0 194 -2390 550
3.6691 124 RPM_SENSOR 0 0 106.666664 0.000000 0.000000 0.000000 0.000000 0
3.6709 124 DELFLY_GUIDANCE 0 0 0 0 0 0 0 0 0 0 0 0 0 0 0 0 0 0 0 0 0
3.7178 124 DELFLY_STATEESTIMATION 4 0 0.033333 10.000000 0 0 0 0 0 0 0 0 0 0 0 0 0 156 -2376 685
3.7179 124 RPM_SENSOR 0 0 106.666664 0.000000 0.000000 0.000000 0.000000 0
3.7198 124 DELFLY_SPEEDCTRL 1 4 0 0 0 0 0 0 0 0 0 0 0 0 0 0.000000 0 0 0.000000 0 0 0.000000
3.7199 124 RPM_SENSOR 0 0 106.666664 0.000000 0.000000 0.000000 0.000000 0
3.7217 124 DELFLY_STATE 0 0 0 0 0 0 0 0 0 0 0 0 0 0 0 -10644 0 6432 0.000000 5
3.7218 124 RPM_SENSOR 0 0 106.666664 0.000000 0.000000 0.000000 0.000000 0
3.7237 124 ROTORCRAFT_CMD 0 0 0 0
3.7237 124 RPM_SENSOR 0 0 106.666664 0.000000 0.000000 0.000000 0.000000 0
3.7258 124 RPM_SENSOR 0 0 106.666664 0.000000 0.000000 0.000000 0.000000 0
3.7765 124 RPM_SENSOR 0 0 106.666664 0.000000 0.000000 0.000000 0.000000 0
3.7784 124 DELFLY_SPEEDCTRL 1 4 0 0 0 0 0 0 0 0 0 0 0 0 0 0.000000 0 0 0.000000 0 0 0.000000
3.7785 124 RPM_SENSOR 0 0 106.666664 0.000000 0.000000 0.000000 0.000000 0
3.7803 124 DELFLY_STATE 0 0 0 0 0 0 0 0 0 0 0 0 0 0 0 -10452 0 6432 0.000000 5
3.7804 124 RPM_SENSOR 0 0 106.666664 0.000000 0.000000 0.000000 0.000000 0
3.7823 124 ROTORCRAFT_CMD 0 0 0 0
3.7823 124 RPM_SENSOR 0 0 106.666664 0.000000 0.000000 0.000000 0.000000 0
3.7844 124 RPM_SENSOR 0 0 106.666664 0.000000 0.000000 0.000000 0.000000 0
3.8390 124 RPM_SENSOR 0 0 106.666664 0.000000 0.000000 0.000000 0.000000 0
3.8409 124 ROTORCRAFT_CMD 0 0 0 0
3.8409 124 RPM_SENSOR 0 0 106.666664 0.000000 0.000000 0.000000 0.000000 0
3.8430 124 STAB_ATTITUDE_INT 1152 671 -287 -10431 3958 -10426 0 0 0 0 0 0 0 0 0 0 0 0 0 0 0
3.8431 124 RPM_SENSOR 0 0 106.666664 0.000000 0.000000 0.000000 0.000000 0
3.8448 124 DELFLY_STATEESTIMATION 4 0 0.033333 10.000000 0 0 0 0 0 0 0 0 0 0 0 0 0 -59 -2766 773
3.8449 124 RPM_SENSOR 0 0 106.666664 0.000000 0.000000 0.000000 0.000000 0
3.8467 124 RPM_SENSOR 0 0 106.666664 0.000000 0.000000 0.000000 0.000000 0
3.8995 124 RPM_SENSOR 0 0 106.666664 0.000000 0.000000 0.000000 0.000000 0
3.9016 124 STAB_ATTITUDE_INT 1123 692 -89 -10416 3930 -10474 0 0 0 0 0 0 0 0 0 0 0 0 0 0 0
3.9017 124 RPM_SENSOR 0 0 106.666664 0.000000 0.000000 0.000000 0.000000 0
3.9034 124 DELFLY_STATEESTIMATION 4 0 0.033333 10.000000 0 0 0 0 0 0 0 0 0 0 0 0 0 159 -2807 805
3.9035 124 RPM_SENSOR 0 0 106.666664 0.000000 0.000000 0.000000 0.000000 0
3.9053 124 DELFLY_GUIDANCE 0 0 0 0 0 0 0 0 0 0 0 0 0 0 0 0 0 0 0 0 0
3.9054 124 DELFLY_SPEEDCTRL 1 4 0 0 0 0 0 0 0 0 0 0 0 0 0 0.000000 0 0 0.000000 0 0 0.000000
3.9580 124 ROTORCRAFT_CMD 0 0 0 0
3.9581 124 RPM_SENSOR 0 0 106.666664 0.000000 0.000000 0.000000 0.000000 0
3.9602 124 STAB_ATTITUDE_INT 1486 1184 -194 -10352 3870 -10514 0 0 0 0 0 0 0 0 0 0 0 0 0 0 0
3.9603 124 RPM_SENSOR 0 0 106.666664 0.000000 0.000000 0.000000 0.000000 0
3.9620 124 DELFLY_STATEESTIMATION 4 0 0.033333 10.000000 0 0 0 0 0 0 0 0 0 0 0 0 0 215 -3134 961
3.9621 124 RPM_SENSOR 0 0 106.666664 0.000000 0.000000 0.000000 0.000000 0
3.9639 124 DELFLY_GUIDANCE 0 0 0 0 0 0 0 0 0 0 0 0 0 0 0 0 0 0 0 0 0
3.9640 124 DELFLY_SPEEDCTRL 1 4 0 0 0 0 0 0 0 0 0 0 0 0 0 0.000000 0 0 0.000000 0 0 0.000000
4.0225 124 DELFLY_GUIDANCE 0 0 0 0 0 0 0 0 0 0 0 0 0 0 0 0 0 0 0 0 0
4.0226 124 DELFLY_SPEEDCTRL 1 4 0 0 0 0 0 0 0 0 0 0 0 0 0 0.000000 0 0 0.000000 0 0 0.000000
4.0227 124 RPM_SENSOR 0 0 106.666664 0.000000 0.000000 0.000000 0.000000 0
4.0244 124 DELFLY_FLAPCONTROL 0.000000 0.000000 0.000000 0 0.000000 0
4.0245 124 DELFLY_STATE 0 0 0 0 0 0 0 0 0 0 0 0 0 0 0 -10475 0 6432 0.000000 5
4.0246 124 RPM_SENSOR 0 0 106.666664 0.000000 0.000000 0.000000 0.000000 0
4.0264 124 ROTORCRAFT_CMD 0 0 0 0
4.0264 124 RPM_SENSOR 0 0 106.666664 0.000000 0.000000 0.000000 0.000000 0
4.0304 124 RPM_SENSOR 0 0 106.666664 0.000000 0.000000 0.000000 0.000000 0
4.0323 124 DELFLY_SPEEDCTRL 1 4 0 0 0 0 0 0 0 0 0 0 0 0 0 0.000000 0 0 0.000000 0 0 0.000000
4.0324 124 RPM_SENSOR 0 0 106.666664 0.000000 0.000000 0.000000 0.000000 0
4.0342 124 DELFLY_STATE 0 0 0 0 0 0 0 0 0 0 0 0 0 0 0 -10455 0 6432 0.000000 5
4.0343 124 RPM_SENSOR 0 0 106.666664 0.000000 0.000000 0.000000 0.000000 0
4.0362 124 ROTORCRAFT_CMD 0 0 0 0
4.0362 124 RPM_SENSOR 0 0 106.666664 0.000000 0.000000 0.000000 0.000000 0
4.0383 124 RPM_SENSOR 0 0 106.666664 0.000000 0.000000 0.000000 0.000000 0
4.0401 124 DELFLY_STATEESTIMATION 4 0 0.033333 10.000000 0 0 0 0 0 0 0 0 0 0 0 0 0 -170 -3239 738
4.0402 124 RPM_SENSOR 0 0 106.666664 0.000000 0.000000 0.000000 0.000000 0
4.0420 124 DELFLY_GUIDANCE 0 0 0 0 0 0 0 0 0 0 0 0 0 0 0 0 0 0 0 0 0
4.0421 124 DELFLY_SPEEDCTRL 1 4 0 0 0 0 0 0 0 0 0 0 0 0 0 0.000000 0 0 0.000000 0 0 0.000000
4.0422 124 RPM_SENSOR 0 0 106.666664 0.000000 0.000000 0.000000 0.000000 0
4.0440 124 DELFLY_FLAPCONTROL 0.000000 0.000000 0.000000 0 0.000000 0
4.0440 124 DELFLY_STATE 0 0 0 0 0 0 0 0 0 0 0 0 0 0 0 -10445 0 6432 0.000000 5
4.0441 124 RPM_SENSOR 0 0 106.666664 0.000000 0.000000 0.000000 0.000000 0
4.0459 124 ROTORCRAFT_CMD 0 0 0 0
4.0481 124 ROTORCRAFT_FP 0 0 0 0 0 0 -10303 3821 -10437 0 0 512 0 0 0
4.0481 124 DELFLY_SPEEDCTRL_GAINS 0 18829 11115 12.589200 -485 -777 -0.022700 -1259 117 0.003400
4.0482 124 STAB_ATTITUDE_INT -461 -230 -606 -10303 3821 -10437 0 0 0 0 0 0 0 0 0 0 0 0 0 0 0
4.0483 124 RPM_SENSOR 0 0 106.666664 0.000000 0.000000 0.000000 0.000000 0
4.0498 124 DELFLY_STATEESTIMATION 4 0 0.033333 10.000000 0 0 0 0 0 0 0 0 0 0 0 0 0 61 -3143 678
4.0499 124 RPM_SENSOR 0 0 106.666664 0.000000 0.000000 0.000000 0.000000 0
4.0518 124 DELFLY_SPEEDCTRL 1 4 0 0 0 0 0 0 0 0 0 0 0 0 0 0.000000 0 0 0.000000 0 0 0.000000
4.0519 124 RPM_SENSOR 0 0 106.666664 0.000000 0.000000 0.000000 0.000000 0
4.0557 124 ROTORCRAFT_CMD 0 0 0 0
4.0557 124 RPM_SENSOR 0 0 106.666664 0.000000 0.000000 0.000000 0.000000 0
4.0578 124 STAB_ATTITUDE_INT -356 -376 -427 -10302 3821 -10430 0 0 0 0 0 0 0 0 0 0 0 0 0 0 0
4.0579 124 RPM_SENSOR 0 0 106.666664 0.000000 0.000000 0.000000 0.000000 0
4.0596 124 DELFLY_STATEESTIMATION 4 0 0.033333 10.000000 0 0 0 0 0 0 0 0 0 0 0 0 0 77 -3077 830
4.0597 124 RPM_SENSOR 0 0 106.666664 0.000000 0.000000 0.000000 0.000000 0
4.0615 124 DELFLY_GUIDANCE 0 0 0 0 0 0 0 0 0 0 0 0 0 0 0 0 0 0 0 0 0
4.0617 124 DELFLY_SPEEDCTRL 1 4 0 0 0 0 0 0 0 0 0 0 0 0 0 0.000000 0 0 0.000000 0 0 0.000000
4.0655 124 RPM_SENSOR 0 0 106.666664 0.000000 0.000000 0.000000 0.000000 0
4.0676 124 STAB_ATTITUDE_INT -501 -541 -625 -10298 3823 -10418 0 0 0 0 0 0 0 0 0 0 0 0 0 0 0
4.0677 124 RPM_SENSOR 0 0 106.666664 0.000000 0.000000 0.000000 0.000000 0
4.0694 124 DELFLY_STATEESTIMATION 4 0 0.033333 10.000000 0 0 0 0 0 0 0 0 0 0 0 0 0 191 -2992 791
4.0695 124 RPM_SENSOR 0 0 106.666664 0.000000 0.000000 0.000000 0.000000 0
4.0713 124 DELFLY_SPEEDCTRL 1 4 0 0 0 0 0 0 0 0 0 0 0 0 0 0.000000 0 0 0.000000 0 0 0.000000
4.0715 124 RPM_SENSOR 0 0 106.666664 0.000000 0.000000 0.000000 0.000000 0
4.0733 124 RPM_SENSOR 0 0 106.666664 0.000000 0.000000 0.000000 0.000000 0
4.0753 124 ROTORCRAFT_CMD 0 0 0 0
4.0753 124 RPM_SENSOR 0 0 106.666664 0.000000 0.000000 0.000000 0.000000 0
4.0773 124 STAB_ATTITUDE_INT -500 -586 -816 -10292 3824 -10404 0 0 0 0 0 0 0 0 0 0 0 0 0 0 0
4.0774 124 RPM_SENSOR 0 0 106.666664 0.000000 0.000000 0.000000 0.000000 0
4.0791 124 DELFLY_STATEESTIMATION 4 0 0.033333 10.000000 0 0 0 0 0 0 0 0 0 0 0 0 0 48 -3051 733
4.0792 124 RPM_SENSOR 0 0 106.666664 0.000000 0.000000 0.000000 0.000000 0
4.0811 124 DELFLY_GUIDANCE 0 0 0 0 0 0 0 0 0 0 0 0 0 0 0 0 0 0 0 0 0
4.0812 124 DELFLY_SPEEDCTRL 1 4 0 0 0 0 0 0 0 0 0 0 0 0 0 0.000000 0 0 0.000000 0 0 0.000000
4.0850 124 RPM_SENSOR 0 0 106.666664 0.000000 0.000000 0.000000 0.000000 0
4.0871 124 STAB_ATTITUDE_INT -538 -645 -1046 -10283 3824 -10386 0 0 0 0 0 0 0 0 0 0 0 0 0 0 0
4.0872 124 RPM_SENSOR 0 0 106.666664 0.000000 0.000000 0.000000 0.000000 0
4.0889 124 DELFLY_STATEESTIMATION 4 0 0.033333 10.000000 0 0 0 0 0 0 0 0 0 0 0 0 0 -134 -3073 675
4.0890 124 RPM_SENSOR 0 0 106.666664 0.000000 0.000000 0.000000 0.000000 0
4.0908 124 DELFLY_SPEEDCTRL 1 4 0 0 0 0 0 0 0 0 0 0 0 0 0 0.000000 0 0 0.000000 0 0 0.000000
4.0910 124 RPM_SENSOR 0 0 106.666664 0.000000 0.000000 0.000000 0.000000 0
4.0928 124 RPM_SENSOR 0 0 106.666664 0.000000 0.000000 0.000000 0.000000 0
4.0948 124 ROTORCRAFT_CMD 0 0 0 0
4.0948 124 RPM_SENSOR 0 0 106.666664 0.000000 0.000000 0.000000 0.000000 0
4.0969 124 STAB_ATTITUDE_INT -90 -317 -1192 -10272 3821 -10367 0 0 0 0 0 0 0 0 0 0 0 0 0 0 0
4.0970 124 RPM_SENSOR 0 0 106.666664 0.000000 0.000000 0.000000 0.000000 0
4.0987 124 DELFLY_STATEESTIMATION 4 0 0.033333 10.000000 0 0 0 0 0 0 0 0 0 0 0 0 0 8 -3262 793
4.0988 124 RPM_SENSOR 0 0 106.666664 0.000000 0.000000 0.000000 0.000000 0
4.1006 124 DELFLY_GUIDANCE 0 0 0 0 0 0 0 0 0 0 0 0 0 0 0 0 0 0 0 0 0
4.1007 124 DELFLY_SPEEDCTRL 1 4 0 0 0 0 0 0 0 0 0 0 0 0 0 0.000000 0 0 0.000000 0 0 0.000000
4.1046 124 RPM_SENSOR 0 0 106.666664 0.000000 0.000000 0.000000 0.000000 0
4.1066 124 STAB_ATTITUDE_INT 56 -84 -1291 -10257 3817 -10349 0 0 0 0 0 0 0 0 0 0 0 0 0 0 0
4.1068 124 RPM_SENSOR 0 0 106.666664 0.000000 0.000000 0.000000 0.000000 0
4.1084 124 DELFLY_STATEESTIMATION 4 0 0.033333 10.000000 0 0 0 0 0 0 0 0 0 0 0 0 0 -154 -3286 591
4.1085 124 RPM_SENSOR 0 0 106.666664 0.000000 0.000000 0.000000 0.000000 0
4.1104 124 DELFLY_SPEEDCTRL 1 4 0 0 0 0 0 0 0 0 0 0 0 0 0 0.000000 0 0 0.000000 0 0 0.000000
4.1105 124 RPM_SENSOR 0 0 106.666664 0.000000 0.000000 0.000000 0.000000 0
4.1123 124 RPM_SENSOR 0 0 106.666664 0.000000 0.000000 0.000000 0.000000 0
4.1143 124 ROTORCRAFT_CMD 0 0 0 0
4.1143 124 RPM_SENSOR 0 0 106.666664 0.000000 0.000000 0.000000 0.000000 0
4.1164 124 STAB_ATTITUDE_INT 266 55 -1247 -10243 3809 -10333 0 0 0 0 0 0 0 0 0 0 0 0 0 0 0
4.1165 124 RPM_SENSOR 0 0 106.666664 0.000000 0.000000 0.000000 0.000000 0
4.1182 124 DELFLY_STATEESTIMATION 4 0 0.033333 10.000000 0 0 0 0 0 0 0 0 0 0 0 0 0 -200 -3369 702
4.1183 124 RPM_SENSOR 0 0 106.666664 0.000000 0.000000 0.000000 0.000000 0
4.1202 124 DELFLY_GUIDANCE 0 0 0 0 0 0 0 0 0 0 0 0 0 0 0 0 0 0 0 0 0
4.1203 124 DELFLY_SPEEDCTRL 1 4 0 0 0 0 0 0 0 0 0 0 0 0 0 0.000000 0 0 0.000000 0 0 0.000000
4.1241 124 RPM_SENSOR 0 0 106.666664 0.000000 0.000000 0.000000 0.000000 0
4.1262 124 STAB_ATTITUDE_INT 283 40 -883 -10232 3804 -10321 0 0 0 0 0 0 0 0 0 0 0 0 0 0 0
4.1263 124 RPM_SENSOR 0 0 106.666664 0.000000 0.000000 0.000000 0.000000 0
4.1279 124 DELFLY_STATEESTIMATION 4 0 0.033333 10.000000 0 0 0 0 0 0 0 0 0 0 0 0 0 -54 -3217 459
4.1280 124 RPM_SENSOR 0 0 106.666664 0.000000 0.000000 0.000000 0.000000 0
4.1299 124 DELFLY_SPEEDCTRL 1 4 0 0 0 0 0 0 0 0 0 0 0 0 0 0.000000 0 0 0.000000 0 0 0.000000
4.1300 124 RPM_SENSOR 0 0 106.666664 0.000000 0.000000 0.000000 0.000000 0
4.1319 124 RPM_SENSOR 0 0 106.666664 0.000000 0.000000 0.000000 0.000000 0
4.1339 124 ROTORCRAFT_CMD 0 0 0 0
4.1339 124 RPM_SENSOR 0 0 106.666664 0.000000 0.000000 0.000000 0.000000 0
4.1359 124 STAB_ATTITUDE_INT -14 -119 -537 -10226 3801 -10314 0 0 0 0 0 0 0 0 0 0 0 0 0 0 0
4.1360 124 RPM_SENSOR 0 0 106.666664 0.000000 0.000000 0.000000 0.000000 0
4.1377 124 DELFLY_STATEESTIMATION 4 0 0.033333 10.000000 0 0 0 0 0 0 0 0 0 0 0 0 0 98 -3174 700
4.1378 124 RPM_SENSOR 0 0 106.666664 0.000000 0.000000 0.000000 0.000000 0
4.1397 124 DELFLY_GUIDANCE 0 0 0 0 0 0 0 0 0 0 0 0 0 0 0 0 0 0 0 0 0
4.1398 124 DELFLY_SPEEDCTRL 1 4 0 0 0 0 0 0 0 0 0 0 0 0 0 0.000000 0 0 0.000000 0 0 0.000000
4.1436 124 RPM_SENSOR 0 0 106.666664 0.000000 0.000000 0.000000 0.000000 0
4.1457 124 STAB_ATTITUDE_INT -499 -525 -701 -10221 3801 -10304 0 0 0 0 0 0 0 0 0 0 0 0 0 0 0
4.1458 124 RPM_SENSOR 0 0 106.666664 0.000000 0.000000 0.000000 0.000000 0
4.1477 124 ROTORCRAFT_FP 0 0 0 0 0 0 -10220 3801 -10301 0 0 512 0 0 0
4.1477 124 DELFLY_SPEEDCTRL_GAINS 0 18829 11115 12.589200 -485 -777 -0.022700 -1259 117 0.003400
4.1478 124 DELFLY_STATEESTIMATION 4 0 0.033333 10.000000 0 0 0 0 0 0 0 0 0 0 0 0 0 -272 -3352 1037
4.1479 124 RPM_SENSOR 0 0 106.666664 0.000000 0.000000 0.000000 0.000000 0
4.1494 124 RPM_SENSOR 0 0 106.666664 0.000000 0.000000 0.000000 0.000000 0
4.1534 124 ROTORCRAFT_CMD 0 0 0 0
4.1534 124 RPM_SENSOR 0 0 106.666664 0.000000 0.000000 0.000000 0.000000 0
4.1555 124 STAB_ATTITUDE_INT -902 -592 -979 -10218 3801 -10289 0 0 0 0 0 0 0 0 0 0 0 0 0 0 0
4.1556 124 RPM_SENSOR 0 0 106.666664 0.000000 0.000000 0.000000 0.000000 0
4.1573 124 DELFLY_STATEESTIMATION 4 0 0.033333 10.000000 0 0 0 0 0 0 0 0 0 0 0 0 0 396 -3278 1220
4.1574 124 RPM_SENSOR 0 0 106.666664 0.000000 0.000000 0.000000 0.000000 0
4.1592 124 DELFLY_GUIDANCE 0 0 0 0 0 0 0 0 0 0 0 0 0 0 0 0 0 0 0 0 0
4.1593 124 DELFLY_SPEEDCTRL 1 4 0 0 0 0 0 0 0 0 0 0 0 0 0 0.000000 0 0 0.000000 0 0 0.000000
4.1632 124 RPM_SENSOR 0 0 106.666664 0.000000 0.000000 0.000000 0.000000 0
4.1652 124 STAB_ATTITUDE_INT -640 -457 -1429 -10210 3798 -10268 0 0 0 0 0 0 0 0 0 0 0 0 0 0 0
4.1653 124 RPM_SENSOR 0 0 106.666664 0.000000 0.000000 0.000000 0.000000 0
4.1670 124 DELFLY_STATEESTIMATION 4 0 0.033333 10.000000 0 0 0 0 0 0 0 0 0 0 0 0 0 493 -3540 1038
4.1671 124 RPM_SENSOR 0 0 106.666664 0.000000 0.000000 0.000000 0.000000 0
4.1690 124 DELFLY_SPEEDCTRL 1 4 0 0 0 0 0 0 0 0 0 0 0 0 0 0.000000 0 0 0.000000 0 0 0.000000
4.1691 124 RPM_SENSOR 0 0 106.666664 0.000000 0.000000 0.000000 0.000000 0
4.1709 124 RPM_SENSOR 0 0 106.666664 0.000000 0.000000 0.000000 0.000000 0
4.1729 124 ROTORCRAFT_CMD 0 0 0 0
4.1729 124 RPM_SENSOR 0 0 106.666664 0.000000 0.000000 0.000000 0.000000 0
4.1750 124 STAB_ATTITUDE_INT -877 -570 -2092 -10196 3793 -10240 0 0 0 0 0 0 0 0 0 0 0 0 0 0 0
4.1751 124 RPM_SENSOR 0 0 106.666664 0.000000 0.000000 0.000000 0.000000 0
4.1768 124 DELFLY_STATEESTIMATION 4 0 0.033333 10.000000 0 0 0 0 0 0 0 0 0 0 0 0 0 108 -3438 1040
4.1769 124 RPM_SENSOR 0 0 106.666664 0.000000 0.000000 0.000000 0.000000 0
4.1787 124 DELFLY_GUIDANCE 0 0 0 0 0 0 0 0 0 0 0 0 0 0 0 0 0 0 0 0 0
4.1789 124 DELFLY_SPEEDCTRL 1 4 0 0 0 0 0 0 0 0 0 0 0 0 0 0.000000 0 0 0.000000 0 0 0.000000
4.1827 124 RPM_SENSOR 0 0 106.666664 0.000000 0.000000 0.000000 0.000000 0
4.1848 124 STAB_ATTITUDE_INT -1981 -1029 -2699 -10181 3785 -10203 0 0 0 0 0 0 0 0 0 0 0 0 0 0 0
4.1849 124 RPM_SENSOR 0 0 106.666664 0.000000 0.000000 0.000000 0.000000 0
4.1866 124 DELFLY_STATEESTIMATION 4 0 0.033333 10.000000 0 0 0 0 0 0 0 0 0 0 0 0 0 -224 -3726 1111
4.1867 124 RPM_SENSOR 0 0 106.666664 0.000000 0.000000 0.000000 0.000000 0
4.1885 124 DELFLY_SPEEDCTRL 1 4 0 0 0 0 0 0 0 0 0 0 0 0 0 0.000000 0 0 0.000000 0 0 0.000000
4.1886 124 RPM_SENSOR 0 0 106.666664 0.000000 0.000000 0.000000 0.000000 0
4.1905 124 RPM_SENSOR 0 0 106.666664 0.000000 0.000000 0.000000 0.000000 0
4.1924 124 ROTORCRAFT_CMD 0 0 0 0
4.1925 124 RPM_SENSOR 0 0 106.666664 0.000000 0.000000 0.000000 0.000000 0
4.1945 124 STAB_ATTITUDE_INT -830 -433 -2249 -10164 3778 -10167 0 0 0 0 0 0 0 0 0 0 0 0 0 0 0
4.1946 124 RPM_SENSOR 0 0 106.666664 0.000000 0.000000 0.000000 0.000000 0
4.1963 124 DELFLY_STATEESTIMATION 4 0 0.033333 10.000000 0 0 0 0 0 0 0 0 0 0 0 0 0 -139 -3704 1335
4.1964 124 RPM_SENSOR 0 0 106.666664 0.000000 0.000000 0.000000 0.000000 0
4.1983 124 DELFLY_GUIDANCE 0 0 0 0 0 0 0 0 0 0 0 0 0 0 0 0 0 0 0 0 0
4.1984 124 DELFLY_SPEEDCTRL 1 4 0 0 0 0 0 0 0 0 0 0 0 0 0 0.000000 0 0 0.000000 0 0 0.000000
4.2022 124 RPM_SENSOR 0 0 106.666664 0.000000 0.000000 0.000000 0.000000 0
4.2043 124 STAB_ATTITUDE_INT -163 150 -1610 -10152 3769 -10143 0 0 0 0 0 0 0 0 0 0 0 0 0 0 0
4.2044 124 RPM_SENSOR 0 0 106.666664 0.000000 0.000000 0.000000 0.000000 0
4.2061 124 DELFLY_STATEESTIMATION 4 0 0.033333 10.000000 0 0 0 0 0 0 0 0 0 0 0 0 0 -143 -3609 1302
4.2062 124 RPM_SENSOR 0 0 106.666664 0.000000 0.000000 0.000000 0.000000 0
4.2080 124 DELFLY_SPEEDCTRL 1 4 0 0 0 0 0 0 0 0 0 0 0 0 0 0.000000 0 0 0.000000 0 0 0.000000
4.2082 124 RPM_SENSOR 0 0 106.666664 0.000000 0.000000 0.000000 0.000000 0
4.2100 124 RPM_SENSOR 0 0 106.666664 0.000000 0.000000 0.000000 0.000000 0
4.2120 124 ROTORCRAFT_CMD 0 0 0 0
4.2120 124 RPM_SENSOR 0 0 106.666664 0.000000 0.000000 0.000000 0.000000 0
4.2141 124 STAB_ATTITUDE_INT -11 -991 783 -10136 3763 -10129 0 0 0 0 0 0 0 0 0 0 0 0 0 0 0
4.2142 124 RPM_SENSOR 0 0 106.666664 0.000000 0.000000 0.000000 0.000000 0
4.2158 124 DELFLY_STATEESTIMATION 4 0 0.033333 10.000000 0 0 0 0 0 0 0 0 0 0 0 0 0 895 -6650 866
4.2159 124 RPM_SENSOR 0 0 106.666664 0.000000 0.000000 0.000000 0.000000 0
4.2178 124 DELFLY_GUIDANCE 0 0 0 0 0 0 0 0 0 0 0 0 0 0 0 0 0 0 0 0 0
4.2179 124 DELFLY_SPEEDCTRL 1 4 0 0 0 0 0 0 0 0 0 0 0 0 0 0.000000 0 0 0.000000 0 0 0.000000
4.2218 124 RPM_SENSOR 0 0 106.666664 0.000000 0.000000 0.000000 0.000000 0
4.2238 124 STAB_ATTITUDE_INT -288 -260 -746 -10135 3763 -10121 0 0 0 0 0 0 0 0 0 0 0 0 0 0 0
4.2239 124 RPM_SENSOR 0 0 106.666664 0.000000 0.000000 0.000000 0.000000 0
4.2256 124 DELFLY_STATEESTIMATION 4 0 0.033333 10.000000 0 0 0 0 0 0 0 0 0 0 0 0 0 -275 -4328 1011
4.2257 124 RPM_SENSOR 0 0 106.666664 0.000000 0.000000 0.000000 0.000000 0
4.2276 124 DELFLY_SPEEDCTRL 1 4 0 0 0 0 0 0 0 0 0 0 0 0 0 0.000000 0 0 0.000000 0 0 0.000000
4.2277 124 RPM_SENSOR 0 0 106.666664 0.000000 0.000000 0.000000 0.000000 0
4.2295 124 RPM_SENSOR 0 0 106.666664 0.000000 0.000000 0.000000 0.000000 0
4.2315 124 ROTORCRAFT_CMD 0 0 0 0
4.2315 124 RPM_SENSOR 0 0 106.666664 0.000000 0.000000 0.000000 0.000000 0
4.2336 124 STAB_ATTITUDE_INT 127 -7 -558 -10130 3761 -10113 0 0 0 0 0 0 0 0 0 0 0 0 0 0 0
4.2337 124 RPM_SENSOR 0 0 106.666664 0.000000 0.000000 0.000000 0.000000 0
4.2354 124 DELFLY_STATEESTIMATION 4 0 0.033333 10.000000 0 0 0 0 0 0 0 0 0 0 0 0 0 -420 -4699 1303
4.2355 124 RPM_SENSOR 0 0 106.666664 0.000000 0.000000 0.000000 0.000000 0
4.2373 124 DELFLY_GUIDANCE 0 0 0 0 0 0 0 0 0 0 0 0 0 0 0 0 0 0 0 0 0
4.2375 124 DELFLY_SPEEDCTRL 1 4 0 0 0 0 0 0 0 0 0 0 0 0 0 0.000000 0 0 0.000000 0 0 0.000000
4.2413 124 RPM_SENSOR 0 0 106.666664 0.000000 0.000000 0.000000 0.000000 0
4.2434 124 STAB_ATTITUDE_INT 312 376 -1268 -10122 3756 -10105 0 0 0 0 0 0 0 0 0 0 0 0 0 0 0
4.2435 124 RPM_SENSOR 0 0 106.666664 0.000000 0.000000 0.000000 0.000000 0
4.2451 124 DELFLY_STATEESTIMATION 4 0 0.033333 10.000000 0 0 0 0 0 0 0 0 0 0 0 0 0 -85 -5276 1514
4.2452 124 RPM_SENSOR 0 0 106.666664 0.000000 0.000000 0.000000 0.000000 0
4.2473 124 ROTORCRAFT_FP 0 0 0 0 0 0 -10118 3753 -10102 0 0 512 0 0 0
4.2474 124 DELFLY_SPEEDCTRL_GAINS 0 18829 11115 12.589200 -485 -777 -0.022700 -1259 117 0.003400
4.2474 124 RPM_SENSOR 0 0 106.666664 0.000000 0.000000 0.000000 0.000000 0
4.2510 124 ROTORCRAFT_CMD 0 0 0 0
4.2511 124 RPM_SENSOR 0 0 106.666664 0.000000 0.000000 0.000000 0.000000 0
4.2531 124 STAB_ATTITUDE_INT 426 333 -955 -10111 3748 -10097 0 0 0 0 0 0 0 0 0 0 0 0 0 0 0
4.2533 124 RPM_SENSOR 0 0 106.666664 0.000000 0.000000 0.000000 0.000000 0
4.2549 124 DELFLY_STATEESTIMATION 4 0 0.033333 10.000000 0 0 0 0 0 0 0 0 0 0 0 0 0 71 -3489 1129
4.2550 124 RPM_SENSOR 0 0 106.666664 0.000000 0.000000 0.000000 0.000000 0
4.2569 124 DELFLY_GUIDANCE 0 0 0 0 0 0 0 0 0 0 0 0 0 0 0 0 0 0 0 0 0
4.2570 124 DELFLY_SPEEDCTRL 1 4 0 0 0 0 0 0 0 0 0 0 0 0 0 0.000000 0 0 0.000000 0 0 0.000000
4.2611 124 RPM_SENSOR 0 0 106.666664 0.000000 0.000000 0.000000 0.000000 0
4.2629 124 STAB_ATTITUDE_INT 592 132 -834 -10100 3742 -10088 0 0 0 0 0 0 0 0 0 0 0 0 0 0 0
4.2630 124 RPM_SENSOR 0 0 106.666664 0.000000 0.000000 0.000000 0.000000 0
4.2647 124 DELFLY_STATEESTIMATION 4 0 0.033333 10.000000 0 0 0 0 0 0 0 0 0 0 0 0 0 25 -603 1156
4.2648 124 RPM_SENSOR 0 0 106.666664 0.000000 0.000000 0.000000 0.000000 0
4.2666 124 DELFLY_SPEEDCTRL 1 4 0 0 0 0 0 0 0 0 0 0 0 0 0 0.000000 0 0 0.000000 0 0 0.000000
4.2668 124 RPM_SENSOR 0 0 106.666664 0.000000 0.000000 0.000000 0.000000 0
4.2686 124 RPM_SENSOR 0 0 106.666664 0.000000 0.000000 0.000000 0.000000 0
4.2706 124 ROTORCRAFT_CMD 0 0 0 0
4.2706 124 RPM_SENSOR 0 0 106.666664 0.000000 0.000000 0.000000 0.000000 0
4.2726 124 STAB_ATTITUDE_INT -98 -168 -1175 -10093 3739 -10080 0 0 0 0 0 0 0 0 0 0 0 0 0 0 0
4.2728 124 RPM_SENSOR 0 0 106.666664 0.000000 0.000000 0.000000 0.000000 0
4.2744 124 DELFLY_STATEESTIMATION 4 0 0.033333 10.000000 0 0 0 0 0 0 0 0 0 0 0 0 0 341 -4155 1721
4.2745 124 RPM_SENSOR 0 0 106.666664 0.000000 0.000000 0.000000 0.000000 0
4.2764 124 DELFLY_GUIDANCE 0 0 0 0 0 0 0 0 0 0 0 0 0 0 0 0 0 0 0 0 0
4.2765 124 DELFLY_SPEEDCTRL 1 4 0 0 0 0 0 0 0 0 0 0 0 0 0 0.000000 0 0 0.000000 0 0 0.000000
4.2804 124 RPM_SENSOR 0 0 106.666664 0.000000 0.000000 0.000000 0.000000 0
4.2824 124 STAB_ATTITUDE_INT -121 51 -1123 -10085 3733 -10067 0 0 0 0 0 0 0 0 0 0 0 0 0 0 0
4.2825 124 RPM_SENSOR 0 0 106.666664 0.000000 0.000000 0.000000 0.000000 0
4.2842 124 DELFLY_STATEESTIMATION 4 0 0.033333 10.000000 0 0 0 0 0 0 0 0 0 0 0 0 0 432 -3578 1462
4.2843 124 RPM_SENSOR 0 0 106.666664 0.000000 0.000000 0.000000 0.000000 0
4.2862 124 DELFLY_SPEEDCTRL 1 4 0 0 0 0 0 0 0 0 0 0 0 0 0 0.000000 0 0 0.000000 0 0 0.000000
4.2863 124 RPM_SENSOR 0 0 106.666664 0.000000 0.000000 0.000000 0.000000 0
4.2881 124 RPM_SENSOR 0 0 106.666664 0.000000 0.000000 0.000000 0.000000 0
4.2901 124 ROTORCRAFT_CMD 0 0 0 0
4.2901 124 RPM_SENSOR 0 0 106.666664 0.000000 0.000000 0.000000 0.000000 0
4.2922 124 STAB_ATTITUDE_INT -81 177 -850 -10079 3726 -10058 0 0 0 0 0 0 0 0 0 0 0 0 0 0 0
4.2923 124 RPM_SENSOR 0 0 106.666664 0.000000 0.000000 0.000000 0.000000 0
4.2940 124 DELFLY_STATEESTIMATION 4 0 0.033333 10.000000 0 0 0 0 0 0 0 0 0 0 0 0 0 242 -3401 1610
4.2941 124 RPM_SENSOR 0 0 106.666664 0.000000 0.000000 0.000000 0.000000 0
4.2959 124 DELFLY_GUIDANCE 0 0 0 0 0 0 0 0 0 0 0 0 0 0 0 0 0 0 0 0 0
4.2960 124 DELFLY_SPEEDCTRL 1 4 0 0 0 0 0 0 0 0 0 0 0 0 0 0.000000 0 0 0.000000 0 0 0.000000
4.2999 124 RPM_SENSOR 0 0 106.666664 0.000000 0.000000 0.000000 0.000000 0
4.3019 124 STAB_ATTITUDE_INT -210 100 -757 -10076 3721 -10051 0 0 0 0 0 0 0 0 0 0 0 0 0 0 0
4.3021 124 RPM_SENSOR 0 0 106.666664 0.000000 0.000000 0.000000 0.000000 0
4.3037 124 DELFLY_STATEESTIMATION 4 0 0.033333 10.000000 0 0 0 0 0 0 0 0 0 0 0 0 0 293 -3438 1476
4.3038 124 RPM_SENSOR 0 0 106.666664 0.000000 0.000000 0.000000 0.000000 0
4.3057 124 DELFLY_SPEEDCTRL 1 4 0 0 0 0 0 0 0 0 0 0 0 0 0 0.000000 0 0 0.000000 0 0 0.000000
4.3058 124 RPM_SENSOR 0 0 106.666664 0.000000 0.000000 0.000000 0.000000 0
4.3077 124 RPM_SENSOR 0 0 106.666664 0.000000 0.000000 0.000000 0.000000 0
4.3096 124 ROTORCRAFT_CMD 0 0 0 0
4.3097 124 RPM_SENSOR 0 0 106.666664 0.000000 0.000000 0.000000 0.000000 0
4.3117 124 STAB_ATTITUDE_INT -175 43 -563 -10074 3718 -10044 0 0 0 0 0 0 0 0 0 0 0 0 0 0 0
4.3118 124 RPM_SENSOR 0 0 106.666664 0.000000 0.000000 0.000000 0.000000 0
4.3135 124 DELFLY_STATEESTIMATION 4 0 0.033333 10.000000 0 0 0 0 0 0 0 0 0 0 0 0 0 29 -3679 1185
4.3136 124 RPM_SENSOR 0 0 106.666664 0.000000 0.000000 0.000000 0.000000 0
4.3155 124 DELFLY_GUIDANCE 0 0 0 0 0 0 0 0 0 0 0 0 0 0 0 0 0 0 0 0 0
4.3156 124 DELFLY_SPEEDCTRL 1 4 0 0 0 0 0 0 0 0 0 0 0 0 0 0.000000 0 0 0.000000 0 0 0.000000
4.3194 124 RPM_SENSOR 0 0 106.666664 0.000000 0.000000 0.000000 0.000000 0
4.3215 124 STAB_ATTITUDE_INT 73 159 -596 -10072 3715 -10040 0 0 0 0 0 0 0 0 0 0 0 0 0 0 0
4.3216 124 RPM_SENSOR 0 0 106.666664 0.000000 0.000000 0.000000 0.000000 0
4.3233 124 DELFLY_STATEESTIMATION 4 0 0.033333 10.000000 0 0 0 0 0 0 0 0 0 0 0 0 0 -26 -3578 1273
4.3234 124 RPM_SENSOR 0 0 106.666664 0.000000 0.000000 0.000000 0.000000 0
4.3252 124 DELFLY_SPEEDCTRL 1 4 0 0 0 0 0 0 0 0 0 0 0 0 0 0.000000 0 0 0.000000 0 0 0.000000
4.3253 124 RPM_SENSOR 0 0 106.666664 0.000000 0.000000 0.000000 0.000000 0
4.3272 124 RPM_SENSOR 0 0 106.666664 0.000000 0.000000 0.000000 0.000000 0
4.3291 124 ROTORCRAFT_CMD 0 0 0 0
4.3292 124 RPM_SENSOR 0 0 106.666664 0.000000 0.000000 0.000000 0.000000 0
4.3312 124 STAB_ATTITUDE_INT 225 355 -511 -10069 3710 -10038 0 0 0 0 0 0 0 0 0 0 0 0 0 0 0
4.3314 124 RPM_SENSOR 0 0 106.666664 0.000000 0.000000 0.000000 0.000000 0
4.3330 124 DELFLY_STATEESTIMATION 4 0 0.033333 10.000000 0 0 0 0 0 0 0 0 0 0 0 0 0 193 -3666 1144
4.3331 124 RPM_SENSOR 0 0 106.666664 0.000000 0.000000 0.000000 0.000000 0
4.3350 124 DELFLY_GUIDANCE 0 0 0 0 0 0 0 0 0 0 0 0 0 0 0 0 0 0 0 0 0
4.3351 124 DELFLY_SPEEDCTRL 1 4 0 0 0 0 0 0 0 0 0 0 0 0 0 0.000000 0 0 0.000000 0 0 0.000000
4.3389 124 RPM_SENSOR 0 0 106.666664 0.000000 0.000000 0.000000 0.000000 0
4.3410 124 STAB_ATTITUDE_INT 501 293 -391 -10065 3706 -10036 0 0 0 0 0 0 0 0 0 0 0 0 0 0 0
4.3411 124 RPM_SENSOR 0 0 106.666664 0.000000 0.000000 0.000000 0.000000 0
4.3428 124 DELFLY_STATEESTIMATION 4 0 0.033333 10.000000 0 0 0 0 0 0 0 0 0 0 0 0 0 112 -3886 975
4.3429 124 RPM_SENSOR 0 0 106.666664 0.000000 0.000000 0.000000 0.000000 0
4.3448 124 DELFLY_SPEEDCTRL 1 4 0 0 0 0 0 0 0 0 0 0 0 0 0 0.000000 0 0 0.000000 0 0 0.000000
4.3449 124 RPM_SENSOR 0 0 106.666664 0.000000 0.000000 0.000000 0.000000 0
4.3468 124 DELFLY_SPEEDCTRL_GAINS 0 18829 11115 12.589200 -485 -777 -0.022700 -1259 117 0.003400
4.3487 124 ROTORCRAFT_CMD 0 0 0 0
4.3487 124 RPM_SENSOR 0 0 106.666664 0.000000 0.000000 0.000000 0.000000 0
4.3508 124 STAB_ATTITUDE_INT 1091 347 -505 -10057 3702 -10036 0 0 0 0 0 0 0 0 0 0 0 0 0 0 0
4.3509 124 RPM_SENSOR 0 0 106.666664 0.000000 0.000000 0.000000 0.000000 0
4.3526 124 DELFLY_STATEESTIMATION 4 0 0.033333 10.000000 0 0 0 0 0 0 0 0 0 0 0 0 0 40 -3784 1196
4.3527 124 RPM_SENSOR 0 0 106.666664 0.000000 0.000000 0.000000 0.000000 0
4.3545 124 DELFLY_GUIDANCE 0 0 0 0 0 0 0 0 0 0 0 0 0 0 0 0 0 0 0 0 0
4.3546 124 DELFLY_SPEEDCTRL 1 4 0 0 0 0 0 0 0 0 0 0 0 0 0 0.000000 0 0 0.000000 0 0 0.000000
4.3585 124 ROTORCRAFT_CMD 0 0 0 0
4.3585 124 RPM_SENSOR 0 0 106.666664 0.000000 0.000000 0.000000 0.000000 0
4.3605 124 STAB_ATTITUDE_INT 1366 334 -723 -10043 3695 -10033 0 0 0 0 0 0 0 0 0 0 0 0 0 0 0
4.3607 124 RPM_SENSOR 0 0 106.666664 0.000000 0.000000 0.000000 0.000000 0
4.3623 124 DELFLY_STATEESTIMATION 4 0 0.033333 10.000000 0 0 0 0 0 0 0 0 0 0 0 0 0 76 -3834 1262
4.3624 124 RPM_SENSOR 0 0 106.666664 0.000000 0.000000 0.000000 0.000000 0
4.3643 124 DELFLY_SPEEDCTRL 1 4 0 0 0 0 0 0 0 0 0 0 0 0 0 0.000000 0 0 0.000000 0 0 0.000000
4.3644 124 RPM_SENSOR 0 0 106.666664 0.000000 0.000000 0.000000 0.000000 0
4.3662 124 RPM_SENSOR 0 0 106.666664 0.000000 0.000000 0.000000 0.000000 0
4.3682 124 ROTORCRAFT_CMD 0 0 0 0
4.3682 124 RPM_SENSOR 0 0 106.666664 0.000000 0.000000 0.000000 0.000000 0
4.3703 124 STAB_ATTITUDE_INT 1815 301 -947 -10022 3689 -10027 0 0 0 0 0 0 0 0 0 0 0 0 0 0 0
4.3704 124 RPM_SENSOR 0 0 106.666664 0.000000 0.000000 0.000000 0.000000 0
4.3721 124 DELFLY_STATEESTIMATION 4 0 0.033333 10.000000 0 0 0 0 0 0 0 0 0 0 0 0 0 231 -4049 1335
4.3722 124 RPM_SENSOR 0 0 106.666664 0.000000 0.000000 0.000000 0.000000 0
4.3741 124 DELFLY_GUIDANCE 0 0 0 0 0 0 0 0 0 0 0 0 0 0 0 0 0 0 0 0 0
4.3742 124 DELFLY_SPEEDCTRL 1 4 0 0 0 0 0 0 0 0 0 0 0 0 0 0.000000 0 0 0.000000 0 0 0.000000
4.3780 124 RPM_SENSOR 0 0 106.666664 0.000000 0.000000 0.000000 0.000000 0
4.3801 124 STAB_ATTITUDE_INT 2431 806 -674 -9999 3681 -10024 0 0 0 0 0 0 0 0 0 0 0 0 0 0 0
4.3802 124 RPM_SENSOR 0 0 106.666664 0.000000 0.000000 0.000000 0.000000 0
4.3819 124 DELFLY_STATEESTIMATION 4 0 0.033333 10.000000 0 0 0 0 0 0 0 0 0 0 0 0 0 -122 -4055 1310
4.3820 124 RPM_SENSOR 0 0 106.666664 0.000000 0.000000 0.000000 0.000000 0
4.3838 124 DELFLY_SPEEDCTRL 1 4 0 0 0 0 0 0 0 0 0 0 0 0 0 0.000000 0 0 0.000000 0 0 0.000000
4.3840 124 RPM_SENSOR 0 0 106.666664 0.000000 0.000000 0.000000 0.000000 0
4.3858 124 RPM_SENSOR 0 0 106.666664 0.000000 0.000000 0.000000 0.000000 0
4.3877 124 ROTORCRAFT_CMD 0 0 0 0
4.3878 124 RPM_SENSOR 0 0 106.666664 0.000000 0.000000 0.000000 0.000000 0
4.3898 124 STAB_ATTITUDE_INT 2801 1305 -255 -9980 3671 -10032 0 0 0 0 0 0 0 0 0 0 0 0 0 0 0
4.3900 124 RPM_SENSOR 0 0 106.666664 0.000000 0.000000 0.000000 0.000000 0
4.3916 124 DELFLY_STATEESTIMATION 4 0 0.033333 10.000000 0 0 0 0 0 0 0 0 0 0 0 0 0 -245 -3968 1125
4.3917 124 RPM_SENSOR 0 0 106.666664 0.000000 0.000000 0.000000 0.000000 0
4.3936 124 DELFLY_GUIDANCE 0 0 0 0 0 0 0 0 0 0 0 0 0 0 0 0 0 0 0 0 0
4.3937 124 DELFLY_SPEEDCTRL 1 4 0 0 0 0 0 0 0 0 0 0 0 0 0 0.000000 0 0 0.000000 0 0 0.000000
4.3975 124 RPM_SENSOR 0 0 106.666664 0.000000 0.000000 0.000000 0.000000 0
4.3996 124 STAB_ATTITUDE_INT 2241 1454 117 -9968 3661 -10048 0 0 0 0 0 0 0 0 0 0 0 0 0 0 0
4.3997 124 RPM_SENSOR 0 0 106.666664 0.000000 0.000000 0.000000 0.000000 0
4.4014 124 DELFLY_STATEESTIMATION 4 0 0.033333 10.000000 0 0 0 0 0 0 0 0 0 0 0 0 0 152 -3719 1172
4.4015 124 RPM_SENSOR 0 0 106.666664 0.000000 0.000000 0.000000 0.000000 0
4.4033 124 DELFLY_SPEEDCTRL 1 4 0 0 0 0 0 0 0 0 0 0 0 0 0 0.000000 0 0 0.000000 0 0 0.000000
4.4035 124 RPM_SENSOR 0 0 106.666664 0.000000 0.000000 0.000000 0.000000 0
4.4053 124 RPM_SENSOR 0 0 106.666664 0.000000 0.000000 0.000000 0.000000 0
4.4073 124 ROTORCRAFT_CMD 0 0 0 0
4.4073 124 RPM_SENSOR 0 0 106.666664 0.000000 0.000000 0.000000 0.000000 0
4.4094 124 STAB_ATTITUDE_INT 1301 1094 380 -9964 3653 -10065 0 0 0 0 0 0 0 0 0 0 0 0 0 0 0
4.4095 124 RPM_SENSOR 0 0 106.666664 0.000000 0.000000 0.000000 0.000000 0
4.4112 124 DELFLY_STATEESTIMATION 4 0 0.033333 10.000000 0 0 0 0 0 0 0 0 0 0 0 0 0 275 -3723 1048
4.4113 124 RPM_SENSOR 0 0 106.666664 0.000000 0.000000 0.000000 0.000000 0
4.4131 124 DELFLY_GUIDANCE 0 0 0 0 0 0 0 0 0 0 0 0 0 0 0 0 0 0 0 0 0
4.4133 124 DELFLY_SPEEDCTRL 1 4 0 0 0 0 0 0 0 0 0 0 0 0 0 0.000000 0 0 0.000000 0 0 0.000000
4.4171 124 RPM_SENSOR 0 0 106.666664 0.000000 0.000000 0.000000 0.000000 0
4.4191 124 STAB_ATTITUDE_INT 692 921 789 -9971 3650 -10084 0 0 0 0 0 0 0 0 0 0 0 0 0 0 0
4.4192 124 RPM_SENSOR 0 0 106.666664 0.000000 0.000000 0.000000 0.000000 0
4.4209 124 DELFLY_STATEESTIMATION 4 0 0.033333 10.000000 0 0 0 0 0 0 0 0 0 0 0 0 0 453 -3736 1067
4.4210 124 RPM_SENSOR 0 0 106.666664 0.000000 0.000000 0.000000 0.000000 0
4.4229 124 DELFLY_SPEEDCTRL 1 4 0 0 0 0 0 0 0 0 0 0 0 0 0 0.000000 0 0 0.000000 0 0 0.000000
4.4230 124 RPM_SENSOR 0 0 106.666664 0.000000 0.000000 0.000000 0.000000 0
4.4248 124 RPM_SENSOR 0 0 106.666664 0.000000 0.000000 0.000000 0.000000 0
4.4268 124 ROTORCRAFT_CMD 0 0 0 0
4.4268 124 RPM_SENSOR 0 0 106.666664 0.000000 0.000000 0.000000 0.000000 0
4.4289 124 STAB_ATTITUDE_INT 71 594 677 -9983 3650 -10102 0 0 0 0 0 0 0 0 0 0 0 0 0 0 0
4.4290 124 RPM_SENSOR 0 0 106.666664 0.000000 0.000000 0.000000 0.000000 0
4.4307 124 DELFLY_STATEESTIMATION 4 0 0.033333 10.000000 0 0 0 0 0 0 0 0 0 0 0 0 0 246 -3721 1029
4.4308 124 RPM_SENSOR 0 0 106.666664 0.000000 0.000000 0.000000 0.000000 0
4.4327 124 DELFLY_GUIDANCE 0 0 0 0 0 0 0 0 0 0 0 0 0 0 0 0 0 0 0 0 0
4.4328 124 DELFLY_SPEEDCTRL 1 4 0 0 0 0 0 0 0 0 0 0 0 0 0 0.000000 0 0 0.000000 0 0 0.000000
4.4366 124 RPM_SENSOR 0 0 106.666664 0.000000 0.000000 0.000000 0.000000 0
4.4387 124 STAB_ATTITUDE_INT 95 504 348 -9993 3651 -10114 0 0 0 0 0 0 0 0 0 0 0 0 0 0 0
4.4388 124 RPM_SENSOR 0 0 106.666664 0.000000 0.000000 0.000000 0.000000 0
4.4405 124 DELFLY_STATEESTIMATION 4 0 0.033333 10.000000 0 0 0 0 0 0 0 0 0 0 0 0 0 -256 -3995 899
4.4406 124 RPM_SENSOR 0 0 106.666664 0.000000 0.000000 0.000000 0.000000 0
4.4424 124 DELFLY_SPEEDCTRL 1 4 0 0 0 0 0 0 0 0 0 0 0 0 0 0.000000 0 0 0.000000 0 0 0.000000
4.4425 124 RPM_SENSOR 0 0 106.666664 0.000000 0.000000 0.000000 0.000000 0
4.4444 124 RPM_SENSOR 0 0 106.666664 0.000000 0.000000 0.000000 0.000000 0
4.4465 124 ROTORCRAFT_FP 0 0 0 0 0 0 -9997 3648 -10121 0 0 512 0 0 0
4.4466 124 DELFLY_SPEEDCTRL_GAINS 0 18829 11115 12.589200 -485 -777 -0.022700 -1259 117 0.003400
4.4467 124 ROTORCRAFT_CMD 0 0 0 0
4.4467 124 RPM_SENSOR 0 0 106.666664 0.000000 0.000000 0.000000 0.000000 0
4.4484 124 STAB_ATTITUDE_INT 316 513 -155 -9998 3648 -10122 0 0 0 0 0 0 0 0 0 0 0 0 0 0 0
4.4485 124 RPM_SENSOR 0 0 106.666664 0.000000 0.000000 0.000000 0.000000 0
4.4502 124 DELFLY_STATEESTIMATION 4 0 0.033333 10.000000 0 0 0 0 0 0 0 0 0 0 0 0 0 -201 -4010 974
4.4503 124 RPM_SENSOR 0 0 106.666664 0.000000 0.000000 0.000000 0.000000 0
4.4542 124 DELFLY_STATE 0 0 0 0 0 0 0 0 0 0 0 0 0 0 0 -10123 0 6432 0.000000 5
4.4543 124 RPM_SENSOR 0 0 106.666664 0.000000 0.000000 0.000000 0.000000 0
4.4561 124 ROTORCRAFT_CMD 0 0 0 0
4.4561 124 RPM_SENSOR 0 0 106.666664 0.000000 0.000000 0.000000 0.000000 0
4.4582 124 STAB_ATTITUDE_INT 357 514 -719 -9995 3642 -10124 0 0 0 0 0 0 0 0 0 0 0 0 0 0 0
4.4583 124 RPM_SENSOR 0 0 106.666664 0.000000 0.000000 0.000000 0.000000 0
4.4600 124 DELFLY_STATEESTIMATION 4 0 0.033333 10.000000 0 0 0 0 0 0 0 0 0 0 0 0 0 -340 -3834 1151
4.4601 124 RPM_SENSOR 0 0 106.666664 0.000000 0.000000 0.000000 0.000000 0
4.4640 124 RPM_SENSOR 0 0 106.666664 0.000000 0.000000 0.000000 0.000000 0
4.4658 124 ROTORCRAFT_CMD 0 0 0 0
4.4659 124 RPM_SENSOR 0 0 106.666664 0.000000 0.000000 0.000000 0.000000 0
4.4680 124 STAB_ATTITUDE_INT 423 550 -1128 -9988 3633 -10119 0 0 0 0 0 0 0 0 0 0 0 0 0 0 0
4.4681 124 RPM_SENSOR 0 0 106.666664 0.000000 0.000000 0.000000 0.000000 0
4.4698 124 DELFLY_STATEESTIMATION 4 0 0.033333 10.000000 0 0 0 0 0 0 0 0 0 0 0 0 0 -345 -4027 912
4.4699 124 RPM_SENSOR 0 0 106.666664 0.000000 0.000000 0.000000 0.000000 0
4.4717 124 RPM_SENSOR 0 0 106.666664 0.000000 0.000000 0.000000 0.000000 0
4.4737 124 DELFLY_FLAPCONTROL 0.000000 0.000000 0.000000 0 0.000000 0
4.4737 124 DELFLY_STATE 0 0 0 0 0 0 0 0 0 0 0 0 0 0 0 -10117 0 6432 0.000000 5
4.4738 124 RPM_SENSOR 0 0 106.666664 0.000000 0.000000 0.000000 0.000000 0
4.4756 124 ROTORCRAFT_CMD 0 0 0 0
4.4756 124 RPM_SENSOR 0 0 106.666664 0.000000 0.000000 0.000000 0.000000 0
4.4777 124 STAB_ATTITUDE_INT 256 561 -1182 -9980 3622 -10111 0 0 0 0 0 0 0 0 0 0 0 0 0 0 0
4.4778 124 RPM_SENSOR 0 0 106.666664 0.000000 0.000000 0.000000 0.000000 0
4.4795 124 DELFLY_STATEESTIMATION 4 0 0.033333 10.000000 0 0 0 0 0 0 0 0 0 0 0 0 0 -156 -4128 1109
4.4796 124 RPM_SENSOR 0 0 106.666664 0.000000 0.000000 0.000000 0.000000 0
4.4815 124 RPM_SENSOR 0 0 106.666664 0.000000 0.000000 0.000000 0.000000 0
4.4834 124 DELFLY_STATE 0 0 0 0 0 0 0 0 0 0 0 0 0 0 0 -10110 0 6432 0.000000 5
4.4836 124 RPM_SENSOR 0 0 106.666664 0.000000 0.000000 0.000000 0.000000 0
4.4854 124 ROTORCRAFT_CMD 0 0 0 0
4.4854 124 RPM_SENSOR 0 0 106.666664 0.000000 0.000000 0.000000 0.000000 0
4.4875 124 STAB_ATTITUDE_INT 113 636 -552 -9978 3613 -10109 0 0 0 0 0 0 0 0 0 0 0 0 0 0 0
4.4876 124 RPM_SENSOR 0 0 106.666664 0.000000 0.000000 0.000000 0.000000 0
4.4893 124 DELFLY_STATEESTIMATION 4 0 0.033333 10.000000 0 0 0 0 0 0 0 0 0 0 0 0 0 123 -4002 1076
4.4894 124 RPM_SENSOR 0 0 106.666664 0.000000 0.000000 0.000000 0.000000 0
4.4933 124 DELFLY_STATE 0 0 0 0 0 0 0 0 0 0 0 0 0 0 0 -10110 0 6432 0.000000 5
4.4934 124 RPM_SENSOR 0 0 106.666664 0.000000 0.000000 0.000000 0.000000 0
4.4951 124 ROTORCRAFT_CMD 0 0 0 0
4.4952 124 RPM_SENSOR 0 0 106.666664 0.000000 0.000000 0.000000 0.000000 0
4.4973 124 STAB_ATTITUDE_INT 199 494 22 -9981 3608 -10114 0 0 0 0 0 0 0 0 0 0 0 0 0 0 0
4.4974 124 RPM_SENSOR 0 0 106.666664 0.000000 0.000000 0.000000 0.000000 0
4.4991 124 DELFLY_STATEESTIMATION 4 0 0.033333 10.000000 0 0 0 0 0 0 0 0 0 0 0 0 0 94 -3944 1164
4.4992 124 RPM_SENSOR 0 0 106.666664 0.000000 0.000000 0.000000 0.000000 0
4.5031 124 RPM_SENSOR 0 0 106.666664 0.000000 0.000000 0.000000 0.000000 0
4.5049 124 ROTORCRAFT_CMD 0 0 0 0
4.5049 124 RPM_SENSOR 0 0 106.666664 0.000000 0.000000 0.000000 0.000000 0
4.5070 124 STAB_ATTITUDE_INT 475 387 194 -9984 3607 -10122 0 0 0 0 0 0 0 0 0 0 0 0 0 0 0
4.5071 124 RPM_SENSOR 0 0 106.666664 0.000000 0.000000 0.000000 0.000000 0
4.5088 124 DELFLY_STATEESTIMATION 4 0 0.033333 10.000000 0 0 0 0 0 0 0 0 0 0 0 0 0 -76 -3988 1300
4.5090 124 RPM_SENSOR 0 0 106.666664 0.000000 0.000000 0.000000 0.000000 0
4.5108 124 RPM_SENSOR 0 0 106.666664 0.000000 0.000000 0.000000 0.000000 0
4.5127 124 DELFLY_FLAPCONTROL 0.000000 0.000000 0.000000 0 0.000000 0
4.5128 124 DELFLY_STATE 0 0 0 0 0 0 0 0 0 0 0 0 0 0 0 -10123 0 6432 0.000000 5
4.5129 124 RPM_SENSOR 0 0 106.666664 0.000000 0.000000 0.000000 0.000000 0
4.5147 124 ROTORCRAFT_CMD 0 0 0 0
4.5147 124 RPM_SENSOR 0 0 106.666664 0.000000 0.000000 0.000000 0.000000 0
4.5168 124 STAB_ATTITUDE_INT 669 330 25 -9984 3607 -10129 0 0 0 0 0 0 0 0 0 0 0 0 0 0 0
4.5169 124 RPM_SENSOR 0 0 106.666664 0.000000 0.000000 0.000000 0.000000 0
4.5186 124 DELFLY_STATEESTIMATION 4 0 0.033333 10.000000 0 0 0 0 0 0 0 0 0 0 0 0 0 179 -4046 1275
4.5187 124 RPM_SENSOR 0 0 106.666664 0.000000 0.000000 0.000000 0.000000 0
4.5205 124 RPM_SENSOR 0 0 106.666664 0.000000 0.000000 0.000000 0.000000 0
4.5225 124 DELFLY_STATE 0 0 0 0 0 0 0 0 0 0 0 0 0 0 0 -10130 0 6432 0.000000 5
4.5226 124 RPM_SENSOR 0 0 106.666664 0.000000 0.000000 0.000000 0.000000 0
4.5244 124 ROTORCRAFT_CMD 0 0 0 0
4.5245 124 RPM_SENSOR 0 0 106.666664 0.000000 0.000000 0.000000 0.000000 0
4.5266 124 STAB_ATTITUDE_INT 861 285 -357 -9979 3604 -10132 0 0 0 0 0 0 0 0 0 0 0 0 0 0 0
4.5267 124 RPM_SENSOR 0 0 106.666664 0.000000 0.000000 0.000000 0.000000 0
4.5284 124 DELFLY_STATEESTIMATION 4 0 0.033333 10.000000 0 0 0 0 0 0 0 0 0 0 0 0 0 82 -4026 1373
4.5285 124 RPM_SENSOR 0 0 106.666664 0.000000 0.000000 0.000000 0.000000 0
4.5323 124 DELFLY_STATE 0 0 0 0 0 0 0 0 0 0 0 0 0 0 0 -10131 0 6432 0.000000 5
4.5324 124 RPM_SENSOR 0 0 106.666664 0.000000 0.000000 0.000000 0.000000 0
4.5342 124 ROTORCRAFT_CMD 0 0 0 0
4.5342 124 RPM_SENSOR 0 0 106.666664 0.000000 0.000000 0.000000 0.000000 0
4.5363 124 STAB_ATTITUDE_INT 1175 466 -950 -9967 3598 -10128 0 0 0 0 0 0 0 0 0 0 0 0 0 0 0
4.5364 124 RPM_SENSOR 0 0 106.666664 0.000000 0.000000 0.000000 0.000000 0
4.5381 124 DELFLY_STATEESTIMATION 4 0 0.033333 10.000000 0 0 0 0 0 0 0 0 0 0 0 0 0 122 -4053 1359
4.5382 124 RPM_SENSOR 0 0 106.666664 0.000000 0.000000 0.000000 0.000000 0
4.5422 124 RPM_SENSOR 0 0 106.666664 0.000000 0.000000 0.000000 0.000000 0
4.5440 124 ROTORCRAFT_CMD 0 0 0 0
4.5440 124 RPM_SENSOR 0 0 106.666664 0.000000 0.000000 0.000000 0.000000 0
4.5461 124 ROTORCRAFT_FP 0 0 0 0 0 0 -9951 3587 -10122 0 0 512 0 0 0
4.5462 124 DELFLY_SPEEDCTRL_GAINS 0 18829 11115 12.589200 -485 -777 -0.022700 -1259 117 0.003400
4.5462 124 STAB_ATTITUDE_INT 1349 587 -1163 -9951 3587 -10122 0 0 0 0 0 0 0 0 0 0 0 0 0 0 0
4.5464 124 RPM_SENSOR 0 0 106.666664 0.000000 0.000000 0.000000 0.000000 0
4.5479 124 RPM_SENSOR 0 0 106.666664 0.000000 0.000000 0.000000 0.000000 0
4.5518 124 DELFLY_FLAPCONTROL 0.000000 0.000000 0.000000 0 0.000000 0
4.5518 124 DELFLY_STATE 0 0 0 0 0 0 0 0 0 0 0 0 0 0 0 -10121 0 6432 0.000000 5
4.5520 124 RPM_SENSOR 0 0 106.666664 0.000000 0.000000 0.000000 0.000000 0
4.5539 124 ROTORCRAFT_CMD 0 0 0 0
4.5539 124 RPM_SENSOR 0 0 106.666664 0.000000 0.000000 0.000000 0.000000 0
4.5559 124 STAB_ATTITUDE_INT 1480 831 -948 -9934 3576 -10119 0 0 0 0 0 0 0 0 0 0 0 0 0 0 0
4.5560 124 RPM_SENSOR 0 0 106.666664 0.000000 0.000000 0.000000 0.000000 0
4.5576 124 DELFLY_STATEESTIMATION 4 0 0.033333 10.000000 0 0 0 0 0 0 0 0 0 0 0 0 0 74 -4168 1404
4.5578 124 RPM_SENSOR 0 0 106.666664 0.000000 0.000000 0.000000 0.000000 0
4.5596 124 RPM_SENSOR 0 0 106.666664 0.000000 0.000000 0.000000 0.000000 0
4.5616 124 DELFLY_STATE 0 0 0 0 0 0 0 0 0 0 0 0 0 0 0 -10119 0 6432 0.000000 5
4.5617 124 RPM_SENSOR 0 0 106.666664 0.000000 0.000000 0.000000 0.000000 0
4.5635 124 ROTORCRAFT_CMD 0 0 0 0
4.5635 124 RPM_SENSOR 0 0 106.666664 0.000000 0.000000 0.000000 0.000000 0
4.5656 124 STAB_ATTITUDE_INT 1450 790 -707 -9921 3565 -10119 0 0 0 0 0 0 0 0 0 0 0 0 0 0 0
4.5657 124 RPM_SENSOR 0 0 106.666664 0.000000 0.000000 0.000000 0.000000 0
4.5674 124 DELFLY_STATEESTIMATION 4 0 0.033333 10.000000 0 0 0 0 0 0 0 0 0 0 0 0 0 243 -4102 1508
4.5675 124 RPM_SENSOR 0 0 106.666664 0.000000 0.000000 0.000000 0.000000 0
4.5714 124 DELFLY_STATE 0 0 0 0 0 0 0 0 0 0 0 0 0 0 0 -10120 0 6432 0.000000 5
4.5715 124 RPM_SENSOR 0 0 106.666664 0.000000 0.000000 0.000000 0.000000 0
4.5733 124 ROTORCRAFT_CMD 0 0 0 0
4.5733 124 RPM_SENSOR 0 0 106.666664 0.000000 0.000000 0.000000 0.000000 0
4.5754 124 STAB_ATTITUDE_INT 1355 556 -448 -9909 3558 -10121 0 0 0 0 0 0 0 0 0 0 0 0 0 0 0
4.5755 124 RPM_SENSOR 0 0 106.666664 0.000000 0.000000 0.000000 0.000000 0
4.5772 124 DELFLY_STATEESTIMATION 4 0 0.033333 10.000000 0 0 0 0 0 0 0 0 0 0 0 0 0 243 -4173 1443
4.5773 124 RPM_SENSOR 0 0 106.666664 0.000000 0.000000 0.000000 0.000000 0
4.5812 124 RPM_SENSOR 0 0 106.666664 0.000000 0.000000 0.000000 0.000000 0
4.5830 124 ROTORCRAFT_CMD 0 0 0 0
4.5831 124 RPM_SENSOR 0 0 106.666664 0.000000 0.000000 0.000000 0.000000 0
4.5852 124 STAB_ATTITUDE_INT 1269 331 -350 -9898 3553 -10123 0 0 0 0 0 0 0 0 0 0 0 0 0 0 0
4.5853 124 RPM_SENSOR 0 0 106.666664 0.000000 0.000000 0.000000 0.000000 0
4.5869 124 DELFLY_STATEESTIMATION 4 0 0.033333 10.000000 0 0 0 0 0 0 0 0 0 0 0 0 0 316 -4178 1207
4.5871 124 RPM_SENSOR 0 0 106.666664 0.000000 0.000000 0.000000 0.000000 0
4.5889 124 RPM_SENSOR 0 0 106.666664 0.000000 0.000000 0.000000 0.000000 0
4.5909 124 DELFLY_FLAPCONTROL 0.000000 0.000000 0.000000 0 0.000000 0
4.5909 124 DELFLY_STATE 0 0 0 0 0 0 0 0 0 0 0 0 0 0 0 -10122 0 6432 0.000000 5
4.5910 124 RPM_SENSOR 0 0 106.666664 0.000000 0.000000 0.000000 0.000000 0
4.5928 124 ROTORCRAFT_CMD 0 0 0 0
4.5928 124 RPM_SENSOR 0 0 106.666664 0.000000 0.000000 0.000000 0.000000 0
4.5949 124 STAB_ATTITUDE_INT 1210 35 -472 -9885 3550 -10121 0 0 0 0 0 0 0 0 0 0 0 0 0 0 0
4.5950 124 RPM_SENSOR 0 0 106.666664 0.000000 0.000000 0.000000 0.000000 0
4.5967 124 DELFLY_STATEESTIMATION 4 0 0.033333 10.000000 0 0 0 0 0 0 0 0 0 0 0 0 0 83 -4192 1270
4.5968 124 RPM_SENSOR 0 0 106.666664 0.000000 0.000000 0.000000 0.000000 0
4.5987 124 RPM_SENSOR 0 0 106.666664 0.000000 0.000000 0.000000 0.000000 0
4.6006 124 DELFLY_STATE 0 0 0 0 0 0 0 0 0 0 0 0 0 0 0 -10119 0 6432 0.000000 5
4.6007 124 RPM_SENSOR 0 0 106.666664 0.000000 0.000000 0.000000 0.000000 0
4.6026 124 ROTORCRAFT_CMD 0 0 0 0
4.6026 124 RPM_SENSOR 0 0 106.666664 0.000000 0.000000 0.000000 0.000000 0
4.6047 124 STAB_ATTITUDE_INT 1177 -103 -575 -9870 3548 -10116 0 0 0 0 0 0 0 0 0 0 0 0 0 0 0
4.6048 124 RPM_SENSOR 0 0 106.666664 0.000000 0.000000 0.000000 0.000000 0
4.6065 124 DELFLY_STATEESTIMATION 4 0 0.033333 10.000000 0 0 0 0 0 0 0 0 0 0 0 0 0 -22 -4314 1314
4.6066 124 RPM_SENSOR 0 0 106.666664 0.000000 0.000000 0.000000 0.000000 0
4.6104 124 DELFLY_STATE 0 0 0 0 0 0 0 0 0 0 0 0 0 0 0 -10114 0 6432 0.000000 5
4.6105 124 RPM_SENSOR 0 0 106.666664 0.000000 0.000000 0.000000 0.000000 0
4.6123 124 ROTORCRAFT_CMD 0 0 0 0
4.6124 124 RPM_SENSOR 0 0 106.666664 0.000000 0.000000 0.000000 0.000000 0
4.6145 124 STAB_ATTITUDE_INT 1462 -10 -504 -9854 3546 -10110 0 0 0 0 0 0 0 0 0 0 0 0 0 0 0
4.6146 124 RPM_SENSOR 0 0 106.666664 0.000000 0.000000 0.000000 0.000000 0
4.6162 124 DELFLY_STATEESTIMATION 4 0 0.033333 10.000000 0 0 0 0 0 0 0 0 0 0 0 0 0 -289 -4271 1209
4.6163 124 RPM_SENSOR 0 0 106.666664 0.000000 0.000000 0.000000 0.000000 0
4.6203 124 RPM_SENSOR 0 0 106.666664 0.000000 0.000000 0.000000 0.000000 0
4.6221 124 ROTORCRAFT_CMD 0 0 0 0
4.6221 124 RPM_SENSOR 0 0 106.666664 0.000000 0.000000 0.000000 0.000000 0
4.6242 124 STAB_ATTITUDE_INT 1897 132 -445 -9835 3543 -10108 0 0 0 0 0 0 0 0 0 0 0 0 0 0 0
4.6243 124 RPM_SENSOR 0 0 106.666664 0.000000 0.000000 0.000000 0.000000 0
4.6260 124 DELFLY_STATEESTIMATION 4 0 0.033333 10.000000 0 0 0 0 0 0 0 0 0 0 0 0 0 -42 -4307 1272
4.6261 124 RPM_SENSOR 0 0 106.666664 0.000000 0.000000 0.000000 0.000000 0
4.6280 124 RPM_SENSOR 0 0 106.666664 0.000000 0.000000 0.000000 0.000000 0
4.6299 124 DELFLY_FLAPCONTROL 0.000000 0.000000 0.000000 0 0.000000 0
4.6300 124 DELFLY_STATE 0 0 0 0 0 0 0 0 0 0 0 0 0 0 0 -10107 0 6432 0.000000 5
4.6301 124 RPM_SENSOR 0 0 106.666664 0.000000 0.000000 0.000000 0.000000 0
4.6319 124 ROTORCRAFT_CMD 0 0 0 0
4.6319 124 RPM_SENSOR 0 0 106.666664 0.000000 0.000000 0.000000 0.000000 0
4.6340 124 STAB_ATTITUDE_INT 2039 84 -407 -9814 3541 -10105 0 0 0 0 0 0 0 0 0 0 0 0 0 0 0
4.6341 124 RPM_SENSOR 0 0 106.666664 0.000000 0.000000 0.000000 0.000000 0
4.6358 124 DELFLY_STATEESTIMATION 4 0 0.033333 10.000000 0 0 0 0 0 0 0 0 0 0 0 0 0 48 -4284 1117
4.6359 124 RPM_SENSOR 0 0 106.666664 0.000000 0.000000 0.000000 0.000000 0
4.6377 124 RPM_SENSOR 0 0 106.666664 0.000000 0.000000 0.000000 0.000000 0
4.6397 124 DELFLY_STATE 0 0 0 0 0 0 0 0 0 0 0 0 0 0 0 -10104 0 6432 0.000000 5
4.6398 124 RPM_SENSOR 0 0 106.666664 0.000000 0.000000 0.000000 0.000000 0
4.6416 124 ROTORCRAFT_CMD 0 0 0 0
4.6417 124 RPM_SENSOR 0 0 106.666664 0.000000 0.000000 0.000000 0.000000 0
4.6437 124 STAB_ATTITUDE_INT 1847 -80 -287 -9793 3540 -10103 0 0 0 0 0 0 0 0 0 0 0 0 0 0 0
4.6439 124 RPM_SENSOR 0 0 106.666664 0.000000 0.000000 0.000000 0.000000 0
4.6457 124 ROTORCRAFT_FP 0 0 0 0 0 0 -9790 3540 -10103 0 0 512 0 0 0
4.6458 124 DELFLY_SPEEDCTRL_GAINS 0 18829 11115 12.589200 -485 -777 -0.022700 -1259 117 0.003400
4.6459 124 DELFLY_STATEESTIMATION 4 0 0.033333 10.000000 0 0 0 0 0 0 0 0 0 0 0 0 0 -40 -4432 1007
4.6514 124 ROTORCRAFT_CMD 0 0 0 0
4.6515 124 RPM_SENSOR 0 0 106.666664 0.000000 0.000000 0.000000 0.000000 0
4.6535 124 STAB_ATTITUDE_INT 1389 -161 -388 -9777 3540 -10100 0 0 0 0 0 0 0 0 0 0 0 0 0 0 0
4.6536 124 RPM_SENSOR 0 0 106.666664 0.000000 0.000000 0.000000 0.000000 0
4.6553 124 DELFLY_STATEESTIMATION 4 0 0.033333 10.000000 0 0 0 0 0 0 0 0 0 0 0 0 0 -24 -4329 1206
4.6554 124 RPM_SENSOR 0 0 106.666664 0.000000 0.000000 0.000000 0.000000 0
4.6572 124 DELFLY_SPEEDCTRL 1 4 0 0 0 0 0 0 0 0 0 0 0 0 0 0.000000 0 0 0.000000 0 0 0.000000
4.6574 124 RPM_SENSOR 0 0 106.666664 0.000000 0.000000 0.000000 0.000000 0
4.6592 124 RPM_SENSOR 0 0 106.666664 0.000000 0.000000 0.000000 0.000000 0
4.6612 124 ROTORCRAFT_CMD 0 0 0 0
4.6612 124 RPM_SENSOR 0 0 106.666664 0.000000 0.000000 0.000000 0.000000 0
4.6633 124 STAB_ATTITUDE_INT 998 -29 -651 -9762 3538 -10095 0 0 0 0 0 0 0 0 0 0 0 0 0 0 0
4.6634 124 RPM_SENSOR 0 0 106.666664 0.000000 0.000000 0.000000 0.000000 0
4.6650 124 DELFLY_STATEESTIMATION 4 0 0.033333 10.000000 0 0 0 0 0 0 0 0 0 0 0 0 0 -123 -4237 1239
4.6651 124 RPM_SENSOR 0 0 106.666664 0.000000 0.000000 0.000000 0.000000 0
4.6670 124 DELFLY_GUIDANCE 0 0 0 0 0 0 0 0 0 0 0 0 0 0 0 0 0 0 0 0 0
4.6672 124 DELFLY_SPEEDCTRL 1 4 0 0 0 0 0 0 0 0 0 0 0 0 0 0.000000 0 0 0.000000 0 0 0.000000
4.6710 124 RPM_SENSOR 0 0 106.666664 0.000000 0.000000 0.000000 0.000000 0
4.6730 124 STAB_ATTITUDE_INT 697 -100 -922 -9748 3534 -10086 0 0 0 0 0 0 0 0 0 0 0 0 0 0 0
4.6732 124 RPM_SENSOR 0 0 106.666664 0.000000 0.000000 0.000000 0.000000 0
4.6748 124 DELFLY_STATEESTIMATION 4 0 0.033333 10.000000 0 0 0 0 0 0 0 0 0 0 0 0 0 -46 -4080 1340
4.6749 124 RPM_SENSOR 0 0 106.666664 0.000000 0.000000 0.000000 0.000000 0
4.6768 124 DELFLY_SPEEDCTRL 1 4 0 0 0 0 0 0 0 0 0 0 0 0 0 0.000000 0 0 0.000000 0 0 0.000000
4.6769 124 RPM_SENSOR 0 0 106.666664 0.000000 0.000000 0.000000 0.000000 0
4.6787 124 RPM_SENSOR 0 0 106.666664 0.000000 0.000000 0.000000 0.000000 0
4.6807 124 ROTORCRAFT_CMD 0 0 0 0
4.6808 124 RPM_SENSOR 0 0 106.666664 0.000000 0.000000 0.000000 0.000000 0
4.6828 124 STAB_ATTITUDE_INT 696 -43 -1043 -9735 3529 -10076 0 0 0 0 0 0 0 0 0 0 0 0 0 0 0
4.6829 124 RPM_SENSOR 0 0 106.666664 0.000000 0.000000 0.000000 0.000000 0
4.6846 124 DELFLY_STATEESTIMATION 4 0 0.033333 10.000000 0 0 0 0 0 0 0 0 0 0 0 0 0 -95 -3887 1366
4.6847 124 RPM_SENSOR 0 0 106.666664 0.000000 0.000000 0.000000 0.000000 0
4.6866 124 DELFLY_GUIDANCE 0 0 0 0 0 0 0 0 0 0 0 0 0 0 0 0 0 0 0 0 0
4.6867 124 DELFLY_SPEEDCTRL 1 4 0 0 0 0 0 0 0 0 0 0 0 0 0 0.000000 0 0 0.000000 0 0 0.000000
4.6905 124 RPM_SENSOR 0 0 106.666664 0.000000 0.000000 0.000000 0.000000 0
4.6925 124 STAB_ATTITUDE_INT 534 -12 -1186 -9721 3522 -10065 0 0 0 0 0 0 0 0 0 0 0 0 0 0 0
4.6926 124 RPM_SENSOR 0 0 106.666664 0.000000 0.000000 0.000000 0.000000 0
4.6944 124 DELFLY_STATEESTIMATION 4 0 0.033333 10.000000 0 0 0 0 0 0 0 0 0 0 0 0 0 -104 -4000 1422
4.6945 124 RPM_SENSOR 0 0 106.666664 0.000000 0.000000 0.000000 0.000000 0
4.6963 124 DELFLY_SPEEDCTRL 1 4 0 0 0 0 0 0 0 0 0 0 0 0 0 0.000000 0 0 0.000000 0 0 0.000000
4.6965 124 RPM_SENSOR 0 0 106.666664 0.000000 0.000000 0.000000 0.000000 0
4.6983 124 RPM_SENSOR 0 0 106.666664 0.000000 0.000000 0.000000 0.000000 0
4.7002 124 ROTORCRAFT_CMD 0 0 0 0
4.7003 124 RPM_SENSOR 0 0 106.666664 0.000000 0.000000 0.000000 0.000000 0
4.7023 124 STAB_ATTITUDE_INT 38 -172 -1220 -9709 3515 -10052 0 0 0 0 0 0 0 0 0 0 0 0 0 0 0
4.7024 124 RPM_SENSOR 0 0 106.666664 0.000000 0.000000 0.000000 0.000000 0
4.7042 124 DELFLY_STATEESTIMATION 4 0 0.033333 10.000000 0 0 0 0 0 0 0 0 0 0 0 0 0 -17 -3797 1233
4.7043 124 RPM_SENSOR 0 0 106.666664 0.000000 0.000000 0.000000 0.000000 0
4.7064 124 DELFLY_GUIDANCE 0 0 0 0 0 0 0 0 0 0 0 0 0 0 0 0 0 0 0 0 0
4.7065 124 DELFLY_SPEEDCTRL 1 4 0 0 0 0 0 0 0 0 0 0 0 0 0 0.000000 0 0 0.000000 0 0 0.000000
4.7122 124 RPM_SENSOR 0 0 106.666664 0.000000 0.000000 0.000000 0.000000 0
4.7139 124 DELFLY_STATEESTIMATION 4 0 0.033333 10.000000 0 0 0 0 0 0 0 0 0 0 0 0 0 -122 -4206 1195
4.7140 124 RPM_SENSOR 0 0 106.666664 0.000000 0.000000 0.000000 0.000000 0
4.7158 124 DELFLY_SPEEDCTRL 1 4 0 0 0 0 0 0 0 0 0 0 0 0 0 0.000000 0 0 0.000000 0 0 0.000000
4.7160 124 RPM_SENSOR 0 0 106.666664 0.000000 0.000000 0.000000 0.000000 0
4.7178 124 DELFLY_STATE 0 0 0 0 0 0 0 0 0 0 0 0 0 0 0 -10033 0 6432 0.000000 5
4.7198 124 RPM_SENSOR 0 0 106.666664 0.000000 0.000000 0.000000 0.000000 0
4.7219 124 STAB_ATTITUDE_INT -317 -118 -872 -9699 3507 -10027 0 0 0 0 0 0 0 0 0 0 0 0 0 0 0
4.7220 124 RPM_SENSOR 0 0 106.666664 0.000000 0.000000 0.000000 0.000000 0
4.7237 124 DELFLY_STATEESTIMATION 4 0 0.033333 10.000000 0 0 0 0 0 0 0 0 0 0 0 0 0 -413 -4321 1162
4.7238 124 RPM_SENSOR 0 0 106.666664 0.000000 0.000000 0.000000 0.000000 0
4.7256 124 DELFLY_GUIDANCE 0 0 0 0 0 0 0 0 0 0 0 0 0 0 0 0 0 0 0 0 0
4.7257 124 DELFLY_SPEEDCTRL 1 4 0 0 0 0 0 0 0 0 0 0 0 0 0 0.000000 0 0 0.000000 0 0 0.000000
4.7295 124 ROTORCRAFT_CMD 0 0 0 0
4.7296 124 RPM_SENSOR 0 0 106.666664 0.000000 0.000000 0.000000 0.000000 0
4.7316 124 STAB_ATTITUDE_INT -225 -23 -1017 -9695 3503 -10018 0 0 0 0 0 0 0 0 0 0 0 0 0 0 0
4.7317 124 RPM_SENSOR 0 0 106.666664 0.000000 0.000000 0.000000 0.000000 0
4.7334 124 DELFLY_STATEESTIMATION 4 0 0.033333 10.000000 0 0 0 0 0 0 0 0 0 0 0 0 0 -340 -4462 1180
4.7335 124 RPM_SENSOR 0 0 106.666664 0.000000 0.000000 0.000000 0.000000 0
4.7354 124 DELFLY_SPEEDCTRL 1 4 0 0 0 0 0 0 0 0 0 0 0 0 0 0.000000 0 0 0.000000 0 0 0.000000
4.7355 124 RPM_SENSOR 0 0 106.666664 0.000000 0.000000 0.000000 0.000000 0
4.7373 124 RPM_SENSOR 0 0 106.666664 0.000000 0.000000 0.000000 0.000000 0
4.7393 124 ROTORCRAFT_CMD 0 0 0 0
4.7393 124 RPM_SENSOR 0 0 106.666664 0.000000 0.000000 0.000000 0.000000 0
4.7414 124 STAB_ATTITUDE_INT -276 -157 -1299 -9689 3496 -10005 0 0 0 0 0 0 0 0 0 0 0 0 0 0 0
4.7415 124 RPM_SENSOR 0 0 106.666664 0.000000 0.000000 0.000000 0.000000 0
4.7432 124 DELFLY_STATEESTIMATION 4 0 0.033333 10.000000 0 0 0 0 0 0 0 0 0 0 0 0 0 60 -4424 978
4.7433 124 RPM_SENSOR 0 0 106.666664 0.000000 0.000000 0.000000 0.000000 0
4.7453 124 ROTORCRAFT_FP 0 0 0 0 0 0 -9686 3494 -10000 0 0 512 0 0 0
4.7454 124 DELFLY_SPEEDCTRL_GAINS 0 18829 11115 12.589200 -485 -777 -0.022700 -1259 117 0.003400
4.7455 124 DELFLY_GUIDANCE 0 0 0 0 0 0 0 0 0 0 0 0 0 0 0 0 0 0 0 0 0
4.7512 124 STAB_ATTITUDE_INT -408 -404 -871 -9684 3492 -9993 0 0 0 0 0 0 0 0 0 0 0 0 0 0 0
4.7513 124 RPM_SENSOR 0 0 106.666664 0.000000 0.000000 0.000000 0.000000 0
4.7530 124 DELFLY_STATEESTIMATION 4 0 0.033333 10.000000 0 0 0 0 0 0 0 0 0 0 0 0 0 283 -4605 1253
4.7531 124 RPM_SENSOR 0 0 106.666664 0.000000 0.000000 0.000000 0.000000 0
4.7549 124 DELFLY_SPEEDCTRL 1 4 0 0 0 0 0 0 0 0 0 0 0 0 0 0.000000 0 0 0.000000 0 0 0.000000
4.7550 124 RPM_SENSOR 0 0 106.666664 0.000000 0.000000 0.000000 0.000000 0
4.7569 124 DELFLY_STATE 0 0 0 0 0 0 0 0 0 0 0 0 0 0 0 -9988 0 6432 0.000000 5
4.7570 124 RPM_SENSOR 0 0 106.666664 0.000000 0.000000 0.000000 0.000000 0
4.7589 124 ROTORCRAFT_CMD 0 0 0 0
4.7589 124 RPM_SENSOR 0 0 106.666664 0.000000 0.000000 0.000000 0.000000 0
4.7609 124 STAB_ATTITUDE_INT -942 -704 -831 -9682 3492 -9979 0 0 0 0 0 0 0 0 0 0 0 0 0 0 0
4.7610 124 RPM_SENSOR 0 0 106.666664 0.000000 0.000000 0.000000 0.000000 0
4.7627 124 DELFLY_STATEESTIMATION 4 0 0.033333 10.000000 0 0 0 0 0 0 0 0 0 0 0 0 0 281 -4120 1323
4.7628 124 RPM_SENSOR 0 0 106.666664 0.000000 0.000000 0.000000 0.000000 0
4.7647 124 DELFLY_GUIDANCE 0 0 0 0 0 0 0 0 0 0 0 0 0 0 0 0 0 0 0 0 0
4.7648 124 DELFLY_SPEEDCTRL 1 4 0 0 0 0 0 0 0 0 0 0 0 0 0 0.000000 0 0 0.000000 0 0 0.000000
4.7686 124 ROTORCRAFT_CMD 0 0 0 0
4.7686 124 RPM_SENSOR 0 0 106.666664 0.000000 0.000000 0.000000 0.000000 0
4.7707 124 STAB_ATTITUDE_INT -1402 -1153 -705 -9683 3495 -9963 0 0 0 0 0 0 0 0 0 0 0 0 0 0 0
4.7708 124 RPM_SENSOR 0 0 106.666664 0.000000 0.000000 0.000000 0.000000 0
4.7725 124 DELFLY_STATEESTIMATION 4 0 0.033333 10.000000 0 0 0 0 0 0 0 0 0 0 0 0 0 426 -3993 1337
4.7726 124 RPM_SENSOR 0 0 106.666664 0.000000 0.000000 0.000000 0.000000 0
4.7744 124 DELFLY_SPEEDCTRL 1 4 0 0 0 0 0 0 0 0 0 0 0 0 0 0.000000 0 0 0.000000 0 0 0.000000
4.7746 124 RPM_SENSOR 0 0 106.666664 0.000000 0.000000 0.000000 0.000000 0
4.7764 124 RPM_SENSOR 0 0 106.666664 0.000000 0.000000 0.000000 0.000000 0
4.7784 124 ROTORCRAFT_CMD 0 0 0 0
4.7784 124 RPM_SENSOR 0 0 106.666664 0.000000 0.000000 0.000000 0.000000 0
4.7805 124 STAB_ATTITUDE_INT -1752 -1234 -1215 -9683 3498 -9942 0 0 0 0 0 0 0 0 0 0 0 0 0 0 0
4.7806 124 RPM_SENSOR 0 0 106.666664 0.000000 0.000000 0.000000 0.000000 0
4.7823 124 DELFLY_STATEESTIMATION 4 0 0.033333 10.000000 0 0 0 0 0 0 0 0 0 0 0 0 0 745 -3717 1672
4.7824 124 RPM_SENSOR 0 0 106.666664 0.000000 0.000000 0.000000 0.000000 0
4.7842 124 DELFLY_GUIDANCE 0 0 0 0 0 0 0 0 0 0 0 0 0 0 0 0 0 0 0 0 0
4.7843 124 DELFLY_SPEEDCTRL 1 4 0 0 0 0 0 0 0 0 0 0 0 0 0 0.000000 0 0 0.000000 0 0 0.000000
4.7882 124 RPM_SENSOR 0 0 106.666664 0.000000 0.000000 0.000000 0.000000 0
4.7902 124 STAB_ATTITUDE_INT -2156 -1488 -2108 -9679 3496 -9907 0 0 0 0 0 0 0 0 0 0 0 0 0 0 0
4.7903 124 RPM_SENSOR 0 0 106.666664 0.000000 0.000000 0.000000 0.000000 0
4.7920 124 DELFLY_STATEESTIMATION 4 0 0.033333 10.000000 0 0 0 0 0 0 0 0 0 0 0 0 0 837 -4238 1566
4.7921 124 RPM_SENSOR 0 0 106.666664 0.000000 0.000000 0.000000 0.000000 0
4.7940 124 DELFLY_SPEEDCTRL 1 4 0 0 0 0 0 0 0 0 0 0 0 0 0 0.000000 0 0 0.000000 0 0 0.000000
4.7941 124 RPM_SENSOR 0 0 106.666664 0.000000 0.000000 0.000000 0.000000 0
4.7959 124 RPM_SENSOR 0 0 106.666664 0.000000 0.000000 0.000000 0.000000 0
4.7979 124 ROTORCRAFT_CMD 0 0 0 0
4.7979 124 RPM_SENSOR 0 0 106.666664 0.000000 0.000000 0.000000 0.000000 0
4.8000 124 STAB_ATTITUDE_INT -2006 -1350 -2495 -9671 3490 -9868 0 0 0 0 0 0 0 0 0 0 0 0 0 0 0
4.8001 124 RPM_SENSOR 0 0 106.666664 0.000000 0.000000 0.000000 0.000000 0
4.8018 124 DELFLY_STATEESTIMATION 4 0 0.033333 10.000000 0 0 0 0 0 0 0 0 0 0 0 0 0 278 -4734 1646
4.8019 124 RPM_SENSOR 0 0 106.666664 0.000000 0.000000 0.000000 0.000000 0
4.8037 124 DELFLY_GUIDANCE 0 0 0 0 0 0 0 0 0 0 0 0 0 0 0 0 0 0 0 0 0
4.8039 124 DELFLY_SPEEDCTRL 1 4 0 0 0 0 0 0 0 0 0 0 0 0 0 0.000000 0 0 0.000000 0 0 0.000000
4.8077 124 RPM_SENSOR 0 0 106.666664 0.000000 0.000000 0.000000 0.000000 0
4.8097 124 STAB_ATTITUDE_INT -1754 -837 -2369 -9663 3481 -9831 0 0 0 0 0 0 0 0 0 0 0 0 0 0 0
4.8098 124 RPM_SENSOR 0 0 106.666664 0.000000 0.000000 0.000000 0.000000 0
4.8116 124 DELFLY_STATEESTIMATION 4 0 0.033333 10.000000 0 0 0 0 0 0 0 0 0 0 0 0 0 -233 -5386 1445
4.8117 124 RPM_SENSOR 0 0 106.666664 0.000000 0.000000 0.000000 0.000000 0
4.8135 124 DELFLY_SPEEDCTRL 1 4 0 0 0 0 0 0 0 0 0 0 0 0 0 0.000000 0 0 0.000000 0 0 0.000000
4.8136 124 RPM_SENSOR 0 0 106.666664 0.000000 0.000000 0.000000 0.000000 0
4.8155 124 RPM_SENSOR 0 0 106.666664 0.000000 0.000000 0.000000 0.000000 0
4.8174 124 ROTORCRAFT_CMD 0 0 0 0
4.8175 124 RPM_SENSOR 0 0 106.666664 0.000000 0.000000 0.000000 0.000000 0
4.8195 124 STAB_ATTITUDE_INT -624 585 -1505 -9661 3469 -9812 0 0 0 0 0 0 0 0 0 0 0 0 0 0 0
4.8196 124 RPM_SENSOR 0 0 106.666664 0.000000 0.000000 0.000000 0.000000 0
4.8213 124 DELFLY_STATEESTIMATION 4 0 0.033333 10.000000 0 0 0 0 0 0 0 0 0 0 0 0 0 -516 -5253 1691
4.8214 124 RPM_SENSOR 0 0 106.666664 0.000000 0.000000 0.000000 0.000000 0
4.8233 124 DELFLY_GUIDANCE 0 0 0 0 0 0 0 0 0 0 0 0 0 0 0 0 0 0 0 0 0
4.8234 124 DELFLY_SPEEDCTRL 1 4 0 0 0 0 0 0 0 0 0 0 0 0 0 0.000000 0 0 0.000000 0 0 0.000000
4.8272 124 RPM_SENSOR 0 0 106.666664 0.000000 0.000000 0.000000 0.000000 0
4.8293 124 STAB_ATTITUDE_INT 429 1152 -729 -9662 3457 -9813 0 0 0 0 0 0 0 0 0 0 0 0 0 0 0
4.8294 124 RPM_SENSOR 0 0 106.666664 0.000000 0.000000 0.000000 0.000000 0
4.8311 124 DELFLY_STATEESTIMATION 4 0 0.033333 10.000000 0 0 0 0 0 0 0 0 0 0 0 0 0 -804 -5440 1467
4.8312 124 RPM_SENSOR 0 0 106.666664 0.000000 0.000000 0.000000 0.000000 0
4.8330 124 DELFLY_SPEEDCTRL 1 4 0 0 0 0 0 0 0 0 0 0 0 0 0 0.000000 0 0 0.000000 0 0 0.000000
4.8332 124 RPM_SENSOR 0 0 106.666664 0.000000 0.000000 0.000000 0.000000 0
4.8350 124 RPM_SENSOR 0 0 106.666664 0.000000 0.000000 0.000000 0.000000 0
4.8370 124 ROTORCRAFT_CMD 0 0 0 0
4.8370 124 RPM_SENSOR 0 0 106.666664 0.000000 0.000000 0.000000 0.000000 0
4.8391 124 STAB_ATTITUDE_INT 961 1352 -452 -9663 3445 -9823 0 0 0 0 0 0 0 0 0 0 0 0 0 0 0
4.8392 124 RPM_SENSOR 0 0 106.666664 0.000000 0.000000 0.000000 0.000000 0
4.8408 124 DELFLY_STATEESTIMATION 4 0 0.033333 10.000000 0 0 0 0 0 0 0 0 0 0 0 0 0 -329 -4777 1558
4.8410 124 RPM_SENSOR 0 0 106.666664 0.000000 0.000000 0.000000 0.000000 0
4.8428 124 DELFLY_GUIDANCE 0 0 0 0 0 0 0 0 0 0 0 0 0 0 0 0 0 0 0 0 0
4.8429 124 DELFLY_SPEEDCTRL 1 4 0 0 0 0 0 0 0 0 0 0 0 0 0 0.000000 0 0 0.000000 0 0 0.000000
4.8468 124 RPM_SENSOR 0 0 106.666664 0.000000 0.000000 0.000000 0.000000 0
4.8488 124 STAB_ATTITUDE_INT 836 968 -668 -9660 3435 -9830 0 0 0 0 0 0 0 0 0 0 0 0 0 0 0
4.8489 124 RPM_SENSOR 0 0 106.666664 0.000000 0.000000 0.000000 0.000000 0
4.8506 124 DELFLY_STATEESTIMATION 4 0 0.033333 10.000000 0 0 0 0 0 0 0 0 0 0 0 0 0 -15 -4774 1832
4.8507 124 RPM_SENSOR 0 0 106.666664 0.000000 0.000000 0.000000 0.000000 0
4.8525 124 DELFLY_SPEEDCTRL 1 4 0 0 0 0 0 0 0 0 0 0 0 0 0 0.000000 0 0 0.000000 0 0 0.000000
4.8527 124 RPM_SENSOR 0 0 106.666664 0.000000 0.000000 0.000000 0.000000 0
4.8545 124 RPM_SENSOR 0 0 106.666664 0.000000 0.000000 0.000000 0.000000 0
4.8565 124 ROTORCRAFT_CMD 0 0 0 0
4.8565 124 RPM_SENSOR 0 0 106.666664 0.000000 0.000000 0.000000 0.000000 0
4.8586 124 STAB_ATTITUDE_INT 813 830 -1030 -9655 3425 -9832 0 0 0 0 0 0 0 0 0 0 0 0 0 0 0
4.8587 124 RPM_SENSOR 0 0 106.666664 0.000000 0.000000 0.000000 0.000000 0
4.8604 124 DELFLY_STATEESTIMATION 4 0 0.033333 10.000000 0 0 0 0 0 0 0 0 0 0 0 0 0 269 -4603 2068
4.8605 124 RPM_SENSOR 0 0 106.666664 0.000000 0.000000 0.000000 0.000000 0
4.8623 124 DELFLY_GUIDANCE 0 0 0 0 0 0 0 0 0 0 0 0 0 0 0 0 0 0 0 0 0
4.8625 124 DELFLY_SPEEDCTRL 1 4 0 0 0 0 0 0 0 0 0 0 0 0 0 0.000000 0 0 0.000000 0 0 0.000000
4.8663 124 RPM_SENSOR 0 0 106.666664 0.000000 0.000000 0.000000 0.000000 0
4.8684 124 STAB_ATTITUDE_INT 913 764 -1248 -9645 3412 -9830 0 0 0 0 0 0 0 0 0 0 0 0 0 0 0
4.8685 124 RPM_SENSOR 0 0 106.666664 0.000000 0.000000 0.000000 0.000000 0
4.8701 124 DELFLY_STATEESTIMATION 4 0 0.033333 10.000000 0 0 0 0 0 0 0 0 0 0 0 0 0 540 -4301 1804
4.8703 124 RPM_SENSOR 0 0 106.666664 0.000000 0.000000 0.000000 0.000000 0
4.8721 124 DELFLY_SPEEDCTRL 1 4 0 0 0 0 0 0 0 0 0 0 0 0 0 0.000000 0 0 0.000000 0 0 0.000000
4.8722 124 RPM_SENSOR 0 0 106.666664 0.000000 0.000000 0.000000 0.000000 0
4.8741 124 RPM_SENSOR 0 0 106.666664 0.000000 0.000000 0.000000 0.000000 0
4.8760 124 ROTORCRAFT_CMD 0 0 0 0
4.8761 124 RPM_SENSOR 0 0 106.666664 0.000000 0.000000 0.000000 0.000000 0
4.8781 124 STAB_ATTITUDE_INT 3410 -1157 -767 -9621 3405 -9821 0 0 0 0 0 0 0 0 0 0 0 0 0 0 0
4.8782 124 RPM_SENSOR 0 0 106.666664 0.000000 0.000000 0.000000 0.000000 0
4.8799 124 DELFLY_STATEESTIMATION 4 0 0.033333 10.000000 0 0 0 0 0 0 0 0 0 0 0 0 0 133 -3764 2014
4.8800 124 RPM_SENSOR 0 0 106.666664 0.000000 0.000000 0.000000 0.000000 0
4.8819 124 DELFLY_GUIDANCE 0 0 0 0 0 0 0 0 0 0 0 0 0 0 0 0 0 0 0 0 0
4.8820 124 DELFLY_SPEEDCTRL 1 4 0 0 0 0 0 0 0 0 0 0 0 0 0 0.000000 0 0 0.000000 0 0 0.000000
4.8858 124 RPM_SENSOR 0 0 106.666664 0.000000 0.000000 0.000000 0.000000 0
4.8879 124 STAB_ATTITUDE_INT 1997 -797 -353 -9589 3409 -9808 0 0 0 0 0 0 0 0 0 0 0 0 0 0 0
4.8880 124 RPM_SENSOR 0 0 106.666664 0.000000 0.000000 0.000000 0.000000 0
4.8897 124 DELFLY_STATEESTIMATION 4 0 0.033333 10.000000 0 0 0 0 0 0 0 0 0 0 0 0 0 500 -4614 1398
4.8898 124 RPM_SENSOR 0 0 106.666664 0.000000 0.000000 0.000000 0.000000 0
4.8916 124 DELFLY_SPEEDCTRL 1 4 0 0 0 0 0 0 0 0 0 0 0 0 0 0.000000 0 0 0.000000 0 0 0.000000
4.8918 124 RPM_SENSOR 0 0 106.666664 0.000000 0.000000 0.000000 0.000000 0
4.8936 124 RPM_SENSOR 0 0 106.666664 0.000000 0.000000 0.000000 0.000000 0
4.8956 124 ROTORCRAFT_CMD 0 0 0 0
4.8956 124 RPM_SENSOR 0 0 106.666664 0.000000 0.000000 0.000000 0.000000 0
4.8977 124 STAB_ATTITUDE_INT 1330 -73 -328 -9574 3406 -9805 0 0 0 0 0 0 0 0 0 0 0 0 0 0 0
4.8978 124 RPM_SENSOR 0 0 106.666664 0.000000 0.000000 0.000000 0.000000 0
4.8995 124 DELFLY_STATEESTIMATION 4 0 0.033333 10.000000 0 0 0 0 0 0 0 0 0 0 0 0 0 136 -5060 1699
4.8996 124 RPM_SENSOR 0 0 106.666664 0.000000 0.000000 0.000000 0.000000 0
4.9014 124 DELFLY_GUIDANCE 0 0 0 0 0 0 0 0 0 0 0 0 0 0 0 0 0 0 0 0 0
4.9015 124 DELFLY_SPEEDCTRL 1 4 0 0 0 0 0 0 0 0 0 0 0 0 0 0.000000 0 0 0.000000 0 0 0.000000
4.9054 124 RPM_SENSOR 0 0 106.666664 0.000000 0.000000 0.000000 0.000000 0
4.9074 124 STAB_ATTITUDE_INT 1382 323 -606 -9557 3403 -9800 0 0 0 0 0 0 0 0 0 0 0 0 0 0 0
4.9075 124 RPM_SENSOR 0 0 106.666664 0.000000 0.000000 0.000000 0.000000 0
4.9092 124 DELFLY_STATEESTIMATION 4 0 0.033333 10.000000 0 0 0 0 0 0 0 0 0 0 0 0 0 -445 -4794 1237
4.9093 124 RPM_SENSOR 0 0 106.666664 0.000000 0.000000 0.000000 0.000000 0
4.9112 124 DELFLY_SPEEDCTRL 1 4 0 0 0 0 0 0 0 0 0 0 0 0 0 0.000000 0 0 0.000000 0 0 0.000000
4.9113 124 RPM_SENSOR 0 0 106.666664 0.000000 0.000000 0.000000 0.000000 0
4.9131 124 RPM_SENSOR 0 0 106.666664 0.000000 0.000000 0.000000 0.000000 0
4.9151 124 ROTORCRAFT_CMD 0 0 0 0
4.9151 124 RPM_SENSOR 0 0 106.666664 0.000000 0.000000 0.000000 0.000000 0
4.9172 124 STAB_ATTITUDE_INT 892 719 -787 -9545 3396 -9801 0 0 0 0 0 0 0 0 0 0 0 0 0 0 0
4.9173 124 RPM_SENSOR 0 0 106.666664 0.000000 0.000000 0.000000 0.000000 0
4.9190 124 DELFLY_STATEESTIMATION 4 0 0.033333 10.000000 0 0 0 0 0 0 0 0 0 0 0 0 0 233 -4797 1424
4.9191 124 RPM_SENSOR 0 0 106.666664 0.000000 0.000000 0.000000 0.000000 0
4.9209 124 DELFLY_GUIDANCE 0 0 0 0 0 0 0 0 0 0 0 0 0 0 0 0 0 0 0 0 0
4.9211 124 DELFLY_SPEEDCTRL 1 4 0 0 0 0 0 0 0 0 0 0 0 0 0 0.000000 0 0 0.000000 0 0 0.000000
4.9249 124 RPM_SENSOR 0 0 106.666664 0.000000 0.000000 0.000000 0.000000 0
4.9269 124 STAB_ATTITUDE_INT 739 837 -1305 -9537 3384 -9800 0 0 0 0 0 0 0 0 0 0 0 0 0 0 0
4.9271 124 RPM_SENSOR 0 0 106.666664 0.000000 0.000000 0.000000 0.000000 0
4.9287 124 DELFLY_STATEESTIMATION 4 0 0.033333 10.000000 0 0 0 0 0 0 0 0 0 0 0 0 0 83 -4771 1708
4.9288 124 RPM_SENSOR 0 0 106.666664 0.000000 0.000000 0.000000 0.000000 0
4.9307 124 DELFLY_SPEEDCTRL 1 4 0 0 0 0 0 0 0 0 0 0 0 0 0 0.000000 0 0 0.000000 0 0 0.000000
4.9308 124 RPM_SENSOR 0 0 106.666664 0.000000 0.000000 0.000000 0.000000 0
4.9327 124 RPM_SENSOR 0 0 106.666664 0.000000 0.000000 0.000000 0.000000 0
4.9346 124 ROTORCRAFT_CMD 0 0 0 0
4.9347 124 RPM_SENSOR 0 0 106.666664 0.000000 0.000000 0.000000 0.000000 0
4.9367 124 STAB_ATTITUDE_INT 767 488 -1509 -9526 3371 -9794 0 0 0 0 0 0 0 0 0 0 0 0 0 0 0
4.9368 124 RPM_SENSOR 0 0 106.666664 0.000000 0.000000 0.000000 0.000000 0
4.9385 124 DELFLY_STATEESTIMATION 4 0 0.033333 10.000000 0 0 0 0 0 0 0 0 0 0 0 0 0 233 -4295 1630
4.9386 124 RPM_SENSOR 0 0 106.666664 0.000000 0.000000 0.000000 0.000000 0
4.9404 124 DELFLY_GUIDANCE 0 0 0 0 0 0 0 0 0 0 0 0 0 0 0 0 0 0 0 0 0
4.9405 124 DELFLY_SPEEDCTRL 1 4 0 0 0 0 0 0 0 0 0 0 0 0 0 0.000000 0 0 0.000000 0 0 0.000000
4.9446 124 DELFLY_SPEEDCTRL_GAINS 0 18829 11115 12.589200 -485 -777 -0.022700 -1259 117 0.003400
4.9447 124 ROTORCRAFT_CMD 0 0 0 0
4.9447 124 RPM_SENSOR 0 0 106.666664 0.000000 0.000000 0.000000 0.000000 0
4.9465 124 STAB_ATTITUDE_INT 1777 -1780 -1225 -9501 3364 -9776 0 0 0 0 0 0 0 0 0 0 0 0 0 0 0
4.9466 124 RPM_SENSOR 0 0 106.666664 0.000000 0.000000 0.000000 0.000000 0
4.9483 124 DELFLY_STATEESTIMATION 4 0 0.033333 10.000000 0 0 0 0 0 0 0 0 0 0 0 0 0 68 -7968 4192
4.9484 124 RPM_SENSOR 0 0 106.666664 0.000000 0.000000 0.000000 0.000000 0
4.9502 124 RPM_SENSOR 0 0 106.666664 0.000000 0.000000 0.000000 0.000000 0
4.9522 124 DELFLY_STATE 0 0 0 0 0 0 0 0 0 0 0 0 0 0 0 -9764 0 6432 0.000000 5
4.9523 124 RPM_SENSOR 0 0 106.666664 0.000000 0.000000 0.000000 0.000000 0
4.9541 124 ROTORCRAFT_CMD 0 0 0 0
4.9542 124 RPM_SENSOR 0 0 106.666664 0.000000 0.000000 0.000000 0.000000 0
4.9563 124 STAB_ATTITUDE_INT 900 -813 -1721 -9473 3364 -9747 0 0 0 0 0 0 0 0 0 0 0 0 0 0 0
4.9564 124 RPM_SENSOR 0 0 106.666664 0.000000 0.000000 0.000000 0.000000 0
4.9580 124 DELFLY_STATEESTIMATION 4 0 0.033333 10.000000 0 0 0 0 0 0 0 0 0 0 0 0 0 341 -5994 1325
4.9581 124 RPM_SENSOR 0 0 106.666664 0.000000 0.000000 0.000000 0.000000 0
4.9600 124 DELFLY_GUIDANCE 0 0 0 0 0 0 0 0 0 0 0 0 0 0 0 0 0 0 0 0 0
4.9620 124 DELFLY_FLAPCONTROL 0.000000 0.000000 0.000000 0 0.000000 0
4.9620 124 DELFLY_STATE 0 0 0 0 0 0 0 0 0 0 0 0 0 0 0 -9743 0 6432 0.000000 5
4.9621 124 RPM_SENSOR 0 0 106.666664 0.000000 0.000000 0.000000 0.000000 0
4.9639 124 ROTORCRAFT_CMD 0 0 0 0
4.9639 124 RPM_SENSOR 0 0 106.666664 0.000000 0.000000 0.000000 0.000000 0
4.9660 124 STAB_ATTITUDE_INT 872 -612 -1176 -9456 3361 -9733 0 0 0 0 0 0 0 0 0 0 0 0 0 0 0
4.9661 124 RPM_SENSOR 0 0 106.666664 0.000000 0.000000 0.000000 0.000000 0
4.9678 124 DELFLY_STATEESTIMATION 4 0 0.033333 10.000000 0 0 0 0 0 0 0 0 0 0 0 0 0 1100 -4845 1948
4.9679 124 RPM_SENSOR 0 0 106.666664 0.000000 0.000000 0.000000 0.000000 0
4.9718 124 RPM_SENSOR 0 0 106.666664 0.000000 0.000000 0.000000 0.000000 0
4.9737 124 ROTORCRAFT_CMD 0 0 0 0
4.9737 124 RPM_SENSOR 0 0 106.666664 0.000000 0.000000 0.000000 0.000000 0
4.9758 124 STAB_ATTITUDE_INT 1047 -329 -1296 -9437 3356 -9718 0 0 0 0 0 0 0 0 0 0 0 0 0 0 0
4.9759 124 RPM_SENSOR 0 0 106.666664 0.000000 0.000000 0.000000 0.000000 0
4.9776 124 DELFLY_STATEESTIMATION 4 0 0.033333 10.000000 0 0 0 0 0 0 0 0 0 0 0 0 0 502 -5259 1770
4.9777 124 RPM_SENSOR 0 0 106.666664 0.000000 0.000000 0.000000 0.000000 0
4.9795 124 RPM_SENSOR 0 0 106.666664 0.000000 0.000000 0.000000 0.000000 0
4.9815 124 DELFLY_FLAPCONTROL 0.000000 0.000000 0.000000 0 0.000000 0
4.9815 124 DELFLY_STATE 0 0 0 0 0 0 0 0 0 0 0 0 0 0 0 -9715 0 6432 0.000000 5
4.9816 124 RPM_SENSOR 0 0 106.666664 0.000000 0.000000 0.000000 0.000000 0
4.9834 124 ROTORCRAFT_CMD 0 0 0 0
4.9835 124 RPM_SENSOR 0 0 106.666664 0.000000 0.000000 0.000000 0.000000 0
4.9855 124 STAB_ATTITUDE_INT 1638 208 -1012 -9417 3348 -9708 0 0 0 0 0 0 0 0 0 0 0 0 0 0 0
4.9857 124 RPM_SENSOR 0 0 106.666664 0.000000 0.000000 0.000000 0.000000 0
4.9873 124 DELFLY_STATEESTIMATION 4 0 0.033333 10.000000 0 0 0 0 0 0 0 0 0 0 0 0 0 -206 -5363 2119
4.9874 124 RPM_SENSOR 0 0 106.666664 0.000000 0.000000 0.000000 0.000000 0
4.9893 124 RPM_SENSOR 0 0 106.666664 0.000000 0.000000 0.000000 0.000000 0
4.9913 124 DELFLY_STATE 0 0 0 0 0 0 0 0 0 0 0 0 0 0 0 -9707 0 6432 0.000000 5
4.9914 124 RPM_SENSOR 0 0 106.666664 0.000000 0.000000 0.000000 0.000000 0
4.9932 124 ROTORCRAFT_CMD 0 0 0 0
4.9932 124 RPM_SENSOR 0 0 106.666664 0.000000 0.000000 0.000000 0.000000 0
4.9953 124 STAB_ATTITUDE_INT 2270 882 -1068 -9398 3338 -9707 0 0 0 0 0 0 0 0 0 0 0 0 0 0 0
4.9954 124 RPM_SENSOR 0 0 106.666664 0.000000 0.000000 0.000000 0.000000 0
4.9971 124 DELFLY_STATEESTIMATION 4 0 0.033333 10.000000 0 0 0 0 0 0 0 0 0 0 0 0 0 -503 -5135 1828
4.9972 124 RPM_SENSOR 0 0 106.666664 0.000000 0.000000 0.000000 0.000000 0
5.0011 124 DELFLY_STATE 0 0 0 0 0 0 0 0 0 0 0 0 0 0 0 -9707 0 6432 0.000000 5
5.0012 124 RPM_SENSOR 0 0 106.666664 0.000000 0.000000 0.000000 0.000000 0
5.0030 124 ROTORCRAFT_CMD 0 0 0 0
5.0030 124 RPM_SENSOR 0 0 106.666664 0.000000 0.000000 0.000000 0.000000 0
5.0051 124 STAB_ATTITUDE_INT 3219 1286 -638 -9374 3325 -9712 0 0 0 0 0 0 0 0 0 0 0 0 0 0 0
5.0052 124 RPM_SENSOR 0 0 106.666664 0.000000 0.000000 0.000000 0.000000 0
5.0069 124 DELFLY_STATEESTIMATION 4 0 0.033333 10.000000 0 0 0 0 0 0 0 0 0 0 0 0 0 -477 -5046 1653
5.0070 124 RPM_SENSOR 0 0 106.666664 0.000000 0.000000 0.000000 0.000000 0
5.0109 124 RPM_SENSOR 0 0 106.666664 0.000000 0.000000 0.000000 0.000000 0
5.0127 124 ROTORCRAFT_CMD 0 0 0 0
5.0128 124 RPM_SENSOR 0 0 106.666664 0.000000 0.000000 0.000000 0.000000 0
5.0148 124 STAB_ATTITUDE_INT 3103 1342 96 -9351 3315 -9726 0 0 0 0 0 0 0 0 0 0 0 0 0 0 0
5.0150 124 RPM_SENSOR 0 0 106.666664 0.000000 0.000000 0.000000 0.000000 0
5.0166 124 DELFLY_STATEESTIMATION 4 0 0.033333 10.000000 0 0 0 0 0 0 0 0 0 0 0 0 0 -673 -3254 1629
5.0168 124 RPM_SENSOR 0 0 106.666664 0.000000 0.000000 0.000000 0.000000 0
5.0186 124 RPM_SENSOR 0 0 106.666664 0.000000 0.000000 0.000000 0.000000 0
5.0206 124 DELFLY_FLAPCONTROL 0.000000 0.000000 0.000000 0 0.000000 0
5.0206 124 DELFLY_STATE 0 0 0 0 0 0 0 0 0 0 0 0 0 0 0 -9729 0 6432 0.000000 5
5.0207 124 RPM_SENSOR 0 0 106.666664 0.000000 0.000000 0.000000 0.000000 0
5.0225 124 ROTORCRAFT_CMD 0 0 0 0
5.0225 124 RPM_SENSOR 0 0 106.666664 0.000000 0.000000 0.000000 0.000000 0
5.0246 124 STAB_ATTITUDE_INT 4613 2964 5653 -9292 3286 -9759 0 0 0 0 0 0 0 0 0 0 0 0 0 0 0
5.0247 124 RPM_SENSOR 0 0 106.666664 0.000000 0.000000 0.000000 0.000000 0
5.0264 124 DELFLY_STATEESTIMATION 4 0 0.033333 10.000000 0 0 0 0 0 0 0 0 0 0 0 0 0 513 -1878 4358
5.0265 124 RPM_SENSOR 0 0 106.666664 0.000000 0.000000 0.000000 0.000000 0
5.0284 124 RPM_SENSOR 0 0 106.666664 0.000000 0.000000 0.000000 0.000000 0
5.0303 124 DELFLY_STATE 0 0 0 0 0 0 0 0 0 0 0 0 0 0 0 -9773 0 6432 0.000000 5
5.0304 124 RPM_SENSOR 0 0 106.666664 0.000000 0.000000 0.000000 0.000000 0
5.0323 124 ROTORCRAFT_CMD 0 0 0 0
5.0323 124 RPM_SENSOR 0 0 106.666664 0.000000 0.000000 0.000000 0.000000 0
5.0344 124 STAB_ATTITUDE_INT 6070 2024 -1743 -9238 3257 -9785 0 0 0 0 0 0 0 0 0 0 0 0 0 0 0
5.0345 124 RPM_SENSOR 0 0 106.666664 0.000000 0.000000 0.000000 0.000000 0
5.0362 124 DELFLY_STATEESTIMATION 4 0 0.033333 10.000000 0 0 0 0 0 0 0 0 0 0 0 0 0 1532 -4750 868
5.0363 124 RPM_SENSOR 0 0 106.666664 0.000000 0.000000 0.000000 0.000000 0
5.0401 124 DELFLY_STATE 0 0 0 0 0 0 0 0 0 0 0 0 0 0 0 -9786 0 6432 0.000000 5
5.0402 124 RPM_SENSOR 0 0 106.666664 0.000000 0.000000 0.000000 0.000000 0
5.0420 124 ROTORCRAFT_CMD 0 0 0 0
5.0421 124 RPM_SENSOR 0 0 106.666664 0.000000 0.000000 0.000000 0.000000 0
5.0441 124 ROTORCRAFT_FP 0 0 0 0 0 0 -9204 3247 -9790 0 0 512 0 0 0
5.0442 124 DELFLY_SPEEDCTRL_GAINS 0 18829 11115 12.589200 -485 -777 -0.022700 -1259 117 0.003400
5.0443 124 STAB_ATTITUDE_INT 3041 446 -524 -9204 3247 -9790 0 0 0 0 0 0 0 0 0 0 0 0 0 0 0
5.0444 124 RPM_SENSOR 0 0 106.666664 0.000000 0.000000 0.000000 0.000000 0
5.0500 124 RPM_SENSOR 0 0 106.666664 0.000000 0.000000 0.000000 0.000000 0
5.0518 124 ROTORCRAFT_CMD 0 0 0 0
5.0518 124 RPM_SENSOR 0 0 106.666664 0.000000 0.000000 0.000000 0.000000 0
5.0539 124 STAB_ATTITUDE_INT 1766 16 -705 -9181 3242 -9788 0 0 0 0 0 0 0 0 0 0 0 0 0 0 0
5.0540 124 RPM_SENSOR 0 0 106.666664 0.000000 0.000000 0.000000 0.000000 0
5.0557 124 DELFLY_STATEESTIMATION 4 0 0.033333 10.000000 0 0 0 0 0 0 0 0 0 0 0 0 0 332 -5052 1545
5.0558 124 RPM_SENSOR 0 0 106.666664 0.000000 0.000000 0.000000 0.000000 0
5.0577 124 RPM_SENSOR 0 0 106.666664 0.000000 0.000000 0.000000 0.000000 0
5.0596 124 DELFLY_FLAPCONTROL 0.000000 0.000000 0.000000 0 0.000000 0
5.0597 124 DELFLY_STATE 0 0 0 0 0 0 0 0 0 0 0 0 0 0 0 -9787 0 6432 0.000000 5
5.0598 124 RPM_SENSOR 0 0 106.666664 0.000000 0.000000 0.000000 0.000000 0
5.0615 124 ROTORCRAFT_CMD 0 0 0 0
5.0616 124 RPM_SENSOR 0 0 106.666664 0.000000 0.000000 0.000000 0.000000 0
5.0637 124 STAB_ATTITUDE_INT 1333 66 -1123 -9164 3236 -9783 0 0 0 0 0 0 0 0 0 0 0 0 0 0 0
5.0638 124 RPM_SENSOR 0 0 106.666664 0.000000 0.000000 0.000000 0.000000 0
5.0655 124 DELFLY_STATEESTIMATION 4 0 0.033333 10.000000 0 0 0 0 0 0 0 0 0 0 0 0 0 558 -4821 1343
5.0656 124 RPM_SENSOR 0 0 106.666664 0.000000 0.000000 0.000000 0.000000 0
5.0674 124 RPM_SENSOR 0 0 106.666664 0.000000 0.000000 0.000000 0.000000 0
5.0694 124 DELFLY_STATE 0 0 0 0 0 0 0 0 0 0 0 0 0 0 0 -9779 0 6432 0.000000 5
5.0695 124 RPM_SENSOR 0 0 106.666664 0.000000 0.000000 0.000000 0.000000 0
5.0713 124 ROTORCRAFT_CMD 0 0 0 0
5.0713 124 RPM_SENSOR 0 0 106.666664 0.000000 0.000000 0.000000 0.000000 0
5.0734 124 STAB_ATTITUDE_INT 985 -293 -1383 -9146 3227 -9772 0 0 0 0 0 0 0 0 0 0 0 0 0 0 0
5.0735 124 RPM_SENSOR 0 0 106.666664 0.000000 0.000000 0.000000 0.000000 0
5.0752 124 DELFLY_STATEESTIMATION 4 0 0.033333 10.000000 0 0 0 0 0 0 0 0 0 0 0 0 0 118 -4537 1615
5.0753 124 RPM_SENSOR 0 0 106.666664 0.000000 0.000000 0.000000 0.000000 0
5.0792 124 DELFLY_STATE 0 0 0 0 0 0 0 0 0 0 0 0 0 0 0 -9769 0 6432 0.000000 5
5.0793 124 RPM_SENSOR 0 0 106.666664 0.000000 0.000000 0.000000 0.000000 0
5.0811 124 ROTORCRAFT_CMD 0 0 0 0
5.0811 124 RPM_SENSOR 0 0 106.666664 0.000000 0.000000 0.000000 0.000000 0
5.0832 124 STAB_ATTITUDE_INT 423 -670 -1620 -9128 3221 -9755 0 0 0 0 0 0 0 0 0 0 0 0 0 0 0
5.0833 124 RPM_SENSOR 0 0 106.666664 0.000000 0.000000 0.000000 0.000000 0
5.0850 124 DELFLY_STATEESTIMATION 4 0 0.033333 10.000000 0 0 0 0 0 0 0 0 0 0 0 0 0 634 -4838 924
5.0851 124 RPM_SENSOR 0 0 106.666664 0.000000 0.000000 0.000000 0.000000 0
5.0890 124 RPM_SENSOR 0 0 106.666664 0.000000 0.000000 0.000000 0.000000 0
5.0909 124 ROTORCRAFT_CMD 0 0 0 0
5.0909 124 RPM_SENSOR 0 0 106.666664 0.000000 0.000000 0.000000 0.000000 0
5.0930 124 STAB_ATTITUDE_INT -363 -1323 -1179 -9114 3217 -9730 0 0 0 0 0 0 0 0 0 0 0 0 0 0 0
5.0931 124 RPM_SENSOR 0 0 106.666664 0.000000 0.000000 0.000000 0.000000 0
5.0948 124 DELFLY_STATEESTIMATION 4 0 0.033333 10.000000 0 0 0 0 0 0 0 0 0 0 0 0 0 -141 -4883 1809
5.0949 124 RPM_SENSOR 0 0 106.666664 0.000000 0.000000 0.000000 0.000000 0
5.0967 124 RPM_SENSOR 0 0 106.666664 0.000000 0.000000 0.000000 0.000000 0
5.0987 124 DELFLY_FLAPCONTROL 0.000000 0.000000 0.000000 0 0.000000 0
5.0987 124 DELFLY_STATE 0 0 0 0 0 0 0 0 0 0 0 0 0 0 0 -9724 0 6432 0.000000 5
5.0988 124 RPM_SENSOR 0 0 106.666664 0.000000 0.000000 0.000000 0.000000 0
5.1006 124 ROTORCRAFT_CMD 0 0 0 0
5.1007 124 RPM_SENSOR 0 0 106.666664 0.000000 0.000000 0.000000 0.000000 0
5.1027 124 STAB_ATTITUDE_INT -604 -1403 -1359 -9100 3215 -9702 0 0 0 0 0 0 0 0 0 0 0 0 0 0 0
5.1028 124 RPM_SENSOR 0 0 106.666664 0.000000 0.000000 0.000000 0.000000 0
5.1045 124 DELFLY_STATEESTIMATION 4 0 0.033333 10.000000 0 0 0 0 0 0 0 0 0 0 0 0 0 -76 -5067 1429
5.1046 124 RPM_SENSOR 0 0 106.666664 0.000000 0.000000 0.000000 0.000000 0
5.1064 124 RPM_SENSOR 0 0 106.666664 0.000000 0.000000 0.000000 0.000000 0
5.1085 124 DELFLY_STATE 0 0 0 0 0 0 0 0 0 0 0 0 0 0 0 -9691 0 6432 0.000000 5
5.1086 124 RPM_SENSOR 0 0 106.666664 0.000000 0.000000 0.000000 0.000000 0
5.1104 124 ROTORCRAFT_CMD 0 0 0 0
5.1104 124 RPM_SENSOR 0 0 106.666664 0.000000 0.000000 0.000000 0.000000 0
5.1125 124 STAB_ATTITUDE_INT -320 -1377 -1818 -9084 3210 -9673 0 0 0 0 0 0 0 0 0 0 0 0 0 0 0
5.1126 124 RPM_SENSOR 0 0 106.666664 0.000000 0.000000 0.000000 0.000000 0
5.1143 124 DELFLY_STATEESTIMATION 4 0 0.033333 10.000000 0 0 0 0 0 0 0 0 0 0 0 0 0 -27 -5274 1360
5.1144 124 RPM_SENSOR 0 0 106.666664 0.000000 0.000000 0.000000 0.000000 0
5.1183 124 DELFLY_STATE 0 0 0 0 0 0 0 0 0 0 0 0 0 0 0 -9667 0 6432 0.000000 5
5.1184 124 RPM_SENSOR 0 0 106.666664 0.000000 0.000000 0.000000 0.000000 0
5.1202 124 ROTORCRAFT_CMD 0 0 0 0
5.1202 124 RPM_SENSOR 0 0 106.666664 0.000000 0.000000 0.000000 0.000000 0
5.1223 124 STAB_ATTITUDE_INT -296 -1105 -1297 -9071 3208 -9648 0 0 0 0 0 0 0 0 0 0 0 0 0 0 0
5.1224 124 RPM_SENSOR 0 0 106.666664 0.000000 0.000000 0.000000 0.000000 0
5.1241 124 DELFLY_STATEESTIMATION 4 0 0.033333 10.000000 0 0 0 0 0 0 0 0 0 0 0 0 0 104 -5280 1595
5.1242 124 RPM_SENSOR 0 0 106.666664 0.000000 0.000000 0.000000 0.000000 0
5.1281 124 RPM_SENSOR 0 0 106.666664 0.000000 0.000000 0.000000 0.000000 0
5.1299 124 ROTORCRAFT_CMD 0 0 0 0
5.1300 124 RPM_SENSOR 0 0 106.666664 0.000000 0.000000 0.000000 0.000000 0
5.1320 124 STAB_ATTITUDE_INT -22 -728 -957 -9061 3206 -9631 0 0 0 0 0 0 0 0 0 0 0 0 0 0 0
5.1321 124 RPM_SENSOR 0 0 106.666664 0.000000 0.000000 0.000000 0.000000 0
5.1338 124 DELFLY_STATEESTIMATION 4 0 0.033333 10.000000 0 0 0 0 0 0 0 0 0 0 0 0 0 -293 -5118 1503
5.1340 124 RPM_SENSOR 0 0 106.666664 0.000000 0.000000 0.000000 0.000000 0
5.1357 124 RPM_SENSOR 0 0 106.666664 0.000000 0.000000 0.000000 0.000000 0
5.1377 124 DELFLY_FLAPCONTROL 0.000000 0.000000 0.000000 0 0.000000 0
5.1378 124 DELFLY_STATE 0 0 0 0 0 0 0 0 0 0 0 0 0 0 0 -9627 0 6432 0.000000 5
5.1379 124 RPM_SENSOR 0 0 106.666664 0.000000 0.000000 0.000000 0.000000 0
5.1397 124 ROTORCRAFT_CMD 0 0 0 0
5.1397 124 RPM_SENSOR 0 0 106.666664 0.000000 0.000000 0.000000 0.000000 0
5.1418 124 STAB_ATTITUDE_INT 68 -610 -569 -9054 3207 -9619 0 0 0 0 0 0 0 0 0 0 0 0 0 0 0
5.1419 124 RPM_SENSOR 0 0 106.666664 0.000000 0.000000 0.000000 0.000000 0
5.1438 124 ROTORCRAFT_FP 0 0 0 0 0 0 -9052 3206 -9617 0 0 512 0 0 0
5.1439 124 DELFLY_SPEEDCTRL_GAINS 0 18829 11115 12.589200 -485 -777 -0.022700 -1259 117 0.003400
5.1439 124 RPM_SENSOR 0 0 106.666664 0.000000 0.000000 0.000000 0.000000 0
5.1476 124 DELFLY_STATE 0 0 0 0 0 0 0 0 0 0 0 0 0 0 0 -9615 0 6432 0.000000 5
5.1477 124 RPM_SENSOR 0 0 106.666664 0.000000 0.000000 0.000000 0.000000 0
5.1494 124 ROTORCRAFT_CMD 0 0 0 0
5.1495 124 RPM_SENSOR 0 0 106.666664 0.000000 0.000000 0.000000 0.000000 0
5.1516 124 STAB_ATTITUDE_INT 890 -143 -877 -9046 3204 -9610 0 0 0 0 0 0 0 0 0 0 0 0 0 0 0
5.1517 124 RPM_SENSOR 0 0 106.666664 0.000000 0.000000 0.000000 0.000000 0
5.1535 124 DELFLY_STATEESTIMATION 4 0 0.033333 10.000000 0 0 0 0 0 0 0 0 0 0 0 0 0 -382 -4992 1383
5.1536 124 RPM_SENSOR 0 0 106.666664 0.000000 0.000000 0.000000 0.000000 0
5.1593 124 RPM_SENSOR 0 0 106.666664 0.000000 0.000000 0.000000 0.000000 0
5.1613 124 STAB_ATTITUDE_INT 995 144 -713 -9034 3199 -9607 0 0 0 0 0 0 0 0 0 0 0 0 0 0 0
5.1614 124 RPM_SENSOR 0 0 106.666664 0.000000 0.000000 0.000000 0.000000 0
5.1631 124 DELFLY_STATEESTIMATION 4 0 0.033333 10.000000 0 0 0 0 0 0 0 0 0 0 0 0 0 -570 -4994 1528
5.1632 124 RPM_SENSOR 0 0 106.666664 0.000000 0.000000 0.000000 0.000000 0
5.1651 124 DELFLY_SPEEDCTRL 1 4 0 0 0 0 0 0 0 0 0 0 0 0 0 0.000000 0 0 0.000000 0 0 0.000000
5.1652 124 RPM_SENSOR 0 0 106.666664 0.000000 0.000000 0.000000 0.000000 0
5.1670 124 RPM_SENSOR 0 0 106.666664 0.000000 0.000000 0.000000 0.000000 0
5.1690 124 ROTORCRAFT_CMD 0 0 0 0
5.1690 124 RPM_SENSOR 0 0 106.666664 0.000000 0.000000 0.000000 0.000000 0
5.1711 124 STAB_ATTITUDE_INT 427 -140 -454 -9026 3197 -9604 0 0 0 0 0 0 0 0 0 0 0 0 0 0 0
5.1712 124 RPM_SENSOR 0 0 106.666664 0.000000 0.000000 0.000000 0.000000 0
5.1729 124 DELFLY_STATEESTIMATION 4 0 0.033333 10.000000 0 0 0 0 0 0 0 0 0 0 0 0 0 -487 -5258 1618
5.1730 124 RPM_SENSOR 0 0 106.666664 0.000000 0.000000 0.000000 0.000000 0
5.1748 124 DELFLY_GUIDANCE 0 0 0 0 0 0 0 0 0 0 0 0 0 0 0 0 0 0 0 0 0
5.1750 124 DELFLY_SPEEDCTRL 1 4 0 0 0 0 0 0 0 0 0 0 0 0 0 0.000000 0 0 0.000000 0 0 0.000000
5.1788 124 RPM_SENSOR 0 0 106.666664 0.000000 0.000000 0.000000 0.000000 0
5.1809 124 STAB_ATTITUDE_INT 278 -220 -432 -9021 3196 -9600 0 0 0 0 0 0 0 0 0 0 0 0 0 0 0
5.1810 124 RPM_SENSOR 0 0 106.666664 0.000000 0.000000 0.000000 0.000000 0
5.1827 124 DELFLY_STATEESTIMATION 4 0 0.033333 10.000000 0 0 0 0 0 0 0 0 0 0 0 0 0 -198 -5157 1823
5.1828 124 RPM_SENSOR 0 0 106.666664 0.000000 0.000000 0.000000 0.000000 0
5.1846 124 DELFLY_SPEEDCTRL 1 4 0 0 0 0 0 0 0 0 0 0 0 0 0 0.000000 0 0 0.000000 0 0 0.000000
5.1847 124 RPM_SENSOR 0 0 106.666664 0.000000 0.000000 0.000000 0.000000 0
5.1866 124 RPM_SENSOR 0 0 106.666664 0.000000 0.000000 0.000000 0.000000 0
5.1885 124 ROTORCRAFT_CMD 0 0 0 0
5.1886 124 RPM_SENSOR 0 0 106.666664 0.000000 0.000000 0.000000 0.000000 0
5.1906 124 STAB_ATTITUDE_INT 122 -470 -674 -9016 3196 -9594 0 0 0 0 0 0 0 0 0 0 0 0 0 0 0
5.1907 124 RPM_SENSOR 0 0 106.666664 0.000000 0.000000 0.000000 0.000000 0
5.1924 124 DELFLY_STATEESTIMATION 4 0 0.033333 10.000000 0 0 0 0 0 0 0 0 0 0 0 0 0 71 -4877 1944
5.1925 124 RPM_SENSOR 0 0 106.666664 0.000000 0.000000 0.000000 0.000000 0
5.1944 124 DELFLY_GUIDANCE 0 0 0 0 0 0 0 0 0 0 0 0 0 0 0 0 0 0 0 0 0
5.1945 124 DELFLY_SPEEDCTRL 1 4 0 0 0 0 0 0 0 0 0 0 0 0 0 0.000000 0 0 0.000000 0 0 0.000000
5.1983 124 RPM_SENSOR 0 0 106.666664 0.000000 0.000000 0.000000 0.000000 0
5.2004 124 STAB_ATTITUDE_INT 80 -669 -1111 -9006 3193 -9580 0 0 0 0 0 0 0 0 0 0 0 0 0 0 0
5.2005 124 RPM_SENSOR 0 0 106.666664 0.000000 0.000000 0.000000 0.000000 0
5.2022 124 DELFLY_STATEESTIMATION 4 0 0.033333 10.000000 0 0 0 0 0 0 0 0 0 0 0 0 0 412 -4866 2202
5.2023 124 RPM_SENSOR 0 0 106.666664 0.000000 0.000000 0.000000 0.000000 0
5.2041 124 DELFLY_SPEEDCTRL 1 4 0 0 0 0 0 0 0 0 0 0 0 0 0 0.000000 0 0 0.000000 0 0 0.000000
5.2043 124 RPM_SENSOR 0 0 106.666664 0.000000 0.000000 0.000000 0.000000 0
5.2061 124 RPM_SENSOR 0 0 106.666664 0.000000 0.000000 0.000000 0.000000 0
5.2081 124 ROTORCRAFT_CMD 0 0 0 0
5.2081 124 RPM_SENSOR 0 0 106.666664 0.000000 0.000000 0.000000 0.000000 0
5.2102 124 STAB_ATTITUDE_INT 54 -651 -1209 -8995 3188 -9563 0 0 0 0 0 0 0 0 0 0 0 0 0 0 0
5.2103 124 RPM_SENSOR 0 0 106.666664 0.000000 0.000000 0.000000 0.000000 0
5.2119 124 DELFLY_STATEESTIMATION 4 0 0.033333 10.000000 0 0 0 0 0 0 0 0 0 0 0 0 0 353 -5264 1938
5.2121 124 RPM_SENSOR 0 0 106.666664 0.000000 0.000000 0.000000 0.000000 0
5.2139 124 DELFLY_GUIDANCE 0 0 0 0 0 0 0 0 0 0 0 0 0 0 0 0 0 0 0 0 0
5.2140 124 DELFLY_SPEEDCTRL 1 4 0 0 0 0 0 0 0 0 0 0 0 0 0 0.000000 0 0 0.000000 0 0 0.000000
5.2179 124 RPM_SENSOR 0 0 106.666664 0.000000 0.000000 0.000000 0.000000 0
5.2199 124 STAB_ATTITUDE_INT 169 -452 -1267 -8984 3182 -9548 0 0 0 0 0 0 0 0 0 0 0 0 0 0 0
5.2200 124 RPM_SENSOR 0 0 106.666664 0.000000 0.000000 0.000000 0.000000 0
5.2217 124 DELFLY_STATEESTIMATION 4 0 0.033333 10.000000 0 0 0 0 0 0 0 0 0 0 0 0 0 490 -5348 1936
5.2218 124 RPM_SENSOR 0 0 106.666664 0.000000 0.000000 0.000000 0.000000 0
5.2237 124 DELFLY_SPEEDCTRL 1 4 0 0 0 0 0 0 0 0 0 0 0 0 0 0.000000 0 0 0.000000 0 0 0.000000
5.2238 124 RPM_SENSOR 0 0 106.666664 0.000000 0.000000 0.000000 0.000000 0
5.2256 124 RPM_SENSOR 0 0 106.666664 0.000000 0.000000 0.000000 0.000000 0
5.2276 124 ROTORCRAFT_CMD 0 0 0 0
5.2276 124 RPM_SENSOR 0 0 106.666664 0.000000 0.000000 0.000000 0.000000 0
5.2297 124 STAB_ATTITUDE_INT 359 4 -1105 -8975 3176 -9538 0 0 0 0 0 0 0 0 0 0 0 0 0 0 0
5.2298 124 RPM_SENSOR 0 0 106.666664 0.000000 0.000000 0.000000 0.000000 0
5.2315 124 DELFLY_STATEESTIMATION 4 0 0.033333 10.000000 0 0 0 0 0 0 0 0 0 0 0 0 0 263 -5138 2151
5.2316 124 RPM_SENSOR 0 0 106.666664 0.000000 0.000000 0.000000 0.000000 0
5.2334 124 DELFLY_GUIDANCE 0 0 0 0 0 0 0 0 0 0 0 0 0 0 0 0 0 0 0 0 0
5.2336 124 DELFLY_SPEEDCTRL 1 4 0 0 0 0 0 0 0 0 0 0 0 0 0 0.000000 0 0 0.000000 0 0 0.000000
5.2374 124 RPM_SENSOR 0 0 106.666664 0.000000 0.000000 0.000000 0.000000 0
5.2395 124 STAB_ATTITUDE_INT 405 53 -1142 -8968 3170 -9531 0 0 0 0 0 0 0 0 0 0 0 0 0 0 0
5.2396 124 RPM_SENSOR 0 0 106.666664 0.000000 0.000000 0.000000 0.000000 0
5.2412 124 DELFLY_STATEESTIMATION 4 0 0.033333 10.000000 0 0 0 0 0 0 0 0 0 0 0 0 0 95 -5300 1933
5.2413 124 RPM_SENSOR 0 0 106.666664 0.000000 0.000000 0.000000 0.000000 0
5.2434 124 ROTORCRAFT_FP 0 0 0 0 0 0 -8965 3167 -9527 0 0 512 0 0 0
5.2435 124 DELFLY_SPEEDCTRL_GAINS 0 18829 11115 12.589200 -485 -777 -0.022700 -1259 117 0.003400
5.2435 124 RPM_SENSOR 0 0 106.666664 0.000000 0.000000 0.000000 0.000000 0
5.2471 124 ROTORCRAFT_CMD 0 0 0 0
5.2492 124 STAB_ATTITUDE_INT 73 -58 -836 -8961 3163 -9521 0 0 0 0 0 0 0 0 0 0 0 0 0 0 0
5.2494 124 RPM_SENSOR 0 0 106.666664 0.000000 0.000000 0.000000 0.000000 0
5.2510 124 DELFLY_STATEESTIMATION 4 0 0.033333 10.000000 0 0 0 0 0 0 0 0 0 0 0 0 0 42 -4998 2234
5.2511 124 RPM_SENSOR 0 0 106.666664 0.000000 0.000000 0.000000 0.000000 0
5.2530 124 DELFLY_GUIDANCE 0 0 0 0 0 0 0 0 0 0 0 0 0 0 0 0 0 0 0 0 0
5.2531 124 DELFLY_SPEEDCTRL 1 4 0 0 0 0 0 0 0 0 0 0 0 0 0 0.000000 0 0 0.000000 0 0 0.000000
5.2532 124 RPM_SENSOR 0 0 106.666664 0.000000 0.000000 0.000000 0.000000 0
5.2549 124 DELFLY_FLAPCONTROL 0.000000 0.000000 0.000000 0 0.000000 0
5.2569 124 ROTORCRAFT_CMD 0 0 0 0
5.2569 124 RPM_SENSOR 0 0 106.666664 0.000000 0.000000 0.000000 0.000000 0
5.2590 124 STAB_ATTITUDE_INT -516 -498 -1413 -8957 3156 -9510 0 0 0 0 0 0 0 0 0 0 0 0 0 0 0
5.2591 124 RPM_SENSOR 0 0 106.666664 0.000000 0.000000 0.000000 0.000000 0
5.2608 124 DELFLY_STATEESTIMATION 4 0 0.033333 10.000000 0 0 0 0 0 0 0 0 0 0 0 0 0 444 -5169 2120
5.2609 124 RPM_SENSOR 0 0 106.666664 0.000000 0.000000 0.000000 0.000000 0
5.2627 124 DELFLY_SPEEDCTRL 1 4 0 0 0 0 0 0 0 0 0 0 0 0 0 0.000000 0 0 0.000000 0 0 0.000000
5.2629 124 RPM_SENSOR 0 0 106.666664 0.000000 0.000000 0.000000 0.000000 0
5.2647 124 RPM_SENSOR 0 0 106.666664 0.000000 0.000000 0.000000 0.000000 0
5.2666 124 ROTORCRAFT_CMD 0 0 0 0
5.2667 124 RPM_SENSOR 0 0 106.666664 0.000000 0.000000 0.000000 0.000000 0
5.2688 124 STAB_ATTITUDE_INT -1371 1346 -4736 -8953 3135 -9494 0 0 0 0 0 0 0 0 0 0 0 0 0 0 0
5.2689 124 RPM_SENSOR 0 0 106.666664 0.000000 0.000000 0.000000 0.000000 0
5.2705 124 DELFLY_STATEESTIMATION 4 0 0.033333 10.000000 0 0 0 0 0 0 0 0 0 0 0 0 0 48 -5520 976
5.2706 124 RPM_SENSOR 0 0 106.666664 0.000000 0.000000 0.000000 0.000000 0
5.2725 124 DELFLY_GUIDANCE 0 0 0 0 0 0 0 0 0 0 0 0 0 0 0 0 0 0 0 0 0
5.2726 124 DELFLY_SPEEDCTRL 1 4 0 0 0 0 0 0 0 0 0 0 0 0 0 0.000000 0 0 0.000000 0 0 0.000000
5.2744 124 DELFLY_FLAPCONTROL 0.000000 0.000000 0.000000 0 0.000000 0
5.2764 124 ROTORCRAFT_CMD 0 0 0 0
5.2765 124 RPM_SENSOR 0 0 106.666664 0.000000 0.000000 0.000000 0.000000 0
5.2785 124 STAB_ATTITUDE_INT -2552 3034 -2208 -8985 3103 -9508 0 0 0 0 0 0 0 0 0 0 0 0 0 0 0
5.2786 124 RPM_SENSOR 0 0 106.666664 0.000000 0.000000 0.000000 0.000000 0
5.2803 124 DELFLY_STATEESTIMATION 4 0 0.033333 10.000000 0 0 0 0 0 0 0 0 0 0 0 0 0 759 -5375 2429
5.2804 124 RPM_SENSOR 0 0 106.666664 0.000000 0.000000 0.000000 0.000000 0
5.2822 124 DELFLY_SPEEDCTRL 1 4 0 0 0 0 0 0 0 0 0 0 0 0 0 0.000000 0 0 0.000000 0 0 0.000000
5.2824 124 RPM_SENSOR 0 0 106.666664 0.000000 0.000000 0.000000 0.000000 0
5.2842 124 RPM_SENSOR 0 0 106.666664 0.000000 0.000000 0.000000 0.000000 0
5.2862 124 ROTORCRAFT_CMD 0 0 0 0
5.2862 124 RPM_SENSOR 0 0 106.666664 0.000000 0.000000 0.000000 0.000000 0
5.2883 124 STAB_ATTITUDE_INT -1813 2944 -2050 -9018 3068 -9527 0 0 0 0 0 0 0 0 0 0 0 0 0 0 0
5.2884 124 RPM_SENSOR 0 0 106.666664 0.000000 0.000000 0.000000 0.000000 0
5.2901 124 DELFLY_STATEESTIMATION 4 0 0.033333 10.000000 0 0 0 0 0 0 0 0 0 0 0 0 0 966 -6152 2826
5.2902 124 RPM_SENSOR 0 0 106.666664 0.000000 0.000000 0.000000 0.000000 0
5.2920 124 DELFLY_GUIDANCE 0 0 0 0 0 0 0 0 0 0 0 0 0 0 0 0 0 0 0 0 0
5.2921 124 DELFLY_SPEEDCTRL 1 4 0 0 0 0 0 0 0 0 0 0 0 0 0 0.000000 0 0 0.000000 0 0 0.000000
5.2960 124 RPM_SENSOR 0 0 106.666664 0.000000 0.000000 0.000000 0.000000 0
5.2981 124 STAB_ATTITUDE_INT 21 1014 -2397 -9025 3040 -9530 0 0 0 0 0 0 0 0 0 0 0 0 0 0 0
5.2982 124 RPM_SENSOR 0 0 106.666664 0.000000 0.000000 0.000000 0.000000 0
5.2998 124 DELFLY_STATEESTIMATION 4 0 0.033333 10.000000 0 0 0 0 0 0 0 0 0 0 0 0 0 -178 -4118 2819
5.2999 124 RPM_SENSOR 0 0 106.666664 0.000000 0.000000 0.000000 0.000000 0
5.3018 124 DELFLY_SPEEDCTRL 1 4 0 0 0 0 0 0 0 0 0 0 0 0 0 0.000000 0 0 0.000000 0 0 0.000000
5.3019 124 RPM_SENSOR 0 0 106.666664 0.000000 0.000000 0.000000 0.000000 0
5.3039 124 RPM_SENSOR 0 0 106.666664 0.000000 0.000000 0.000000 0.000000 0
5.3057 124 ROTORCRAFT_CMD 0 0 0 0
5.3058 124 RPM_SENSOR 0 0 106.666664 0.000000 0.000000 0.000000 0.000000 0
5.3078 124 STAB_ATTITUDE_INT -762 -784 -1761 -9026 3024 -9524 0 0 0 0 0 0 0 0 0 0 0 0 0 0 0
5.3079 124 RPM_SENSOR 0 0 106.666664 0.000000 0.000000 0.000000 0.000000 0
5.3096 124 DELFLY_STATEESTIMATION 4 0 0.033333 10.000000 0 0 0 0 0 0 0 0 0 0 0 0 0 473 -3262 3057
5.3097 124 RPM_SENSOR 0 0 106.666664 0.000000 0.000000 0.000000 0.000000 0
5.3116 124 DELFLY_GUIDANCE 0 0 0 0 0 0 0 0 0 0 0 0 0 0 0 0 0 0 0 0 0
5.3117 124 DELFLY_SPEEDCTRL 1 4 0 0 0 0 0 0 0 0 0 0 0 0 0 0.000000 0 0 0.000000 0 0 0.000000
5.3155 124 RPM_SENSOR 0 0 106.666664 0.000000 0.000000 0.000000 0.000000 0
5.3176 124 STAB_ATTITUDE_INT -733 -677 -1305 -9030 3026 -9513 0 0 0 0 0 0 0 0 0 0 0 0 0 0 0
5.3177 124 RPM_SENSOR 0 0 106.666664 0.000000 0.000000 0.000000 0.000000 0
5.3194 124 DELFLY_STATEESTIMATION 4 0 0.033333 10.000000 0 0 0 0 0 0 0 0 0 0 0 0 0 -1809 -1275 2284
5.3195 124 RPM_SENSOR 0 0 106.666664 0.000000 0.000000 0.000000 0.000000 0
5.3213 124 DELFLY_SPEEDCTRL 1 4 0 0 0 0 0 0 0 0 0 0 0 0 0 0.000000 0 0 0.000000 0 0 0.000000
5.3215 124 RPM_SENSOR 0 0 106.666664 0.000000 0.000000 0.000000 0.000000 0
5.3233 124 RPM_SENSOR 0 0 106.666664 0.000000 0.000000 0.000000 0.000000 0
5.3253 124 ROTORCRAFT_CMD 0 0 0 0
5.3253 124 RPM_SENSOR 0 0 106.666664 0.000000 0.000000 0.000000 0.000000 0
5.3273 124 STAB_ATTITUDE_INT -1518 -1348 -1356 -9037 3026 -9497 0 0 0 0 0 0 0 0 0 0 0 0 0 0 0
5.3275 124 RPM_SENSOR 0 0 106.666664 0.000000 0.000000 0.000000 0.000000 0
5.3291 124 DELFLY_STATEESTIMATION 4 0 0.033333 10.000000 0 0 0 0 0 0 0 0 0 0 0 0 0 -333 -4371 1838
5.3292 124 RPM_SENSOR 0 0 106.666664 0.000000 0.000000 0.000000 0.000000 0
5.3311 124 DELFLY_GUIDANCE 0 0 0 0 0 0 0 0 0 0 0 0 0 0 0 0 0 0 0 0 0
5.3312 124 DELFLY_SPEEDCTRL 1 4 0 0 0 0 0 0 0 0 0 0 0 0 0 0.000000 0 0 0.000000 0 0 0.000000
5.3350 124 RPM_SENSOR 0 0 106.666664 0.000000 0.000000 0.000000 0.000000 0
5.3371 124 STAB_ATTITUDE_INT -409 -481 -1982 -9042 3016 -9491 0 0 0 0 0 0 0 0 0 0 0 0 0 0 0
5.3372 124 RPM_SENSOR 0 0 106.666664 0.000000 0.000000 0.000000 0.000000 0
5.3389 124 DELFLY_STATEESTIMATION 4 0 0.033333 10.000000 0 0 0 0 0 0 0 0 0 0 0 0 0 1084 -5732 2393
5.3390 124 RPM_SENSOR 0 0 106.666664 0.000000 0.000000 0.000000 0.000000 0
5.3409 124 DELFLY_SPEEDCTRL 1 4 0 0 0 0 0 0 0 0 0 0 0 0 0 0.000000 0 0 0.000000 0 0 0.000000
5.3410 124 RPM_SENSOR 0 0 106.666664 0.000000 0.000000 0.000000 0.000000 0
5.3430 124 DELFLY_SPEEDCTRL_GAINS 0 18829 11115 12.589200 -485 -777 -0.022700 -1259 117 0.003400
5.3448 124 ROTORCRAFT_CMD 0 0 0 0
5.3448 124 RPM_SENSOR 0 0 106.666664 0.000000 0.000000 0.000000 0.000000 0
5.3469 124 STAB_ATTITUDE_INT 1215 -1681 -1739 -9033 3008 -9478 0 0 0 0 0 0 0 0 0 0 0 0 0 0 0
5.3470 124 RPM_SENSOR 0 0 106.666664 0.000000 0.000000 0.000000 0.000000 0
5.3487 124 DELFLY_STATEESTIMATION 4 0 0.033333 10.000000 0 0 0 0 0 0 0 0 0 0 0 0 0 743 -4504 3347
5.3488 124 RPM_SENSOR 0 0 106.666664 0.000000 0.000000 0.000000 0.000000 0
5.3506 124 DELFLY_GUIDANCE 0 0 0 0 0 0 0 0 0 0 0 0 0 0 0 0 0 0 0 0 0
5.3507 124 DELFLY_SPEEDCTRL 1 4 0 0 0 0 0 0 0 0 0 0 0 0 0 0.000000 0 0 0.000000 0 0 0.000000
5.3546 124 ROTORCRAFT_CMD 0 0 0 0
5.3547 124 RPM_SENSOR 0 0 106.666664 0.000000 0.000000 0.000000 0.000000 0
5.3566 124 STAB_ATTITUDE_INT 1102 949 -1200 -9017 3010 -9462 0 0 0 0 0 0 0 0 0 0 0 0 0 0 0
5.3568 124 RPM_SENSOR 0 0 106.666664 0.000000 0.000000 0.000000 0.000000 0
5.3584 124 DELFLY_STATEESTIMATION 4 0 0.033333 10.000000 0 0 0 0 0 0 0 0 0 0 0 0 0 -1756 -4618 3601
5.3585 124 RPM_SENSOR 0 0 106.666664 0.000000 0.000000 0.000000 0.000000 0
5.3604 124 DELFLY_SPEEDCTRL 1 4 0 0 0 0 0 0 0 0 0 0 0 0 0 0.000000 0 0 0.000000 0 0 0.000000
5.3605 124 RPM_SENSOR 0 0 106.666664 0.000000 0.000000 0.000000 0.000000 0
5.3623 124 RPM_SENSOR 0 0 106.666664 0.000000 0.000000 0.000000 0.000000 0
5.3643 124 ROTORCRAFT_CMD 0 0 0 0
5.3643 124 RPM_SENSOR 0 0 106.666664 0.000000 0.000000 0.000000 0.000000 0
5.3664 124 STAB_ATTITUDE_INT 834 147 242 -9012 3012 -9458 0 0 0 0 0 0 0 0 0 0 0 0 0 0 0
5.3665 124 RPM_SENSOR 0 0 106.666664 0.000000 0.000000 0.000000 0.000000 0
5.3682 124 DELFLY_STATEESTIMATION 4 0 0.033333 10.000000 0 0 0 0 0 0 0 0 0 0 0 0 0 -208 -5542 1851
5.3683 124 RPM_SENSOR 0 0 106.666664 0.000000 0.000000 0.000000 0.000000 0
5.3702 124 DELFLY_GUIDANCE 0 0 0 0 0 0 0 0 0 0 0 0 0 0 0 0 0 0 0 0 0
5.3703 124 DELFLY_SPEEDCTRL 1 4 0 0 0 0 0 0 0 0 0 0 0 0 0 0.000000 0 0 0.000000 0 0 0.000000
5.3741 124 RPM_SENSOR 0 0 106.666664 0.000000 0.000000 0.000000 0.000000 0
5.3762 124 STAB_ATTITUDE_INT 1015 833 235 -9010 3010 -9464 0 0 0 0 0 0 0 0 0 0 0 0 0 0 0
5.3763 124 RPM_SENSOR 0 0 106.666664 0.000000 0.000000 0.000000 0.000000 0
5.3780 124 DELFLY_STATEESTIMATION 4 0 0.033333 10.000000 0 0 0 0 0 0 0 0 0 0 0 0 0 -576 -6116 735
5.3781 124 RPM_SENSOR 0 0 106.666664 0.000000 0.000000 0.000000 0.000000 0
5.3799 124 DELFLY_SPEEDCTRL 1 4 0 0 0 0 0 0 0 0 0 0 0 0 0 0.000000 0 0 0.000000 0 0 0.000000
5.3800 124 RPM_SENSOR 0 0 106.666664 0.000000 0.000000 0.000000 0.000000 0
5.3819 124 RPM_SENSOR 0 0 106.666664 0.000000 0.000000 0.000000 0.000000 0
5.3839 124 ROTORCRAFT_CMD 0 0 0 0
5.3839 124 RPM_SENSOR 0 0 106.666664 0.000000 0.000000 0.000000 0.000000 0
5.3859 124 STAB_ATTITUDE_INT 195 641 -518 -9010 3000 -9470 0 0 0 0 0 0 0 0 0 0 0 0 0 0 0
5.3861 124 RPM_SENSOR 0 0 106.666664 0.000000 0.000000 0.000000 0.000000 0
5.3877 124 DELFLY_STATEESTIMATION 4 0 0.033333 10.000000 0 0 0 0 0 0 0 0 0 0 0 0 0 -279 -5867 1307
5.3878 124 RPM_SENSOR 0 0 106.666664 0.000000 0.000000 0.000000 0.000000 0
5.3897 124 DELFLY_GUIDANCE 0 0 0 0 0 0 0 0 0 0 0 0 0 0 0 0 0 0 0 0 0
5.3898 124 DELFLY_SPEEDCTRL 1 4 0 0 0 0 0 0 0 0 0 0 0 0 0 0.000000 0 0 0.000000 0 0 0.000000
5.3936 124 RPM_SENSOR 0 0 106.666664 0.000000 0.000000 0.000000 0.000000 0
5.3957 124 STAB_ATTITUDE_INT -444 -472 -725 -9009 2993 -9471 0 0 0 0 0 0 0 0 0 0 0 0 0 0 0
5.3958 124 RPM_SENSOR 0 0 106.666664 0.000000 0.000000 0.000000 0.000000 0
5.3975 124 DELFLY_STATEESTIMATION 4 0 0.033333 10.000000 0 0 0 0 0 0 0 0 0 0 0 0 0 735 -5417 2811
5.3976 124 RPM_SENSOR 0 0 106.666664 0.000000 0.000000 0.000000 0.000000 0
5.3994 124 DELFLY_SPEEDCTRL 1 4 0 0 0 0 0 0 0 0 0 0 0 0 0 0.000000 0 0 0.000000 0 0 0.000000
5.3996 124 RPM_SENSOR 0 0 106.666664 0.000000 0.000000 0.000000 0.000000 0
5.4014 124 RPM_SENSOR 0 0 106.666664 0.000000 0.000000 0.000000 0.000000 0
5.4034 124 ROTORCRAFT_CMD 0 0 0 0
5.4034 124 RPM_SENSOR 0 0 106.666664 0.000000 0.000000 0.000000 0.000000 0
5.4055 124 STAB_ATTITUDE_INT -442 -197 -373 -9011 2991 -9469 0 0 0 0 0 0 0 0 0 0 0 0 0 0 0
5.4056 124 RPM_SENSOR 0 0 106.666664 0.000000 0.000000 0.000000 0.000000 0
5.4073 124 DELFLY_STATEESTIMATION 4 0 0.033333 10.000000 0 0 0 0 0 0 0 0 0 0 0 0 0 474 -6216 1930
5.4074 124 RPM_SENSOR 0 0 106.666664 0.000000 0.000000 0.000000 0.000000 0
5.4092 124 DELFLY_GUIDANCE 0 0 0 0 0 0 0 0 0 0 0 0 0 0 0 0 0 0 0 0 0
5.4093 124 DELFLY_SPEEDCTRL 1 4 0 0 0 0 0 0 0 0 0 0 0 0 0 0.000000 0 0 0.000000 0 0 0.000000
5.4132 124 RPM_SENSOR 0 0 106.666664 0.000000 0.000000 0.000000 0.000000 0
5.4152 124 STAB_ATTITUDE_INT -120 96 -358 -9016 2988 -9473 0 0 0 0 0 0 0 0 0 0 0 0 0 0 0
5.4154 124 RPM_SENSOR 0 0 106.666664 0.000000 0.000000 0.000000 0.000000 0
5.4170 124 DELFLY_STATEESTIMATION 4 0 0.033333 10.000000 0 0 0 0 0 0 0 0 0 0 0 0 0 422 -5568 2878
5.4171 124 RPM_SENSOR 0 0 106.666664 0.000000 0.000000 0.000000 0.000000 0
5.4190 124 DELFLY_SPEEDCTRL 1 4 0 0 0 0 0 0 0 0 0 0 0 0 0 0.000000 0 0 0.000000 0 0 0.000000
5.4191 124 RPM_SENSOR 0 0 106.666664 0.000000 0.000000 0.000000 0.000000 0
5.4209 124 RPM_SENSOR 0 0 106.666664 0.000000 0.000000 0.000000 0.000000 0
5.4229 124 ROTORCRAFT_CMD 0 0 0 0
5.4229 124 RPM_SENSOR 0 0 106.666664 0.000000 0.000000 0.000000 0.000000 0
5.4250 124 STAB_ATTITUDE_INT -96 1112 -563 -9019 2984 -9477 0 0 0 0 0 0 0 0 0 0 0 0 0 0 0
5.4251 124 RPM_SENSOR 0 0 106.666664 0.000000 0.000000 0.000000 0.000000 0
5.4268 124 DELFLY_STATEESTIMATION 4 0 0.033333 10.000000 0 0 0 0 0 0 0 0 0 0 0 0 0 199 -4504 2565
5.4269 124 RPM_SENSOR 0 0 106.666664 0.000000 0.000000 0.000000 0.000000 0
5.4287 124 DELFLY_GUIDANCE 0 0 0 0 0 0 0 0 0 0 0 0 0 0 0 0 0 0 0 0 0
5.4289 124 DELFLY_SPEEDCTRL 1 4 0 0 0 0 0 0 0 0 0 0 0 0 0 0.000000 0 0 0.000000 0 0 0.000000
5.4327 124 RPM_SENSOR 0 0 106.666664 0.000000 0.000000 0.000000 0.000000 0
5.4348 124 STAB_ATTITUDE_INT 384 683 201 -9013 2968 -9479 0 0 0 0 0 0 0 0 0 0 0 0 0 0 0
5.4349 124 RPM_SENSOR 0 0 106.666664 0.000000 0.000000 0.000000 0.000000 0
5.4365 124 DELFLY_STATEESTIMATION 4 0 0.033333 10.000000 0 0 0 0 0 0 0 0 0 0 0 0 0 275 -5143 1520
5.4366 124 RPM_SENSOR 0 0 106.666664 0.000000 0.000000 0.000000 0.000000 0
5.4385 124 DELFLY_SPEEDCTRL 1 4 0 0 0 0 0 0 0 0 0 0 0 0 0 0.000000 0 0 0.000000 0 0 0.000000
5.4386 124 RPM_SENSOR 0 0 106.666664 0.000000 0.000000 0.000000 0.000000 0
5.4405 124 RPM_SENSOR 0 0 106.666664 0.000000 0.000000 0.000000 0.000000 0
5.4426 124 ROTORCRAFT_FP 0 0 0 0 0 0 -9021 2962 -9493 0 0 512 0 0 0
5.4427 124 DELFLY_SPEEDCTRL_GAINS 0 18829 11115 12.589200 -485 -777 -0.022700 -1259 117 0.003400
5.4427 124 ROTORCRAFT_CMD 0 0 0 0
5.4428 124 RPM_SENSOR 0 0 106.666664 0.000000 0.000000 0.000000 0.000000 0
5.4445 124 STAB_ATTITUDE_INT 1272 1440 -750 -9021 2960 -9495 0 0 0 0 0 0 0 0 0 0 0 0 0 0 0
5.4446 124 RPM_SENSOR 0 0 106.666664 0.000000 0.000000 0.000000 0.000000 0
5.4463 124 DELFLY_STATEESTIMATION 4 0 0.033333 10.000000 0 0 0 0 0 0 0 0 0 0 0 0 0 -418 -5118 3363
5.4465 124 RPM_SENSOR 0 0 106.666664 0.000000 0.000000 0.000000 0.000000 0
5.4503 124 DELFLY_STATE 0 0 0 0 0 0 0 0 0 0 0 0 0 0 0 -9495 0 6432 0.000000 5
5.4504 124 RPM_SENSOR 0 0 106.666664 0.000000 0.000000 0.000000 0.000000 0
5.4522 124 ROTORCRAFT_CMD 0 0 0 0
5.4522 124 RPM_SENSOR 0 0 106.666664 0.000000 0.000000 0.000000 0.000000 0
5.4544 124 STAB_ATTITUDE_INT 525 1037 -565 -9023 2951 -9506 0 0 0 0 0 0 0 0 0 0 0 0 0 0 0
5.4545 124 RPM_SENSOR 0 0 106.666664 0.000000 0.000000 0.000000 0.000000 0
5.4561 124 DELFLY_STATEESTIMATION 4 0 0.033333 10.000000 0 0 0 0 0 0 0 0 0 0 0 0 0 -212 -4923 3018
5.4562 124 RPM_SENSOR 0 0 106.666664 0.000000 0.000000 0.000000 0.000000 0
5.4601 124 RPM_SENSOR 0 0 106.666664 0.000000 0.000000 0.000000 0.000000 0
5.4619 124 ROTORCRAFT_CMD 0 0 0 0
5.4620 124 RPM_SENSOR 0 0 106.666664 0.000000 0.000000 0.000000 0.000000 0
5.4641 124 STAB_ATTITUDE_INT 582 1100 -33 -9029 2946 -9519 0 0 0 0 0 0 0 0 0 0 0 0 0 0 0
5.4642 124 RPM_SENSOR 0 0 106.666664 0.000000 0.000000 0.000000 0.000000 0
5.4659 124 DELFLY_STATEESTIMATION 4 0 0.033333 10.000000 0 0 0 0 0 0 0 0 0 0 0 0 0 -146 -5868 1698
5.4660 124 RPM_SENSOR 0 0 106.666664 0.000000 0.000000 0.000000 0.000000 0
5.4678 124 RPM_SENSOR 0 0 106.666664 0.000000 0.000000 0.000000 0.000000 0
5.4698 124 DELFLY_FLAPCONTROL 0.000000 0.000000 0.000000 0 0.000000 0
5.4698 124 DELFLY_STATE 0 0 0 0 0 0 0 0 0 0 0 0 0 0 0 -9522 0 6432 0.000000 5
5.4699 124 RPM_SENSOR 0 0 106.666664 0.000000 0.000000 0.000000 0.000000 0
5.4717 124 ROTORCRAFT_CMD 0 0 0 0
5.4717 124 RPM_SENSOR 0 0 106.666664 0.000000 0.000000 0.000000 0.000000 0
5.4738 124 STAB_ATTITUDE_INT 444 2014 37 -9038 2938 -9539 0 0 0 0 0 0 0 0 0 0 0 0 0 0 0
5.4739 124 RPM_SENSOR 0 0 106.666664 0.000000 0.000000 0.000000 0.000000 0
