69.6606 124 DELFLY_GUIDANCE 0 0 0 0 0 0 0 0 0 0 0 0 0 0 0 0 0 0 0 0 0
69.6608 124 RPM_SENSOR 0 0 106.666664 0.000000 0.000000 0.000000 0.000000 0
69.6608 124 DELFLY_SPEEDCTRL 1 0 0 0 0 0 0 0 0 0 0 0 0.000000 0 0 0.000000 0 0 0.000000
69.6626 124 DELFLY_FLAPCONTROL 0.000000 0.000000 0.000000 0 0.000000 0
69.6626 124 RPM_SENSOR 0 0 106.666664 0.000000 0.000000 0.000000 0.000000 0
69.6627 124 DELFLY_SPEEDCTRL 1 0 0 0 0 0 0 0 0 0 0 0 0.000000 0 0 0.000000 0 0 0.000000
69.6647 124 STAB_ATTITUDE_INT 4 -5 -38 -1 -71 312 0 0 0 0 0 0 0 0 0 0 0 0 0 0 0
69.6648 124 RPM_SENSOR 0 0 106.666664 0.000000 0.000000 0.000000 0.000000 0
69.6648 124 DELFLY_SPEEDCTRL 1 0 0 0 0 0 0 0 0 0 0 0 0.000000 0 0 0.000000 0 0 0.000000
69.6665 124 RPM_SENSOR 0 0 106.666664 0.000000 0.000000 0.000000 0.000000 0
69.6704 124 RPM_SENSOR 0 0 106.666664 0.000000 0.000000 0.000000 0.000000 0
69.6705 124 DELFLY_SPEEDCTRL 1 0 0 0 0 0 0 0 0 0 0 0 0.000000 0 0 0.000000 0 0 0.000000
69.6724 124 RPM_SENSOR 0 0 106.666664 0.000000 0.000000 0.000000 0.000000 0
69.6724 124 DELFLY_SPEEDCTRL 1 0 0 0 0 0 0 0 0 0 0 0 0.000000 0 0 0.000000 0 0 0.000000
69.6744 124 STAB_ATTITUDE_INT -2 -26 -17 -1 -71 312 0 0 0 0 0 0 0 0 0 0 0 0 0 0 0
69.6746 124 RPM_SENSOR 0 0 106.666664 0.000000 0.000000 0.000000 0.000000 0
69.6746 124 DELFLY_SPEEDCTRL 1 0 0 0 0 0 0 0 0 0 0 0 0.000000 0 0 0.000000 0 0 0.000000
69.6763 124 RPM_SENSOR 0 0 106.666664 0.000000 0.000000 0.000000 0.000000 0
69.6862 124 RPM_SENSOR 0 0 106.666664 0.000000 0.000000 0.000000 0.000000 0
69.6862 124 DELFLY_SPEEDCTRL 1 0 0 0 0 0 0 0 0 0 0 0 0.000000 0 0 0.000000 0 0 0.000000
69.6880 124 DELFLY_STATE 0 -204 -135 -3554 0 0 0 0 0 0 0 0 0 0 0 312 0 6432 0.000000 5
69.6881 124 RPM_SENSOR 0 0 106.666664 0.000000 0.000000 0.000000 0.000000 0
69.6882 124 DELFLY_SPEEDCTRL 1 0 0 0 0 0 0 0 0 0 0 0 0.000000 0 0 0.000000 0 0 0.000000
69.6900 124 RPM_SENSOR 0 0 106.666664 0.000000 0.000000 0.000000 0.000000 0
69.6919 124 RPM_SENSOR 0 0 106.666664 0.000000 0.000000 0.000000 0.000000 0
69.7466 124 DELFLY_STATE 0 -207 -137 -3553 0 1919 -1919 0 1919 -1919 337 449 -337 1919 1919 314 0 6432 0.000000 5
69.7467 124 RPM_SENSOR 0 0 106.666664 0.000000 0.000000 0.000000 0.000000 0
69.7468 124 DELFLY_SPEEDCTRL 1 0 0 0 1919 -1919 0 0 0 0 0 0 0.000000 0 0 0.000000 0 0 0.000000
69.7486 124 RPM_SENSOR 0 0 106.666664 0.000000 0.000000 0.000000 0.000000 0
69.7486 124 DELFLY_SPEEDCTRL 1 0 0 0 1919 -1919 0 0 0 0 0 0 0.000000 0 0 0.000000 0 0 0.000000
69.7505 124 RPM_SENSOR 0 0 106.666664 0.000000 0.000000 0.000000 0.000000 0
69.7506 124 DELFLY_SPEEDCTRL 1 0 0 0 1919 -1919 0 0 0 0 0 0 0.000000 0 0 0.000000 0 0 0.000000
69.7525 124 RPM_SENSOR 0 0 106.666664 0.000000 0.000000 0.000000 0.000000 0
69.8092 124 DELFLY_SPEEDCTRL 1 0 0 0 1919 0 0 0 0 0 0 0 0.000000 0 0 0.000000 0 0 0.000000
69.8112 124 STAB_ATTITUDE_INT 14 21 -32 -1 -71 316 0 0 0 0 0 0 0 0 0 0 0 0 0 0 0
69.8113 124 RPM_SENSOR 0 0 106.666664 0.000000 0.000000 0.000000 0.000000 0
69.8113 124 DELFLY_SPEEDCTRL 1 0 0 0 1919 0 0 0 0 0 0 0 0.000000 0 0 0.000000 0 0 0.000000
69.8130 124 DELFLY_STATEESTIMATION 3 0 0.033333 10.000000 0 -206 -138 -3552 1919 0 0 -206 -138 -3552 0 0 0 153 -5 232
69.8131 124 RPM_SENSOR 0 0 106.666664 0.000000 0.000000 0.000000 0.000000 0
69.8149 124 RPM_SENSOR 0 0 106.666664 0.000000 0.000000 0.000000 0.000000 0
69.8698 124 STAB_ATTITUDE_INT 8 12 -11 -1 -71 317 0 0 0 0 0 0 0 0 0 0 0 0 0 0 0
69.8699 124 RPM_SENSOR 0 0 106.666664 0.000000 0.000000 0.000000 0.000000 0
69.8699 124 DELFLY_SPEEDCTRL 1 0 0 0 0 0 0 0 0 0 0 0 0.000000 0 0 0.000000 0 0 0.000000
69.8716 124 DELFLY_STATEESTIMATION 3 0 0.033333 10.000000 0 -206 -138 -3552 0 0 0 -206 -138 -3552 0 0 0 250 27 291
69.8717 124 RPM_SENSOR 0 0 106.666664 0.000000 0.000000 0.000000 0.000000 0
69.8718 124 DELFLY_SPEEDCTRL 1 0 0 0 0 0 0 0 0 0 0 0 0.000000 0 0 0.000000 0 0 0.000000
69.8735 124 DELFLY_STATE 0 -206 -138 -3552 0 0 0 0 0 0 0 0 0 0 0 319 0 6432 0.000000 5
69.9284 124 STAB_ATTITUDE_INT 11 -1 -9 -1 -71 320 0 0 0 0 0 0 0 0 0 0 0 0 0 0 0
69.9285 124 RPM_SENSOR 0 0 106.666664 0.000000 0.000000 0.000000 0.000000 0
69.9285 124 DELFLY_SPEEDCTRL 1 0 0 0 0 0 0 0 0 0 0 0 0.000000 0 0 0.000000 0 0 0.000000
69.9302 124 DELFLY_STATEESTIMATION 3 0 0.033333 10.000000 0 -206 -138 -3552 0 0 0 -206 -138 -3552 0 0 0 131 14 117
69.9303 124 RPM_SENSOR 0 0 106.666664 0.000000 0.000000 0.000000 0.000000 0
69.9304 124 DELFLY_SPEEDCTRL 1 0 0 0 0 0 0 0 0 0 0 0 0.000000 0 0 0.000000 0 0 0.000000
69.9322 124 DELFLY_STATE 0 -206 -138 -3552 0 0 0 0 0 0 0 0 0 0 0 320 0 6432 0.000000 5
69.9927 124 DELFLY_GUIDANCE 0 0 0 0 0 0 0 0 0 0 0 0 0 0 0 0 0 0 0 0 0
69.9928 124 RPM_SENSOR 0 0 106.666664 0.000000 0.000000 0.000000 0.000000 0
69.9929 124 DELFLY_SPEEDCTRL 1 0 0 0 0 0 0 0 0 0 0 0 0.000000 0 0 0.000000 0 0 0.000000
69.9946 124 DELFLY_FLAPCONTROL 0.000000 0.000000 0.000000 0 0.000000 0
69.9947 124 RPM_SENSOR 0 0 106.666664 0.000000 0.000000 0.000000 0.000000 0
69.9947 124 DELFLY_SPEEDCTRL 1 0 0 0 0 0 0 0 0 0 0 0 0.000000 0 0 0.000000 0 0 0.000000
69.9967 124 STAB_ATTITUDE_INT 1 14 -48 -1 -71 322 0 0 0 0 0 0 0 0 0 0 0 0 0 0 0
69.9968 124 RPM_SENSOR 0 0 106.666664 0.000000 0.000000 0.000000 0.000000 0
70.0005 124 DELFLY_STATE 0 -206 -138 -3552 0 0 0 0 0 0 0 0 0 0 0 322 0 6432 0.000000 5
70.0006 124 RPM_SENSOR 0 0 106.666664 0.000000 0.000000 0.000000 0.000000 0
70.0007 124 DELFLY_SPEEDCTRL 1 0 0 0 0 0 0 0 0 0 0 0 0.000000 0 0 0.000000 0 0 0.000000
70.0027 124 GPS_DIAGNOSTICS 1 396 29.923993 0.033418 33418 -3 -2 -42 -206 -138 -3552
70.0028 124 RPM_SENSOR 0 0 106.666664 0.000000 0.000000 0.000000 0.000000 0
70.0029 124 DELFLY_SPEEDCTRL 1 0 0 0 0 0 0 0 0 0 0 0 0.000000 0 0 0.000000 0 0 0.000000
70.0044 124 RPM_SENSOR 0 0 106.666664 0.000000 0.000000 0.000000 0.000000 0
70.0045 124 DELFLY_SPEEDCTRL 1 0 0 0 0 0 0 0 0 0 0 0 0.000000 0 0 0.000000 0 0 0.000000
70.0084 124 DELFLY_STATEESTIMATION 3 0 0.033333 10.000000 0 -206 -138 -3552 0 0 0 -206 -138 -3552 0 0 0 196 -16 243
70.0085 124 RPM_SENSOR 0 0 106.666664 0.000000 0.000000 0.000000 0.000000 0
70.0085 124 DELFLY_SPEEDCTRL 1 0 0 0 0 0 0 0 0 0 0 0 0.000000 0 0 0.000000 0 0 0.000000
70.0103 124 DELFLY_STATE 0 -206 -138 -3552 0 0 0 0 0 0 0 0 0 0 0 323 0 6432 0.000000 5
70.0104 124 RPM_SENSOR 0 0 106.666664 0.000000 0.000000 0.000000 0.000000 0
70.0104 124 DELFLY_SPEEDCTRL 1 0 0 0 0 0 0 0 0 0 0 0 0.000000 0 0 0.000000 0 0 0.000000
70.0122 124 DELFLY_GUIDANCE 0 0 0 0 0 0 0 0 0 0 0 0 0 0 0 0 0 0 0 0 0
70.0123 124 RPM_SENSOR 0 0 106.666664 0.000000 0.000000 0.000000 0.000000 0
70.0163 124 STAB_ATTITUDE_INT 3 17 -19 -1 -71 323 0 0 0 0 0 0 0 0 0 0 0 0 0 0 0
70.0164 124 RPM_SENSOR 0 0 106.666664 0.000000 0.000000 0.000000 0.000000 0
70.0164 124 DELFLY_SPEEDCTRL 1 0 0 0 0 0 0 0 0 0 0 0 0.000000 0 0 0.000000 0 0 0.000000
70.0181 124 DELFLY_STATEESTIMATION 3 0 0.033333 10.000000 0 -206 -138 -3552 0 0 0 -206 -138 -3552 0 0 0 61 0 226
70.0182 124 RPM_SENSOR 0 0 106.666664 0.000000 0.000000 0.000000 0.000000 0
70.0182 124 DELFLY_SPEEDCTRL 1 0 0 0 0 0 0 0 0 0 0 0 0.000000 0 0 0.000000 0 0 0.000000
70.0200 124 DELFLY_STATE 0 -206 -138 -3552 0 0 0 0 0 0 0 0 0 0 0 323 0 6432 0.000000 5
70.0220 124 RPM_SENSOR 0 0 106.666664 0.000000 0.000000 0.000000 0.000000 0
70.0221 124 DELFLY_SPEEDCTRL 1 0 0 0 0 0 0 0 0 0 0 0 0.000000 0 0 0.000000 0 0 0.000000
70.0239 124 RPM_SENSOR 0 0 106.666664 0.000000 0.000000 0.000000 0.000000 0
70.0240 124 DELFLY_SPEEDCTRL 1 0 0 0 0 0 0 0 0 0 0 0 0.000000 0 0 0.000000 0 0 0.000000
70.0260 124 STAB_ATTITUDE_INT 0 -18 -10 -1 -71 323 0 0 0 0 0 0 0 0 0 0 0 0 0 0 0
70.0261 124 RPM_SENSOR 0 0 106.666664 0.000000 0.000000 0.000000 0.000000 0
70.0262 124 DELFLY_SPEEDCTRL 1 0 0 0 0 0 0 0 0 0 0 0 0.000000 0 0 0.000000 0 0 0.000000
70.0278 124 RPM_SENSOR 0 0 106.666664 0.000000 0.000000 0.000000 0.000000 0
70.0318 124 DELFLY_GUIDANCE 0 0 0 0 0 0 0 0 0 0 0 0 0 0 0 0 0 0 0 0 0
70.0319 124 RPM_SENSOR 0 0 106.666664 0.000000 0.000000 0.000000 0.000000 0
70.0319 124 DELFLY_SPEEDCTRL 1 0 0 0 0 0 0 0 0 0 0 0 0.000000 0 0 0.000000 0 0 0.000000
70.0337 124 DELFLY_FLAPCONTROL 0.000000 0.000000 0.000000 0 0.000000 0
70.0337 124 RPM_SENSOR 0 0 106.666664 0.000000 0.000000 0.000000 0.000000 0
70.0338 124 DELFLY_SPEEDCTRL 1 0 0 0 0 0 0 0 0 0 0 0 0.000000 0 0 0.000000 0 0 0.000000
70.0358 124 STAB_ATTITUDE_INT 8 8 -21 -1 -71 323 0 0 0 0 0 0 0 0 0 0 0 0 0 0 0
70.0359 124 RPM_SENSOR 0 0 106.666664 0.000000 0.000000 0.000000 0.000000 0
70.0396 124 DELFLY_STATE 0 -206 -138 -3552 0 0 0 0 0 0 0 0 0 0 0 323 0 6432 0.000000 5
70.0397 124 RPM_SENSOR 0 0 106.666664 0.000000 0.000000 0.000000 0.000000 0
70.0397 124 DELFLY_SPEEDCTRL 1 0 0 0 0 0 0 0 0 0 0 0 0.000000 0 0 0.000000 0 0 0.000000
70.0415 124 RPM_SENSOR 0 0 106.666664 0.000000 0.000000 0.000000 0.000000 0
70.0416 124 DELFLY_SPEEDCTRL 1 0 0 0 0 1919 0 0 0 0 0 0 0.000000 0 0 0.000000 0 0 0.000000
70.0435 124 RPM_SENSOR 0 0 106.666664 0.000000 0.000000 0.000000 0.000000 0
70.0435 124 DELFLY_SPEEDCTRL 1 0 0 0 0 1919 0 0 0 0 0 0 0.000000 0 0 0.000000 0 0 0.000000
70.0475 124 RPM_SENSOR 0 0 106.666664 0.000000 0.000000 0.000000 0.000000 0
70.0476 124 DELFLY_SPEEDCTRL 1 0 0 0 0 1919 0 0 0 0 0 0 0.000000 0 0 0.000000 0 0 0.000000
70.0493 124 DELFLY_STATE 0 -206 -138 -3551 0 0 1919 0 0 1919 0 0 112 0 0 324 0 6432 0.000000 5
70.0494 124 RPM_SENSOR 0 0 106.666664 0.000000 0.000000 0.000000 0.000000 0
70.0495 124 DELFLY_SPEEDCTRL 1 0 0 0 0 1919 0 0 0 0 0 0 0.000000 0 0 0.000000 0 0 0.000000
70.0513 124 DELFLY_GUIDANCE 0 0 0 0 0 0 0 0 0 0 0 0 0 0 0 0 0 0 0 0 0
70.0533 124 DELFLY_FLAPCONTROL 0.000000 0.000000 0.000000 0 0.000000 0
70.0533 124 RPM_SENSOR 0 0 106.666664 0.000000 0.000000 0.000000 0.000000 0
70.0534 124 DELFLY_SPEEDCTRL 1 0 0 0 0 1919 0 0 0 0 0 0 0.000000 0 0 0.000000 0 0 0.000000
70.0553 124 STAB_ATTITUDE_INT 0 13 -25 -1 -71 324 0 0 0 0 0 0 0 0 0 0 0 0 0 0 0
70.0554 124 RPM_SENSOR 0 0 106.666664 0.000000 0.000000 0.000000 0.000000 0
70.0555 124 DELFLY_SPEEDCTRL 1 0 0 0 0 1919 0 0 0 0 0 0 0.000000 0 0 0.000000 0 0 0.000000
70.0572 124 ROTORCRAFT_FP -4 -6 110 0 0 -1919 -1 -71 324 5 256 512 0 0 0
70.0573 124 DELFLY_SPEEDCTRL_GAINS 0 18829 11115 12.589200 -485 -777 -0.022700 -1259 117 0.003400
70.0611 124 DELFLY_SPEEDCTRL 1 0 0 0 0 1919 0 0 0 0 0 0 0.000000 0 0 0.000000 0 0 0.000000
70.0630 124 RPM_SENSOR 0 0 106.666664 0.000000 0.000000 0.000000 0.000000 0
70.0630 124 DELFLY_SPEEDCTRL 1 0 0 0 0 1919 0 0 0 0 0 0 0.000000 0 0 0.000000 0 0 0.000000
70.0651 124 STAB_ATTITUDE_INT -12 -17 -16 -1 -71 324 0 0 0 0 0 0 0 0 0 0 0 0 0 0 0
70.0652 124 RPM_SENSOR 0 0 106.666664 0.000000 0.000000 0.000000 0.000000 0
70.0652 124 DELFLY_SPEEDCTRL 1 0 0 0 0 1919 0 0 0 0 0 0 0.000000 0 0 0.000000 0 0 0.000000
70.0669 124 RPM_SENSOR 0 0 106.666664 0.000000 0.000000 0.000000 0.000000 0
70.0701 124 GPS_DIAGNOSTICS 1 398 29.372026 0.034046 34046 -3 -2 -42 -206 -138 -3552
70.0709 124 DELFLY_GUIDANCE 0 0 0 0 0 0 0 0 0 0 0 0 0 0 0 0 0 0 0 0 0
70.0710 124 RPM_SENSOR 0 0 106.666664 0.000000 0.000000 0.000000 0.000000 0
70.0710 124 DELFLY_SPEEDCTRL 1 0 0 0 0 1919 0 0 0 0 0 0 0.000000 0 0 0.000000 0 0 0.000000
70.0728 124 DELFLY_FLAPCONTROL 0.000000 0.000000 0.000000 0 0.000000 0
70.0728 124 RPM_SENSOR 0 0 106.666664 0.000000 0.000000 0.000000 0.000000 0
70.0729 124 DELFLY_SPEEDCTRL 1 0 0 0 0 -1919 0 0 0 0 0 0 0.000000 0 0 0.000000 0 0 0.000000
70.0748 124 STAB_ATTITUDE_INT 11 7 -19 -1 -71 325 0 0 0 0 0 0 0 0 0 0 0 0 0 0 0
70.0767 124 DELFLY_STATEESTIMATION 3 0 0.033333 10.000000 0 -206 -138 -3552 0 0 -1919 -206 -138 -3552 0 0 0 147 -28 195
70.0768 124 RPM_SENSOR 0 0 106.666664 0.000000 0.000000 0.000000 0.000000 0
70.0769 124 DELFLY_SPEEDCTRL 1 0 0 0 0 -1919 0 0 0 0 0 0 0.000000 0 0 0.000000 0 0 0.000000
70.0786 124 DELFLY_STATE 0 -206 -138 -3552 0 0 -1919 0 0 -1919 0 0 -224 0 0 325 0 6432 0.000000 5
70.0787 124 RPM_SENSOR 0 0 106.666664 0.000000 0.000000 0.000000 0.000000 0
70.0788 124 DELFLY_SPEEDCTRL 1 0 0 0 0 -1919 0 0 0 0 0 0 0.000000 0 0 0.000000 0 0 0.000000
70.0806 124 RPM_SENSOR 0 0 106.666664 0.000000 0.000000 0.000000 0.000000 0
70.0826 124 RPM_SENSOR 0 0 106.666664 0.000000 0.000000 0.000000 0.000000 0
70.0826 124 DELFLY_SPEEDCTRL 1 0 0 0 0 -1919 0 0 0 0 0 0 0.000000 0 0 0.000000 0 0 0.000000
70.0846 124 STAB_ATTITUDE_INT -7 -9 -14 -1 -71 325 0 0 0 0 0 0 0 0 0 0 0 0 0 0 0
70.0847 124 RPM_SENSOR 0 0 106.666664 0.000000 0.000000 0.000000 0.000000 0
70.0848 124 DELFLY_SPEEDCTRL 1 0 0 0 0 -1919 0 0 0 0 0 0 0.000000 0 0 0.000000 0 0 0.000000
70.0864 124 DELFLY_STATEESTIMATION 3 0 0.033333 10.000000 0 -206 -138 -3552 0 0 -1919 -206 -138 -3552 0 0 0 138 63 129
70.0865 124 RPM_SENSOR 0 0 106.666664 0.000000 0.000000 0.000000 0.000000 0
70.0866 124 DELFLY_SPEEDCTRL 1 0 0 0 0 -1919 0 0 0 0 0 0 0.000000 0 0 0.000000 0 0 0.000000
70.0904 124 DELFLY_GUIDANCE 0 0 0 0 0 0 0 0 0 0 0 0 0 0 0 0 0 0 0 0 0
70.0905 124 RPM_SENSOR 0 0 106.666664 0.000000 0.000000 0.000000 0.000000 0
70.0905 124 DELFLY_SPEEDCTRL 1 0 0 0 0 -1919 0 0 0 0 0 0 0.000000 0 0 0.000000 0 0 0.000000
70.0923 124 DELFLY_FLAPCONTROL 0.000000 0.000000 0.000000 0 0.000000 0
70.0923 124 RPM_SENSOR 0 0 106.666664 0.000000 0.000000 0.000000 0.000000 0
70.0924 124 DELFLY_SPEEDCTRL 1 0 0 0 0 -1919 0 0 0 0 0 0 0.000000 0 0 0.000000 0 0 0.000000
70.0943 124 STAB_ATTITUDE_INT -7 -9 -3 -1 -71 325 0 0 0 0 0 0 0 0 0 0 0 0 0 0 0
70.0945 124 RPM_SENSOR 0 0 106.666664 0.000000 0.000000 0.000000 0.000000 0
70.0962 124 RPM_SENSOR 0 0 106.666664 0.000000 0.000000 0.000000 0.000000 0
70.0982 124 DELFLY_STATE 0 -206 -138 -3552 0 0 -1919 0 0 -1919 0 0 -224 0 0 325 0 6432 0.000000 5
70.0983 124 RPM_SENSOR 0 0 106.666664 0.000000 0.000000 0.000000 0.000000 0
70.0984 124 DELFLY_SPEEDCTRL 1 0 0 0 0 -1919 0 0 0 0 0 0 0.000000 0 0 0.000000 0 0 0.000000
70.1001 124 RPM_SENSOR 0 0 106.666664 0.000000 0.000000 0.000000 0.000000 0
70.1002 124 DELFLY_SPEEDCTRL 1 0 0 0 0 -1919 0 0 0 0 0 0 0.000000 0 0 0.000000 0 0 0.000000
70.1021 124 RPM_SENSOR 0 0 106.666664 0.000000 0.000000 0.000000 0.000000 0
70.1021 124 DELFLY_SPEEDCTRL 1 0 0 0 0 -1919 0 0 0 0 0 0 0.000000 0 0 0.000000 0 0 0.000000
70.1042 124 GPS_DIAGNOSTICS 1 399 29.962547 0.033375 33375 -3 -2 -42 -206 -138 -3552
70.1060 124 DELFLY_STATEESTIMATION 3 0 0.033333 10.000000 0 -206 -138 -3552 0 0 0 -206 -138 -3552 0 0 0 195 -66 299
70.1061 124 RPM_SENSOR 0 0 106.666664 0.000000 0.000000 0.000000 0.000000 0
70.1061 124 DELFLY_SPEEDCTRL 1 0 0 0 0 -1919 0 0 0 0 0 0 0.000000 0 0 0.000000 0 0 0.000000
70.1079 124 DELFLY_STATE 0 -206 -138 -3552 0 0 0 0 0 0 0 0 112 0 0 326 0 6432 0.000000 5
70.1080 124 RPM_SENSOR 0 0 106.666664 0.000000 0.000000 0.000000 0.000000 0
70.1081 124 DELFLY_SPEEDCTRL 1 0 0 0 0 0 0 0 0 0 0 0 0.000000 0 0 0.000000 0 0 0.000000
70.1099 124 DELFLY_GUIDANCE 0 0 0 0 0 0 0 0 0 0 0 0 0 0 0 0 0 0 0 0 0
70.1139 124 STAB_ATTITUDE_INT -2 -18 -7 -1 -71 326 0 0 0 0 0 0 0 0 0 0 0 0 0 0 0
70.1140 124 RPM_SENSOR 0 0 106.666664 0.000000 0.000000 0.000000 0.000000 0
70.1141 124 DELFLY_SPEEDCTRL 1 0 0 0 0 0 0 0 0 0 0 0 0.000000 0 0 0.000000 0 0 0.000000
70.1157 124 DELFLY_STATEESTIMATION 3 0 0.033333 10.000000 0 -206 -138 -3552 0 0 0 -206 -138 -3552 0 0 0 226 -28 191
70.1158 124 RPM_SENSOR 0 0 106.666664 0.000000 0.000000 0.000000 0.000000 0
70.1159 124 DELFLY_SPEEDCTRL 1 0 0 0 0 0 0 0 0 0 0 0 0.000000 0 0 0.000000 0 0 0.000000
70.1177 124 DELFLY_STATE 0 -206 -138 -3552 0 0 0 0 0 0 0 0 112 0 0 326 0 6432 0.000000 5
70.1197 124 RPM_SENSOR 0 0 106.666664 0.000000 0.000000 0.000000 0.000000 0
70.1197 124 DELFLY_SPEEDCTRL 1 0 0 0 0 0 0 0 0 0 0 0 0.000000 0 0 0.000000 0 0 0.000000
70.1216 124 RPM_SENSOR 0 0 106.666664 0.000000 0.000000 0.000000 0.000000 0
70.1217 124 DELFLY_SPEEDCTRL 1 0 0 0 0 0 0 0 0 0 0 0 0.000000 0 0 0.000000 0 0 0.000000
70.1236 124 STAB_ATTITUDE_INT 10 17 -34 -1 -71 326 0 0 0 0 0 0 0 0 0 0 0 0 0 0 0
70.1238 124 RPM_SENSOR 0 0 106.666664 0.000000 0.000000 0.000000 0.000000 0
70.1238 124 DELFLY_SPEEDCTRL 1 0 0 0 0 0 0 0 0 0 0 0 0.000000 0 0 0.000000 0 0 0.000000
70.1255 124 RPM_SENSOR 0 0 106.666664 0.000000 0.000000 0.000000 0.000000 0
70.1294 124 DELFLY_GUIDANCE 0 0 0 0 0 0 0 0 0 0 0 0 0 0 0 0 0 0 0 0 0
70.1295 124 RPM_SENSOR 0 0 106.666664 0.000000 0.000000 0.000000 0.000000 0
70.1296 124 DELFLY_SPEEDCTRL 1 0 0 0 0 0 0 0 0 0 0 0 0.000000 0 0 0.000000 0 0 0.000000
70.1314 124 DELFLY_FLAPCONTROL 0.000000 0.000000 0.000000 0 0.000000 0
70.1314 124 RPM_SENSOR 0 0 106.666664 0.000000 0.000000 0.000000 0.000000 0
70.1315 124 DELFLY_SPEEDCTRL 1 0 0 0 0 0 0 0 0 0 0 0 0.000000 0 0 0.000000 0 0 0.000000
70.1335 124 STAB_ATTITUDE_INT -10 -13 4 -1 -71 326 0 0 0 0 0 0 0 0 0 0 0 0 0 0 0
70.1336 124 RPM_SENSOR 0 0 106.666664 0.000000 0.000000 0.000000 0.000000 0
70.1374 124 RPM_SENSOR 0 0 106.666664 0.000000 0.000000 0.000000 0.000000 0
70.1375 124 DELFLY_SPEEDCTRL 1 0 0 0 0 0 0 0 0 0 0 0 0.000000 0 0 0.000000 0 0 0.000000
70.1392 124 RPM_SENSOR 0 0 106.666664 0.000000 0.000000 0.000000 0.000000 0
70.1392 124 DELFLY_SPEEDCTRL 1 0 0 0 0 0 0 0 0 0 0 0 0.000000 0 0 0.000000 0 0 0.000000
70.1411 124 RPM_SENSOR 0 0 106.666664 0.000000 0.000000 0.000000 0.000000 0
70.1412 124 DELFLY_SPEEDCTRL 1 0 0 0 0 0 0 0 0 0 0 0 0.000000 0 0 0.000000 0 0 0.000000
70.1432 124 RPM_SENSOR 0 0 106.666664 0.000000 0.000000 0.000000 0.000000 0
70.1451 124 DELFLY_STATEESTIMATION 3 0 0.033333 10.000000 0 -206 -138 -3552 0 0 0 -206 -138 -3552 0 0 0 157 -63 232
70.1452 124 RPM_SENSOR 0 0 106.666664 0.000000 0.000000 0.000000 0.000000 0
70.1452 124 DELFLY_SPEEDCTRL 1 0 0 0 0 0 0 0 0 0 0 0 0.000000 0 0 0.000000 0 0 0.000000
70.1470 124 DELFLY_STATE 0 -206 -138 -3552 0 0 0 0 0 0 0 0 0 0 0 327 0 6432 0.000000 5
70.1471 124 RPM_SENSOR 0 0 106.666664 0.000000 0.000000 0.000000 0.000000 0
70.1471 124 DELFLY_SPEEDCTRL 1 0 0 0 0 0 0 0 0 0 0 0 0.000000 0 0 0.000000 0 0 0.000000
70.1489 124 DELFLY_GUIDANCE 0 0 0 0 0 0 0 0 0 0 0 0 0 0 0 0 0 0 0 0 0
70.1531 124 RPM_SENSOR 0 0 106.666664 0.000000 0.000000 0.000000 0.000000 0
70.1531 124 DELFLY_SPEEDCTRL 1 0 0 0 0 0 0 0 0 0 0 0 0.000000 0 0 0.000000 0 0 0.000000
70.1548 124 DELFLY_STATEESTIMATION 3 0 0.033333 10.000000 0 -206 -138 -3552 0 0 0 -206 -138 -3552 0 0 0 281 -9 223
70.1549 124 RPM_SENSOR 0 0 106.666664 0.000000 0.000000 0.000000 0.000000 0
70.1550 124 DELFLY_SPEEDCTRL 1 0 0 0 0 0 0 0 0 0 0 0 0.000000 0 0 0.000000 0 0 0.000000
70.1569 124 ROTORCRAFT_FP -4 -6 111 0 0 0 -1 -71 327 5 256 512 0 0 0
70.1588 124 RPM_SENSOR 0 0 106.666664 0.000000 0.000000 0.000000 0.000000 0
70.1588 124 DELFLY_SPEEDCTRL 1 0 0 0 0 0 0 0 0 0 0 0 0.000000 0 0 0.000000 0 0 0.000000
70.1607 124 RPM_SENSOR 0 0 106.666664 0.000000 0.000000 0.000000 0.000000 0
70.1607 124 DELFLY_SPEEDCTRL 1 0 0 0 0 0 0 0 0 0 0 0 0.000000 0 0 0.000000 0 0 0.000000
70.1627 124 STAB_ATTITUDE_INT 10 13 -34 -1 -71 327 0 0 0 0 0 0 0 0 0 0 0 0 0 0 0
70.1628 124 RPM_SENSOR 0 0 106.666664 0.000000 0.000000 0.000000 0.000000 0
70.1629 124 DELFLY_SPEEDCTRL 1 0 0 0 0 0 0 0 0 0 0 0 0.000000 0 0 0.000000 0 0 0.000000
70.1646 124 RPM_SENSOR 0 0 106.666664 0.000000 0.000000 0.000000 0.000000 0
70.1685 124 DELFLY_GUIDANCE 0 0 0 0 0 0 0 0 0 0 0 0 0 0 0 0 0 0 0 0 0
70.1686 124 RPM_SENSOR 0 0 106.666664 0.000000 0.000000 0.000000 0.000000 0
70.1687 124 DELFLY_SPEEDCTRL 1 0 0 0 0 0 0 0 0 0 0 0 0.000000 0 0 0.000000 0 0 0.000000
70.1699 124 GPS_DIAGNOSTICS 1 401 31.137128 0.032116 32116 -3 -2 -42 -206 -138 -3552
70.1704 124 DELFLY_FLAPCONTROL 0.000000 0.000000 0.000000 0 0.000000 0
70.1705 124 RPM_SENSOR 0 0 106.666664 0.000000 0.000000 0.000000 0.000000 0
70.1705 124 DELFLY_SPEEDCTRL 1 0 0 0 0 0 0 0 0 0 0 0 0.000000 0 0 0.000000 0 0 0.000000
70.1725 124 STAB_ATTITUDE_INT -16 -21 1 -1 -71 329 0 0 0 0 0 0 0 0 0 0 0 0 0 0 0
70.1744 124 DELFLY_STATEESTIMATION 3 0 0.033333 10.000000 0 -206 -138 -3552 0 0 0 -206 -138 -3552 0 0 0 167 74 224
70.1745 124 RPM_SENSOR 0 0 106.666664 0.000000 0.000000 0.000000 0.000000 0
70.1745 124 DELFLY_SPEEDCTRL 1 0 0 0 0 0 0 0 0 0 0 0 0.000000 0 0 0.000000 0 0 0.000000
70.1763 124 DELFLY_STATE 0 -206 -138 -3552 0 0 0 0 0 0 0 0 0 0 0 329 0 6432 0.000000 5
70.1764 124 RPM_SENSOR 0 0 106.666664 0.000000 0.000000 0.000000 0.000000 0
70.1764 124 DELFLY_SPEEDCTRL 1 0 0 0 0 0 0 0 0 0 0 0 0.000000 0 0 0.000000 0 0 0.000000
70.1782 124 RPM_SENSOR 0 0 106.666664 0.000000 0.000000 0.000000 0.000000 0
70.1783 124 DELFLY_SPEEDCTRL 1 0 0 0 0 0 0 0 0 0 0 0 0.000000 0 0 0.000000 0 0 0.000000
70.1823 124 STAB_ATTITUDE_INT -4 14 -26 -1 -71 329 0 0 0 0 0 0 0 0 0 0 0 0 0 0 0
70.1824 124 RPM_SENSOR 0 0 106.666664 0.000000 0.000000 0.000000 0.000000 0
70.1824 124 DELFLY_SPEEDCTRL 1 0 0 0 0 0 0 0 0 0 0 0 0.000000 0 0 0.000000 0 0 0.000000
70.1841 124 DELFLY_STATEESTIMATION 3 0 0.033333 10.000000 0 -206 -138 -3552 0 0 0 -206 -138 -3552 0 0 0 114 -48 194
70.1842 124 RPM_SENSOR 0 0 106.666664 0.000000 0.000000 0.000000 0.000000 0
70.1842 124 DELFLY_SPEEDCTRL 1 0 0 0 0 0 0 0 0 0 0 0 0.000000 0 0 0.000000 0 0 0.000000
70.1860 124 DELFLY_STATE 0 -206 -138 -3552 0 0 0 0 0 0 0 0 0 0 0 329 0 6432 0.000000 5
70.1881 124 DELFLY_GUIDANCE 0 0 0 0 0 0 0 0 0 0 0 0 0 0 0 0 0 0 0 0 0
70.1882 124 RPM_SENSOR 0 0 106.666664 0.000000 0.000000 0.000000 0.000000 0
70.1882 124 DELFLY_SPEEDCTRL 1 0 0 0 0 0 0 0 0 0 0 0 0.000000 0 0 0.000000 0 0 0.000000
70.1900 124 DELFLY_FLAPCONTROL 0.000000 0.000000 0.000000 0 0.000000 0
70.1900 124 RPM_SENSOR 0 0 106.666664 0.000000 0.000000 0.000000 0.000000 0
70.1900 124 DELFLY_SPEEDCTRL 1 0 0 0 0 0 0 0 0 0 0 0 0.000000 0 0 0.000000 0 0 0.000000
70.1920 124 STAB_ATTITUDE_INT -7 -25 -18 -1 -71 328 0 0 0 0 0 0 0 0 0 0 0 0 0 0 0
70.1921 124 RPM_SENSOR 0 0 106.666664 0.000000 0.000000 0.000000 0.000000 0
70.1959 124 DELFLY_STATE 0 -206 -138 -3552 0 0 0 0 0 0 0 0 0 0 0 328 0 6432 0.000000 5
70.1960 124 RPM_SENSOR 0 0 106.666664 0.000000 0.000000 0.000000 0.000000 0
70.1960 124 DELFLY_SPEEDCTRL 1 0 0 0 0 0 0 0 0 0 0 0 0.000000 0 0 0.000000 0 0 0.000000
70.1978 124 RPM_SENSOR 0 0 106.666664 0.000000 0.000000 0.000000 0.000000 0
70.1978 124 DELFLY_SPEEDCTRL 1 0 0 0 0 0 0 0 0 0 0 0 0.000000 0 0 0.000000 0 0 0.000000
70.1997 124 RPM_SENSOR 0 0 106.666664 0.000000 0.000000 0.000000 0.000000 0
70.1998 124 DELFLY_SPEEDCTRL 1 0 0 0 0 0 0 0 0 0 0 0 0.000000 0 0 0.000000 0 0 0.000000
70.2018 124 RPM_SENSOR 0 0 106.666664 0.000000 0.000000 0.000000 0.000000 0
70.2039 124 GPS_DIAGNOSTICS 1 402 29.785840 0.033573 33573 -3 -2 -42 -206 -138 -3552
70.2041 124 DELFLY_STATEESTIMATION 3 0 0.033333 10.000000 0 -206 -138 -3552 0 0 0 -206 -138 -3552 0 0 0 169 -72 193
70.2042 124 RPM_SENSOR 0 0 106.666664 0.000000 0.000000 0.000000 0.000000 0
70.2043 124 DELFLY_SPEEDCTRL 1 0 0 0 0 0 0 0 0 0 0 0 0.000000 0 0 0.000000 0 0 0.000000
70.2056 124 DELFLY_STATE 0 -206 -138 -3552 0 0 0 0 0 0 0 0 0 0 0 328 0 6432 0.000000 5
70.2057 124 RPM_SENSOR 0 0 106.666664 0.000000 0.000000 0.000000 0.000000 0
70.2057 124 DELFLY_SPEEDCTRL 1 0 0 0 0 0 0 0 0 0 0 0 0.000000 0 0 0.000000 0 0 0.000000
70.2075 124 RPM_SENSOR 0 0 106.666664 0.000000 0.000000 0.000000 0.000000 0
70.2095 124 DELFLY_FLAPCONTROL 0.000000 0.000000 0.000000 0 0.000000 0
70.2096 124 RPM_SENSOR 0 0 106.666664 0.000000 0.000000 0.000000 0.000000 0
70.2096 124 DELFLY_SPEEDCTRL 1 0 0 0 0 0 0 0 0 0 0 0 0.000000 0 0 0.000000 0 0 0.000000
70.2115 124 STAB_ATTITUDE_INT -10 -21 -10 -1 -71 329 0 0 0 0 0 0 0 0 0 0 0 0 0 0 0
70.2116 124 RPM_SENSOR 0 0 106.666664 0.000000 0.000000 0.000000 0.000000 0
70.2117 124 DELFLY_SPEEDCTRL 1 0 0 0 0 0 0 0 0 0 0 0 0.000000 0 0 0.000000 0 0 0.000000
70.2134 124 DELFLY_STATEESTIMATION 3 0 0.033333 10.000000 0 -206 -138 -3552 0 0 0 -206 -138 -3552 0 0 0 122 -48 222
70.2135 124 RPM_SENSOR 0 0 106.666664 0.000000 0.000000 0.000000 0.000000 0
70.2153 124 RPM_SENSOR 0 0 106.666664 0.000000 0.000000 0.000000 0.000000 0
70.2173 124 RPM_SENSOR 0 0 106.666664 0.000000 0.000000 0.000000 0.000000 0
70.2174 124 DELFLY_SPEEDCTRL 1 0 0 0 0 0 0 0 0 0 0 0 0.000000 0 0 0.000000 0 0 0.000000
70.2192 124 RPM_SENSOR 0 0 106.666664 0.000000 0.000000 0.000000 0.000000 0
70.2193 124 DELFLY_SPEEDCTRL 1 0 0 0 0 0 0 0 0 0 0 0 0.000000 0 0 0.000000 0 0 0.000000
70.2213 124 STAB_ATTITUDE_INT 12 12 -19 -1 -71 329 0 0 0 0 0 0 0 0 0 0 0 0 0 0 0
70.2214 124 RPM_SENSOR 0 0 106.666664 0.000000 0.000000 0.000000 0.000000 0
70.2215 124 DELFLY_SPEEDCTRL 1 0 0 0 0 0 0 0 0 0 0 0 0.000000 0 0 0.000000 0 0 0.000000
70.2232 124 RPM_SENSOR 0 0 106.666664 0.000000 0.000000 0.000000 0.000000 0
70.2271 124 DELFLY_GUIDANCE 0 0 0 0 0 0 0 0 0 0 0 0 0 0 0 0 0 0 0 0 0
70.2272 124 RPM_SENSOR 0 0 106.666664 0.000000 0.000000 0.000000 0.000000 0
70.2272 124 DELFLY_SPEEDCTRL 1 0 0 0 0 0 0 0 0 0 0 0 0.000000 0 0 0.000000 0 0 0.000000
70.2290 124 DELFLY_FLAPCONTROL 0.000000 0.000000 0.000000 0 0.000000 0
70.2291 124 RPM_SENSOR 0 0 106.666664 0.000000 0.000000 0.000000 0.000000 0
70.2291 124 DELFLY_SPEEDCTRL 1 0 0 0 0 0 0 0 0 0 0 0 0.000000 0 0 0.000000 0 0 0.000000
70.2311 124 STAB_ATTITUDE_INT -5 -21 -22 -1 -71 329 0 0 0 0 0 0 0 0 0 0 0 0 0 0 0
70.2312 124 RPM_SENSOR 0 0 106.666664 0.000000 0.000000 0.000000 0.000000 0
70.2350 124 RPM_SENSOR 0 0 106.666664 0.000000 0.000000 0.000000 0.000000 0
70.2351 124 DELFLY_SPEEDCTRL 1 0 0 0 0 0 0 0 0 0 0 0 0.000000 0 0 0.000000 0 0 0.000000
70.2368 124 RPM_SENSOR 0 0 106.666664 0.000000 0.000000 0.000000 0.000000 0
70.2369 124 DELFLY_SPEEDCTRL 1 0 0 0 0 0 0 0 0 0 0 0 0.000000 0 0 0.000000 0 0 0.000000
70.2387 124 GPS_DIAGNOSTICS 1 403 29.359953 0.034060 34060 -3 -2 -42 -205 -138 -3552
70.2389 124 RPM_SENSOR 0 0 106.666664 0.000000 0.000000 0.000000 0.000000 0
70.2389 124 DELFLY_SPEEDCTRL 1 0 0 0 0 0 0 0 0 0 0 0 0.000000 0 0 0.000000 0 0 0.000000
70.2427 124 DELFLY_STATEESTIMATION 3 0 0.033333 10.000000 0 -205 -138 -3552 1919 0 0 -205 -138 -3552 0 0 0 235 -47 218
70.2428 124 RPM_SENSOR 0 0 106.666664 0.000000 0.000000 0.000000 0.000000 0
70.2429 124 DELFLY_SPEEDCTRL 1 0 0 0 1919 0 0 0 0 0 0 0 0.000000 0 0 0.000000 0 0 0.000000
70.2446 124 DELFLY_STATE 0 -205 -138 -3552 1919 0 0 1919 0 0 112 0 0 1919 1919 331 0 4 0.000000 5
70.2447 124 RPM_SENSOR 0 0 106.666664 0.000000 0.000000 0.000000 0.000000 0
70.2448 124 DELFLY_SPEEDCTRL 1 0 0 0 1919 0 0 0 0 0 0 0 0.000000 0 0 0.000000 0 0 0.000000
70.2466 124 DELFLY_GUIDANCE 0 0 0 0 0 0 0 0 0 0 0 0 0 0 0 0 0 0 0 0 0
70.2486 124 RPM_SENSOR 0 0 106.666664 0.000000 0.000000 0.000000 0.000000 0
70.2486 124 DELFLY_SPEEDCTRL 1 0 0 0 1919 0 0 0 0 0 0 0 0.000000 0 0 0.000000 0 0 0.000000
70.2506 124 STAB_ATTITUDE_INT -7 -21 -24 -1 -71 331 0 0 0 0 0 0 0 0 0 0 0 0 0 0 0
70.2507 124 RPM_SENSOR 0 0 106.666664 0.000000 0.000000 0.000000 0.000000 0
70.2508 124 DELFLY_SPEEDCTRL 1 0 0 0 1919 0 0 0 0 0 0 0 0.000000 0 0 0.000000 0 0 0.000000
70.2526 124 DELFLY_STATEESTIMATION 3 0 0.033333 10.000000 0 -205 -138 -3552 1919 0 0 -205 -138 -3552 0 0 0 103 16 200
70.2527 124 RPM_SENSOR 0 0 106.666664 0.000000 0.000000 0.000000 0.000000 0
70.2544 124 RPM_SENSOR 0 0 106.666664 0.000000 0.000000 0.000000 0.000000 0
70.2565 124 ROTORCRAFT_FP -4 -6 111 0 1919 0 -1 -71 331 5 256 512 0 0 0
70.2566 124 DELFLY_SPEEDCTRL_GAINS 0 18829 11115 12.589200 -485 -777 -0.022700 -1259 117 0.003400
70.2567 124 RPM_SENSOR 0 0 106.666664 0.000000 0.000000 0.000000 0.000000 0
70.2567 124 DELFLY_SPEEDCTRL 1 0 0 0 1919 0 0 0 0 0 0 0 0.000000 0 0 0.000000 0 0 0.000000
70.2583 124 RPM_SENSOR 0 0 106.666664 0.000000 0.000000 0.000000 0.000000 0
70.2584 124 DELFLY_SPEEDCTRL 1 0 0 0 1919 0 0 0 0 0 0 0 0.000000 0 0 0.000000 0 0 0.000000
70.2603 124 STAB_ATTITUDE_INT 2 -5 -19 -1 -71 331 0 0 0 0 0 0 0 0 0 0 0 0 0 0 0
70.2605 124 RPM_SENSOR 0 0 106.666664 0.000000 0.000000 0.000000 0.000000 0
70.2643 124 RPM_SENSOR 0 0 106.666664 0.000000 0.000000 0.000000 0.000000 0
70.2644 124 DELFLY_SPEEDCTRL 1 0 0 0 1919 0 0 0 0 0 0 0 0.000000 0 0 0.000000 0 0 0.000000
70.2661 124 DELFLY_GUIDANCE 0 0 0 0 0 0 0 0 0 0 0 0 0 0 0 0 0 0 0 0 0
70.2662 124 RPM_SENSOR 0 0 106.666664 0.000000 0.000000 0.000000 0.000000 0
70.2663 124 DELFLY_SPEEDCTRL 1 0 0 0 1919 0 0 0 0 0 0 0 0.000000 0 0 0.000000 0 0 0.000000
70.2681 124 DELFLY_FLAPCONTROL 0.000000 0.000000 0.000000 0 0.000000 0
70.2681 124 RPM_SENSOR 0 0 106.666664 0.000000 0.000000 0.000000 0.000000 0
70.2708 124 GPS_DIAGNOSTICS 1 404 28.744718 0.034789 34789 -3 -2 -42 -206 -138 -3552
70.2711 124 STAB_ATTITUDE_INT -2 -18 -25 -1 -71 330 0 0 0 0 0 0 0 0 0 0 0 0 0 0 0
70.2712 124 RPM_SENSOR 0 0 106.666664 0.000000 0.000000 0.000000 0.000000 0
70.2712 124 DELFLY_SPEEDCTRL 1 0 0 0 1919 0 0 0 0 0 0 0 0.000000 0 0 0.000000 0 0 0.000000
70.2720 124 DELFLY_STATEESTIMATION 3 0 0.033333 10.000000 0 -206 -138 -3552 -1919 0 0 -206 -138 -3552 0 0 0 191 13 176
70.2721 124 RPM_SENSOR 0 0 106.666664 0.000000 0.000000 0.000000 0.000000 0
70.2721 124 DELFLY_SPEEDCTRL 1 0 0 0 1919 0 0 0 0 0 0 0 0.000000 0 0 0.000000 0 0 0.000000
70.2739 124 RPM_SENSOR 0 0 106.666664 0.000000 0.000000 0.000000 0.000000 0
70.2759 124 RPM_SENSOR 0 0 106.666664 0.000000 0.000000 0.000000 0.000000 0
70.2760 124 DELFLY_SPEEDCTRL 1 0 0 0 1919 0 0 0 0 0 0 0 0.000000 0 0 0.000000 0 0 0.000000
70.2778 124 RPM_SENSOR 0 0 106.666664 0.000000 0.000000 0.000000 0.000000 0
70.2779 124 DELFLY_SPEEDCTRL 1 0 0 0 1919 0 0 0 0 0 0 0 0.000000 0 0 0.000000 0 0 0.000000
70.2799 124 STAB_ATTITUDE_INT 4 0 -13 -1 -71 332 0 0 0 0 0 0 0 0 0 0 0 0 0 0 0
70.2800 124 RPM_SENSOR 0 0 106.666664 0.000000 0.000000 0.000000 0.000000 0
70.2800 124 DELFLY_SPEEDCTRL 1 0 0 0 1919 0 0 0 0 0 0 0 0.000000 0 0 0.000000 0 0 0.000000
70.2818 124 RPM_SENSOR 0 0 106.666664 0.000000 0.000000 0.000000 0.000000 0
70.2857 124 DELFLY_GUIDANCE 0 0 0 0 0 0 0 0 0 0 0 0 0 0 0 0 0 0 0 0 0
70.2858 124 RPM_SENSOR 0 0 106.666664 0.000000 0.000000 0.000000 0.000000 0
70.2858 124 DELFLY_SPEEDCTRL 1 0 0 0 1919 0 0 0 0 0 0 0 0.000000 0 0 0.000000 0 0 0.000000
70.2876 124 DELFLY_FLAPCONTROL 0.000000 0.000000 0.000000 0 0.000000 0
70.2876 124 RPM_SENSOR 0 0 106.666664 0.000000 0.000000 0.000000 0.000000 0
70.2877 124 DELFLY_SPEEDCTRL 1 0 0 0 1919 0 0 0 0 0 0 0 0.000000 0 0 0.000000 0 0 0.000000
70.2897 124 STAB_ATTITUDE_INT 5 -9 -26 -1 -71 332 0 0 0 0 0 0 0 0 0 0 0 0 0 0 0
70.2898 124 RPM_SENSOR 0 0 106.666664 0.000000 0.000000 0.000000 0.000000 0
70.2936 124 RPM_SENSOR 0 0 106.666664 0.000000 0.000000 0.000000 0.000000 0
70.2937 124 DELFLY_SPEEDCTRL 1 0 0 0 1919 0 0 0 0 0 0 0 0.000000 0 0 0.000000 0 0 0.000000
70.2954 124 RPM_SENSOR 0 0 106.666664 0.000000 0.000000 0.000000 0.000000 0
70.2955 124 DELFLY_SPEEDCTRL 1 0 0 0 1919 0 0 0 0 0 0 0 0.000000 0 0 0.000000 0 0 0.000000
70.2974 124 RPM_SENSOR 0 0 106.666664 0.000000 0.000000 0.000000 0.000000 0
70.2974 124 DELFLY_SPEEDCTRL 1 0 0 0 1919 0 0 0 0 0 0 0 0.000000 0 0 0.000000 0 0 0.000000
70.2994 124 RPM_SENSOR 0 0 106.666664 0.000000 0.000000 0.000000 0.000000 0
70.3013 124 DELFLY_STATEESTIMATION 3 0 0.033333 10.000000 0 -206 -138 -3552 -1919 0 0 -206 -138 -3552 0 0 0 262 -90 304
70.3014 124 RPM_SENSOR 0 0 106.666664 0.000000 0.000000 0.000000 0.000000 0
70.3015 124 DELFLY_SPEEDCTRL 1 0 0 0 1919 0 0 0 0 0 0 0 0.000000 0 0 0.000000 0 0 0.000000
70.3032 124 DELFLY_STATE 0 -206 -138 -3552 -1919 0 0 -1919 0 0 -224 0 0 1919 1919 332 0 12861 0.000000 5
70.3033 124 RPM_SENSOR 0 0 106.666664 0.000000 0.000000 0.000000 0.000000 0
70.3034 124 DELFLY_SPEEDCTRL 1 0 0 0 1919 0 0 0 0 0 0 0 0.000000 0 0 0.000000 0 0 0.000000
70.3052 124 DELFLY_GUIDANCE 0 0 0 0 0 0 0 0 0 0 0 0 0 0 0 0 0 0 0 0 0
70.3079 124 GPS_DIAGNOSTICS 1 405 31.186652 0.032065 32065 -3 -2 -42 -206 -138 -3552
70.3080 124 DELFLY_FLAPCONTROL 0.000000 0.000000 0.000000 0 0.000000 0
70.3081 124 RPM_SENSOR 0 0 106.666664 0.000000 0.000000 0.000000 0.000000 0
70.3081 124 DELFLY_SPEEDCTRL 1 0 0 0 1919 0 0 0 0 0 0 0 0.000000 0 0 0.000000 0 0 0.000000
70.3092 124 STAB_ATTITUDE_INT 4 -5 -23 0 -71 333 0 0 0 0 0 0 0 0 0 0 0 0 0 0 0
70.3093 124 RPM_SENSOR 0 0 106.666664 0.000000 0.000000 0.000000 0.000000 0
70.3094 124 DELFLY_SPEEDCTRL 1 0 0 0 1919 0 0 0 0 0 0 0 0.000000 0 0 0.000000 0 0 0.000000
70.3110 124 DELFLY_STATEESTIMATION 3 0 0.033333 10.000000 0 -206 -138 -3552 0 0 0 -206 -138 -3552 0 0 0 103 32 188
70.3150 124 RPM_SENSOR 0 0 106.666664 0.000000 0.000000 0.000000 0.000000 0
70.3150 124 DELFLY_SPEEDCTRL 1 0 0 0 0 0 0 0 0 0 0 0 0.000000 0 0 0.000000 0 0 0.000000
70.3169 124 RPM_SENSOR 0 0 106.666664 0.000000 0.000000 0.000000 0.000000 0
70.3170 124 DELFLY_SPEEDCTRL 1 0 0 0 0 0 0 0 0 0 0 0 0.000000 0 0 0.000000 0 0 0.000000
70.3190 124 STAB_ATTITUDE_INT -4 -9 -7 0 -71 333 0 0 0 0 0 0 0 0 0 0 0 0 0 0 0
70.3191 124 RPM_SENSOR 0 0 106.666664 0.000000 0.000000 0.000000 0.000000 0
70.3191 124 DELFLY_SPEEDCTRL 1 0 0 0 0 0 0 0 0 0 0 0 0.000000 0 0 0.000000 0 0 0.000000
70.3249 124 RPM_SENSOR 0 0 106.666664 0.000000 0.000000 0.000000 0.000000 0
70.3249 124 DELFLY_SPEEDCTRL 1 0 0 0 0 0 0 0 0 0 0 0 0.000000 0 0 0.000000 0 0 0.000000
70.3267 124 DELFLY_FLAPCONTROL 0.000000 0.000000 0.000000 0 0.000000 0
70.3267 124 RPM_SENSOR 0 0 106.666664 0.000000 0.000000 0.000000 0.000000 0
70.3268 124 DELFLY_SPEEDCTRL 1 0 0 0 0 0 0 0 0 0 0 0 0.000000 0 0 0.000000 0 0 0.000000
70.3287 124 STAB_ATTITUDE_INT 5 13 -32 0 -71 333 0 0 0 0 0 0 0 0 0 0 0 0 0 0 0
70.3288 124 RPM_SENSOR 0 0 106.666664 0.000000 0.000000 0.000000 0.000000 0
70.3326 124 DELFLY_STATE 0 -206 -138 -3552 0 0 0 0 0 0 112 0 0 0 0 333 0 6432 0.000000 5
70.3327 124 RPM_SENSOR 0 0 106.666664 0.000000 0.000000 0.000000 0.000000 0
70.3327 124 DELFLY_SPEEDCTRL 1 0 0 0 0 0 0 0 0 0 0 0 0.000000 0 0 0.000000 0 0 0.000000
70.3345 124 RPM_SENSOR 0 0 106.666664 0.000000 0.000000 0.000000 0.000000 0
70.3345 124 DELFLY_SPEEDCTRL 1 0 0 0 0 0 0 0 0 0 0 0 0.000000 0 0 0.000000 0 0 0.000000
70.3370 124 GPS_DIAGNOSTICS 1 406 26.967262 0.037082 37082 -3 -2 -42 -205 -138 -3551
70.3371 124 RPM_SENSOR 0 0 106.666664 0.000000 0.000000 0.000000 0.000000 0
70.3372 124 DELFLY_SPEEDCTRL 1 0 0 0 0 0 0 0 0 0 0 0 0.000000 0 0 0.000000 0 0 0.000000
70.3423 124 DELFLY_STATE 0 -205 -138 -3551 1919 0 1919 1919 0 1919 112 0 112 1919 1919 334 0 4 0.000000 5
70.3424 124 RPM_SENSOR 0 0 106.666664 0.000000 0.000000 0.000000 0.000000 0
70.3425 124 DELFLY_SPEEDCTRL 1 0 0 0 1919 1919 0 0 0 0 0 0 0.000000 0 0 0.000000 0 0 0.000000
70.3442 124 DELFLY_GUIDANCE 0 0 0 0 0 0 0 0 0 0 0 0 0 0 0 0 0 0 0 0 0
70.3444 124 RPM_SENSOR 0 0 106.666664 0.000000 0.000000 0.000000 0.000000 0
70.3444 124 DELFLY_SPEEDCTRL 1 0 0 0 1919 1919 0 0 0 0 0 0 0.000000 0 0 0.000000 0 0 0.000000
70.3462 124 DELFLY_FLAPCONTROL 0.000000 0.000000 0.000000 0 0.000000 0
70.3462 124 RPM_SENSOR 0 0 106.666664 0.000000 0.000000 0.000000 0.000000 0
70.3483 124 STAB_ATTITUDE_INT 10 0 -24 -1 -71 334 0 0 0 0 0 0 0 0 0 0 0 0 0 0 0
70.3484 124 RPM_SENSOR 0 0 106.666664 0.000000 0.000000 0.000000 0.000000 0
70.3485 124 DELFLY_SPEEDCTRL 1 0 0 0 1919 1919 0 0 0 0 0 0 0.000000 0 0 0.000000 0 0 0.000000
70.3501 124 DELFLY_STATEESTIMATION 3 0 0.033333 10.000000 0 -205 -138 -3551 1919 0 1919 -205 -138 -3551 0 0 0 183 -98 254
70.3502 124 RPM_SENSOR 0 0 106.666664 0.000000 0.000000 0.000000 0.000000 0
70.3503 124 DELFLY_SPEEDCTRL 1 0 0 0 1919 1919 0 0 0 0 0 0 0.000000 0 0 0.000000 0 0 0.000000
70.3521 124 DELFLY_STATE 0 -205 -138 -3551 1919 0 1919 1919 0 1919 112 0 112 1919 1919 334 0 4 0.000000 5
70.3522 124 RPM_SENSOR 0 0 106.666664 0.000000 0.000000 0.000000 0.000000 0
70.3542 124 RPM_SENSOR 0 0 106.666664 0.000000 0.000000 0.000000 0.000000 0
70.3543 124 DELFLY_SPEEDCTRL 1 0 0 0 1919 1919 0 0 0 0 0 0 0.000000 0 0 0.000000 0 0 0.000000
70.3561 124 ROTORCRAFT_FP -4 -6 110 0 1919 -1919 -1 -71 334 5 256 512 0 0 0
70.3562 124 DELFLY_SPEEDCTRL_GAINS 0 18829 11115 12.589200 -485 -777 -0.022700 -1259 117 0.003400
70.3562 124 RPM_SENSOR 0 0 106.666664 0.000000 0.000000 0.000000 0.000000 0
70.3563 124 DELFLY_SPEEDCTRL 1 0 0 0 1919 1919 0 0 0 0 0 0 0.000000 0 0 0.000000 0 0 0.000000
70.3580 124 STAB_ATTITUDE_INT -2 -13 -1 -1 -71 334 0 0 0 0 0 0 0 0 0 0 0 0 0 0 0
70.3582 124 RPM_SENSOR 0 0 106.666664 0.000000 0.000000 0.000000 0.000000 0
70.3618 124 DELFLY_STATE 0 -205 -138 -3551 1919 0 1919 1919 0 1919 112 0 112 1919 1919 334 0 4 0.000000 5
70.3620 124 RPM_SENSOR 0 0 106.666664 0.000000 0.000000 0.000000 0.000000 0
70.3620 124 DELFLY_SPEEDCTRL 1 0 0 0 1919 1919 0 0 0 0 0 0 0.000000 0 0 0.000000 0 0 0.000000
70.3638 124 DELFLY_GUIDANCE 0 0 0 0 0 0 0 0 0 0 0 0 0 0 0 0 0 0 0 0 0
70.3639 124 RPM_SENSOR 0 0 106.666664 0.000000 0.000000 0.000000 0.000000 0
70.3639 124 DELFLY_SPEEDCTRL 1 0 0 0 1919 1919 0 0 0 0 0 0 0.000000 0 0 0.000000 0 0 0.000000
70.3657 124 DELFLY_FLAPCONTROL 0.000000 0.000000 0.000000 0 0.000000 0
70.3658 124 RPM_SENSOR 0 0 106.666664 0.000000 0.000000 0.000000 0.000000 0
70.3678 124 STAB_ATTITUDE_INT 11 13 -34 -1 -70 334 0 0 0 0 0 0 0 0 0 0 0 0 0 0 0
70.3679 124 RPM_SENSOR 0 0 106.666664 0.000000 0.000000 0.000000 0.000000 0
70.3680 124 DELFLY_SPEEDCTRL 1 0 0 0 1919 1919 0 0 0 0 0 0 0.000000 0 0 0.000000 0 0 0.000000
70.3704 124 GPS_DIAGNOSTICS 1 407 34.363080 0.029101 29101 -3 -2 -42 -205 -138 -3552
70.3706 124 DELFLY_STATEESTIMATION 3 0 0.033333 10.000000 0 -205 -138 -3552 0 0 -1919 -205 -138 -3552 0 0 0 121 -9 217
70.3707 124 RPM_SENSOR 0 0 106.666664 0.000000 0.000000 0.000000 0.000000 0
70.3707 124 DELFLY_SPEEDCTRL 1 0 0 0 1919 1919 0 0 0 0 0 0 0.000000 0 0 0.000000 0 0 0.000000
70.3716 124 RPM_SENSOR 0 0 106.666664 0.000000 0.000000 0.000000 0.000000 0
70.3755 124 RPM_SENSOR 0 0 106.666664 0.000000 0.000000 0.000000 0.000000 0
70.3756 124 DELFLY_SPEEDCTRL 1 0 0 0 0 -1919 0 0 0 0 0 0 0.000000 0 0 0.000000 0 0 0.000000
70.3776 124 STAB_ATTITUDE_INT -7 -18 -14 -1 -70 335 0 0 0 0 0 0 0 0 0 0 0 0 0 0 0
70.3777 124 RPM_SENSOR 0 0 106.666664 0.000000 0.000000 0.000000 0.000000 0
70.3777 124 DELFLY_SPEEDCTRL 1 0 0 0 0 -1919 0 0 0 0 0 0 0.000000 0 0 0.000000 0 0 0.000000
70.3794 124 DELFLY_STATEESTIMATION 3 0 0.033333 10.000000 0 -205 -138 -3552 0 0 -1919 -205 -138 -3552 0 0 0 176 -11 157
70.3795 124 RPM_SENSOR 0 0 106.666664 0.000000 0.000000 0.000000 0.000000 0
70.3835 124 RPM_SENSOR 0 0 106.666664 0.000000 0.000000 0.000000 0.000000 0
70.3835 124 DELFLY_SPEEDCTRL 1 0 0 0 0 -1919 0 0 0 0 0 0 0.000000 0 0 0.000000 0 0 0.000000
70.3853 124 DELFLY_FLAPCONTROL 0.000000 0.000000 0.000000 0 0.000000 0
70.3853 124 RPM_SENSOR 0 0 106.666664 0.000000 0.000000 0.000000 0.000000 0
70.3854 124 DELFLY_SPEEDCTRL 1 0 0 0 0 -1919 0 0 0 0 0 0 0.000000 0 0 0.000000 0 0 0.000000
70.3873 124 STAB_ATTITUDE_INT 5 4 -22 -1 -70 335 0 0 0 0 0 0 0 0 0 0 0 0 0 0 0
70.3874 124 RPM_SENSOR 0 0 106.666664 0.000000 0.000000 0.000000 0.000000 0
70.3911 124 DELFLY_STATE 0 -205 -138 -3552 0 0 -1919 0 0 -1919 -112 0 -224 0 0 335 0 6432 0.000000 5
70.3912 124 RPM_SENSOR 0 0 106.666664 0.000000 0.000000 0.000000 0.000000 0
70.3913 124 DELFLY_SPEEDCTRL 1 0 0 0 0 -1919 0 0 0 0 0 0 0.000000 0 0 0.000000 0 0 0.000000
70.3931 124 RPM_SENSOR 0 0 106.666664 0.000000 0.000000 0.000000 0.000000 0
70.3931 124 DELFLY_SPEEDCTRL 1 0 0 0 0 -1919 0 0 0 0 0 0 0.000000 0 0 0.000000 0 0 0.000000
70.3950 124 RPM_SENSOR 0 0 106.666664 0.000000 0.000000 0.000000 0.000000 0
70.3951 124 DELFLY_SPEEDCTRL 1 0 0 0 0 -1919 0 0 0 0 0 0 0.000000 0 0 0.000000 0 0 0.000000
70.3971 124 RPM_SENSOR 0 0 106.666664 0.000000 0.000000 0.000000 0.000000 0
70.3990 124 DELFLY_STATEESTIMATION 3 0 0.033333 10.000000 0 -205 -138 -3552 0 0 -1919 -205 -138 -3552 0 0 0 189 -9 266
70.3991 124 RPM_SENSOR 0 0 106.666664 0.000000 0.000000 0.000000 0.000000 0
70.3991 124 DELFLY_SPEEDCTRL 1 0 0 0 0 -1919 0 0 0 0 0 0 0.000000 0 0 0.000000 0 0 0.000000
70.4009 124 DELFLY_STATE 0 -205 -138 -3552 0 0 -1919 0 0 -1919 -112 0 -224 0 0 335 0 6432 0.000000 5
70.4010 124 RPM_SENSOR 0 0 106.666664 0.000000 0.000000 0.000000 0.000000 0
70.4010 124 DELFLY_SPEEDCTRL 1 0 0 0 0 -1919 0 0 0 0 0 0 0.000000 0 0 0.000000 0 0 0.000000
70.4033 124 GPS_DIAGNOSTICS 1 408 29.932950 0.033408 33408 -3 -2 -42 -205 -138 -3552
70.4035 124 RPM_SENSOR 0 0 106.666664 0.000000 0.000000 0.000000 0.000000 0
70.4048 124 DELFLY_FLAPCONTROL 0.000000 0.000000 0.000000 0 0.000000 0
70.4087 124 DELFLY_STATEESTIMATION 3 0 0.033333 10.000000 0 -205 -138 -3552 0 0 0 -205 -138 -3552 0 0 0 153 -81 191
70.4088 124 RPM_SENSOR 0 0 106.666664 0.000000 0.000000 0.000000 0.000000 0
70.4089 124 DELFLY_SPEEDCTRL 1 0 0 0 0 0 0 0 0 0 0 0 0.000000 0 0 0.000000 0 0 0.000000
70.4107 124 DELFLY_STATE 0 -205 -138 -3552 0 0 0 0 0 0 0 0 112 0 0 336 0 6432 0.000000 5
70.4108 124 RPM_SENSOR 0 0 106.666664 0.000000 0.000000 0.000000 0.000000 0
70.4108 124 DELFLY_SPEEDCTRL 1 0 0 0 0 0 0 0 0 0 0 0 0.000000 0 0 0.000000 0 0 0.000000
70.4126 124 RPM_SENSOR 0 0 106.666664 0.000000 0.000000 0.000000 0.000000 0
70.4146 124 RPM_SENSOR 0 0 106.666664 0.000000 0.000000 0.000000 0.000000 0
70.4146 124 DELFLY_SPEEDCTRL 1 0 0 0 0 0 0 0 0 0 0 0 0.000000 0 0 0.000000 0 0 0.000000
70.4166 124 STAB_ATTITUDE_INT 2 -13 -19 0 -70 336 0 0 0 0 0 0 0 0 0 0 0 0 0 0 0
70.4168 124 RPM_SENSOR 0 0 106.666664 0.000000 0.000000 0.000000 0.000000 0
70.4168 124 DELFLY_SPEEDCTRL 1 0 0 0 0 0 0 0 0 0 0 0 0.000000 0 0 0.000000 0 0 0.000000
70.4185 124 DELFLY_STATEESTIMATION 3 0 0.033333 10.000000 0 -205 -138 -3552 0 0 0 -205 -138 -3552 0 0 0 267 22 229
70.4186 124 RPM_SENSOR 0 0 106.666664 0.000000 0.000000 0.000000 0.000000 0
70.4186 124 DELFLY_SPEEDCTRL 1 0 0 0 0 0 0 0 0 0 0 0 0.000000 0 0 0.000000 0 0 0.000000
70.4224 124 DELFLY_GUIDANCE 0 0 0 0 0 0 0 0 0 0 0 0 0 0 0 0 0 0 0 0 0
70.4225 124 RPM_SENSOR 0 0 106.666664 0.000000 0.000000 0.000000 0.000000 0
70.4226 124 DELFLY_SPEEDCTRL 1 0 0 0 0 0 0 0 0 0 0 0 0.000000 0 0 0.000000 0 0 0.000000
70.4243 124 DELFLY_FLAPCONTROL 0.000000 0.000000 0.000000 0 0.000000 0
70.4244 124 RPM_SENSOR 0 0 106.666664 0.000000 0.000000 0.000000 0.000000 0
70.4244 124 DELFLY_SPEEDCTRL 1 0 0 0 0 0 0 0 0 0 0 0 0.000000 0 0 0.000000 0 0 0.000000
70.4264 124 STAB_ATTITUDE_INT 0 -9 -6 0 -70 336 0 0 0 0 0 0 0 0 0 0 0 0 0 0 0
70.4265 124 RPM_SENSOR 0 0 106.666664 0.000000 0.000000 0.000000 0.000000 0
70.4303 124 RPM_SENSOR 0 0 106.666664 0.000000 0.000000 0.000000 0.000000 0
70.4304 124 DELFLY_SPEEDCTRL 1 0 0 0 0 0 0 0 0 0 0 0 0.000000 0 0 0.000000 0 0 0.000000
70.4321 124 RPM_SENSOR 0 0 106.666664 0.000000 0.000000 0.000000 0.000000 0
70.4322 124 DELFLY_SPEEDCTRL 1 0 0 0 0 0 0 0 0 0 0 0 0.000000 0 0 0.000000 0 0 0.000000
70.4341 124 RPM_SENSOR 0 0 106.666664 0.000000 0.000000 0.000000 0.000000 0
70.4341 124 DELFLY_SPEEDCTRL 1 0 0 0 0 0 0 0 0 0 0 0 0.000000 0 0 0.000000 0 0 0.000000
70.4362 124 RPM_SENSOR 0 0 106.666664 0.000000 0.000000 0.000000 0.000000 0
70.4380 124 DELFLY_STATEESTIMATION 3 0 0.033333 10.000000 0 -205 -138 -3551 0 0 1919 -205 -138 -3551 0 0 0 169 -107 259
70.4381 124 RPM_SENSOR 0 0 106.666664 0.000000 0.000000 0.000000 0.000000 0
70.4382 124 DELFLY_SPEEDCTRL 1 0 0 0 0 0 0 0 0 0 0 0 0.000000 0 0 0.000000 0 0 0.000000
70.4400 124 DELFLY_STATE 0 -205 -138 -3551 0 0 1919 0 0 1919 0 0 112 0 0 337 0 6432 0.000000 5
70.4401 124 RPM_SENSOR 0 0 106.666664 0.000000 0.000000 0.000000 0.000000 0
70.4401 124 DELFLY_SPEEDCTRL 1 0 0 0 0 1919 0 0 0 0 0 0 0.000000 0 0 0.000000 0 0 0.000000
70.4419 124 DELFLY_GUIDANCE 0 0 0 0 0 0 0 0 0 0 0 0 0 0 0 0 0 0 0 0 0
70.4439 124 DELFLY_FLAPCONTROL 0.000000 0.000000 0.000000 0 0.000000 0
70.4439 124 RPM_SENSOR 0 0 106.666664 0.000000 0.000000 0.000000 0.000000 0
70.4440 124 DELFLY_SPEEDCTRL 1 0 0 0 0 1919 0 0 0 0 0 0 0.000000 0 0 0.000000 0 0 0.000000
70.4460 124 STAB_ATTITUDE_INT 8 -19 -16 0 -70 337 0 0 0 0 0 0 0 0 0 0 0 0 0 0 0
70.4461 124 RPM_SENSOR 0 0 106.666664 0.000000 0.000000 0.000000 0.000000 0
70.4461 124 DELFLY_SPEEDCTRL 1 0 0 0 0 1919 0 0 0 0 0 0 0.000000 0 0 0.000000 0 0 0.000000
70.4478 124 DELFLY_STATEESTIMATION 3 0 0.033333 10.000000 0 -205 -138 -3551 0 0 1919 -205 -138 -3551 0 0 0 132 59 161
70.4479 124 RPM_SENSOR 0 0 106.666664 0.000000 0.000000 0.000000 0.000000 0
70.4497 124 RPM_SENSOR 0 0 106.666664 0.000000 0.000000 0.000000 0.000000 0
70.4517 124 RPM_SENSOR 0 0 106.666664 0.000000 0.000000 0.000000 0.000000 0
70.4517 124 DELFLY_SPEEDCTRL 1 0 0 0 0 1919 0 0 0 0 0 0 0.000000 0 0 0.000000 0 0 0.000000
70.4536 124 RPM_SENSOR 0 0 106.666664 0.000000 0.000000 0.000000 0.000000 0
70.4537 124 DELFLY_SPEEDCTRL 1 0 0 0 0 1919 0 0 0 0 0 0 0.000000 0 0 0.000000 0 0 0.000000
70.4557 124 ROTORCRAFT_FP -4 -6 110 0 0 -1919 0 -70 337 5 256 512 0 0 0
70.4558 124 DELFLY_SPEEDCTRL_GAINS 0 18829 11115 12.589200 -485 -777 -0.022700 -1259 117 0.003400
70.4558 124 STAB_ATTITUDE_INT 5 4 -22 0 -70 337 0 0 0 0 0 0 0 0 0 0 0 0 0 0 0
70.4560 124 RPM_SENSOR 0 0 106.666664 0.000000 0.000000 0.000000 0.000000 0
70.4615 124 DELFLY_GUIDANCE 0 0 0 0 0 0 0 0 0 0 0 0 0 0 0 0 0 0 0 0 0
70.4616 124 RPM_SENSOR 0 0 106.666664 0.000000 0.000000 0.000000 0.000000 0
70.4616 124 DELFLY_SPEEDCTRL 1 0 0 0 0 1919 0 0 0 0 0 0 0.000000 0 0 0.000000 0 0 0.000000
70.4634 124 DELFLY_FLAPCONTROL 0.000000 0.000000 0.000000 0 0.000000 0
70.4634 124 RPM_SENSOR 0 0 106.666664 0.000000 0.000000 0.000000 0.000000 0
70.4635 124 DELFLY_SPEEDCTRL 1 0 0 0 0 1919 0 0 0 0 0 0 0.000000 0 0 0.000000 0 0 0.000000
70.4654 124 STAB_ATTITUDE_INT 3 -32 5 0 -70 337 0 0 0 0 0 0 0 0 0 0 0 0 0 0 0
70.4656 124 RPM_SENSOR 0 0 106.666664 0.000000 0.000000 0.000000 0.000000 0
70.4694 124 RPM_SENSOR 0 0 106.666664 0.000000 0.000000 0.000000 0.000000 0
70.4694 124 DELFLY_SPEEDCTRL 1 0 0 0 0 1919 0 0 0 0 0 0 0.000000 0 0 0.000000 0 0 0.000000
70.4719 124 GPS_DIAGNOSTICS 1 410 29.748624 0.033615 33615 -3 -2 -42 -205 -138 -3551
70.4721 124 RPM_SENSOR 0 0 106.666664 0.000000 0.000000 0.000000 0.000000 0
70.4721 124 DELFLY_SPEEDCTRL 1 0 0 0 0 1919 0 0 0 0 0 0 0.000000 0 0 0.000000 0 0 0.000000
70.4732 124 RPM_SENSOR 0 0 106.666664 0.000000 0.000000 0.000000 0.000000 0
70.4732 124 DELFLY_SPEEDCTRL 1 0 0 0 0 1919 0 0 0 0 0 0 0.000000 0 0 0.000000 0 0 0.000000
70.4771 124 DELFLY_STATEESTIMATION 3 0 0.033333 10.000000 0 -205 -138 -3551 0 0 0 -205 -138 -3551 0 0 0 223 -31 194
70.4772 124 RPM_SENSOR 0 0 106.666664 0.000000 0.000000 0.000000 0.000000 0
70.4772 124 DELFLY_SPEEDCTRL 1 0 0 0 0 0 0 0 0 0 0 0 0.000000 0 0 0.000000 0 0 0.000000
70.4790 124 DELFLY_STATE 0 -205 -138 -3551 0 0 0 0 0 0 0 0 -112 0 0 338 0 6432 0.000000 5
70.4791 124 RPM_SENSOR 0 0 106.666664 0.000000 0.000000 0.000000 0.000000 0
70.4792 124 DELFLY_SPEEDCTRL 1 0 0 0 0 0 0 0 0 0 0 0 0.000000 0 0 0.000000 0 0 0.000000
70.4810 124 DELFLY_GUIDANCE 0 0 0 0 0 0 0 0 0 0 0 0 0 0 0 0 0 0 0 0 0
70.4830 124 DELFLY_FLAPCONTROL 0.000000 0.000000 0.000000 0 0.000000 0
70.4830 124 RPM_SENSOR 0 0 106.666664 0.000000 0.000000 0.000000 0.000000 0
70.4831 124 DELFLY_SPEEDCTRL 1 0 0 0 0 0 0 0 0 0 0 0 0.000000 0 0 0.000000 0 0 0.000000
70.4850 124 STAB_ATTITUDE_INT -3 -26 -2 0 -70 338 0 0 0 0 0 0 0 0 0 0 0 0 0 0 0
70.4851 124 RPM_SENSOR 0 0 106.666664 0.000000 0.000000 0.000000 0.000000 0
70.4852 124 DELFLY_SPEEDCTRL 1 0 0 0 0 0 0 0 0 0 0 0 0.000000 0 0 0.000000 0 0 0.000000
70.4868 124 DELFLY_STATEESTIMATION 3 0 0.033333 10.000000 0 -205 -138 -3551 0 0 0 -205 -138 -3551 0 0 0 219 14 178
70.4869 124 RPM_SENSOR 0 0 106.666664 0.000000 0.000000 0.000000 0.000000 0
70.4908 124 RPM_SENSOR 0 0 106.666664 0.000000 0.000000 0.000000 0.000000 0
70.4908 124 DELFLY_SPEEDCTRL 1 0 0 0 0 0 0 0 0 0 0 0 0.000000 0 0 0.000000 0 0 0.000000
70.4927 124 RPM_SENSOR 0 0 106.666664 0.000000 0.000000 0.000000 0.000000 0
70.4927 124 DELFLY_SPEEDCTRL 1 0 0 0 0 0 0 0 0 0 0 0 0.000000 0 0 0.000000 0 0 0.000000
70.4947 124 STAB_ATTITUDE_INT 9 17 -30 0 -70 338 0 0 0 0 0 0 0 0 0 0 0 0 0 0 0
70.4949 124 RPM_SENSOR 0 0 106.666664 0.000000 0.000000 0.000000 0.000000 0
70.4949 124 DELFLY_SPEEDCTRL 1 0 0 0 0 0 0 0 0 0 0 0 0.000000 0 0 0.000000 0 0 0.000000
70.5006 124 RPM_SENSOR 0 0 106.666664 0.000000 0.000000 0.000000 0.000000 0
70.5007 124 DELFLY_SPEEDCTRL 1 0 0 0 0 0 0 0 0 0 0 0 0.000000 0 0 0.000000 0 0 0.000000
70.5032 124 GPS_DIAGNOSTICS 1 411 28.600029 0.034965 34965 -3 -2 -42 -205 -138 -3552
70.5033 124 DELFLY_FLAPCONTROL 0.000000 0.000000 0.000000 0 0.000000 0
70.5033 124 RPM_SENSOR 0 0 106.666664 0.000000 0.000000 0.000000 0.000000 0
70.5034 124 DELFLY_SPEEDCTRL 1 0 0 0 0 0 0 0 0 0 0 0 0.000000 0 0 0.000000 0 0 0.000000
70.5085 124 RPM_SENSOR 0 0 106.666664 0.000000 0.000000 0.000000 0.000000 0
70.5085 124 DELFLY_SPEEDCTRL 1 0 0 0 0 -1919 0 0 0 0 0 0 0.000000 0 0 0.000000 0 0 0.000000
70.5103 124 RPM_SENSOR 0 0 106.666664 0.000000 0.000000 0.000000 0.000000 0
70.5103 124 DELFLY_SPEEDCTRL 1 0 0 0 0 -1919 0 0 0 0 0 0 0.000000 0 0 0.000000 0 0 0.000000
70.5122 124 RPM_SENSOR 0 0 106.666664 0.000000 0.000000 0.000000 0.000000 0
70.5123 124 DELFLY_SPEEDCTRL 1 0 0 0 0 -1919 0 0 0 0 0 0 0.000000 0 0 0.000000 0 0 0.000000
70.5143 124 RPM_SENSOR 0 0 106.666664 0.000000 0.000000 0.000000 0.000000 0
70.5162 124 DELFLY_STATEESTIMATION 3 0 0.033333 10.000000 0 -205 -138 -3552 0 0 -1919 -205 -138 -3552 0 0 0 149 -42 246
70.5163 124 RPM_SENSOR 0 0 106.666664 0.000000 0.000000 0.000000 0.000000 0
70.5163 124 DELFLY_SPEEDCTRL 1 0 0 0 0 -1919 0 0 0 0 0 0 0.000000 0 0 0.000000 0 0 0.000000
70.5181 124 DELFLY_STATE 0 -205 -138 -3552 0 0 -1919 0 0 -1919 0 0 -112 0 0 339 0 6432 0.000000 5
70.5182 124 RPM_SENSOR 0 0 106.666664 0.000000 0.000000 0.000000 0.000000 0
70.5182 124 DELFLY_SPEEDCTRL 1 0 0 0 0 -1919 0 0 0 0 0 0 0.000000 0 0 0.000000 0 0 0.000000
70.5200 124 DELFLY_GUIDANCE 0 0 0 0 0 0 0 0 0 0 0 0 0 0 0 0 0 0 0 0 0
70.5241 124 STAB_ATTITUDE_INT -9 -39 -14 0 -70 339 0 0 0 0 0 0 0 0 0 0 0 0 0 0 0
70.5242 124 RPM_SENSOR 0 0 106.666664 0.000000 0.000000 0.000000 0.000000 0
70.5242 124 DELFLY_SPEEDCTRL 1 0 0 0 0 -1919 0 0 0 0 0 0 0.000000 0 0 0.000000 0 0 0.000000
70.5259 124 DELFLY_STATEESTIMATION 3 0 0.033333 10.000000 0 -205 -138 -3552 0 0 -1919 -205 -138 -3552 0 0 0 130 16 129
70.5260 124 RPM_SENSOR 0 0 106.666664 0.000000 0.000000 0.000000 0.000000 0
70.5261 124 DELFLY_SPEEDCTRL 1 0 0 0 0 -1919 0 0 0 0 0 0 0.000000 0 0 0.000000 0 0 0.000000
70.5298 124 RPM_SENSOR 0 0 106.666664 0.000000 0.000000 0.000000 0.000000 0
70.5299 124 DELFLY_SPEEDCTRL 1 0 0 0 0 -1919 0 0 0 0 0 0 0.000000 0 0 0.000000 0 0 0.000000
70.5317 124 RPM_SENSOR 0 0 106.666664 0.000000 0.000000 0.000000 0.000000 0
70.5318 124 DELFLY_SPEEDCTRL 1 0 0 0 0 -1919 0 0 0 0 0 0 0.000000 0 0 0.000000 0 0 0.000000
70.5338 124 STAB_ATTITUDE_INT 5 13 -32 0 -70 339 0 0 0 0 0 0 0 0 0 0 0 0 0 0 0
70.5339 124 RPM_SENSOR 0 0 106.666664 0.000000 0.000000 0.000000 0.000000 0
70.5340 124 DELFLY_SPEEDCTRL 1 0 0 0 0 -1919 0 0 0 0 0 0 0.000000 0 0 0.000000 0 0 0.000000
70.5356 124 RPM_SENSOR 0 0 106.666664 0.000000 0.000000 0.000000 0.000000 0
70.5396 124 DELFLY_GUIDANCE 0 0 0 0 0 0 0 0 0 0 0 0 0 0 0 0 0 0 0 0 0
70.5397 124 RPM_SENSOR 0 0 106.666664 0.000000 0.000000 0.000000 0.000000 0
70.5397 124 DELFLY_SPEEDCTRL 1 0 0 0 0 -1919 0 0 0 0 0 0 0.000000 0 0 0.000000 0 0 0.000000
70.5415 124 DELFLY_FLAPCONTROL 0.000000 0.000000 0.000000 0 0.000000 0
70.5416 124 RPM_SENSOR 0 0 106.666664 0.000000 0.000000 0.000000 0.000000 0
70.5416 124 DELFLY_SPEEDCTRL 1 0 0 0 0 0 0 0 0 0 0 0 0.000000 0 0 0.000000 0 0 0.000000
70.5436 124 STAB_ATTITUDE_INT -9 -40 -3 0 -70 340 0 0 0 0 0 0 0 0 0 0 0 0 0 0 0
70.5437 124 RPM_SENSOR 0 0 106.666664 0.000000 0.000000 0.000000 0.000000 0
70.5474 124 DELFLY_STATE 0 -205 -138 -3552 0 0 0 0 0 0 0 0 112 0 0 340 0 6432 0.000000 5
70.5475 124 RPM_SENSOR 0 0 106.666664 0.000000 0.000000 0.000000 0.000000 0
70.5476 124 DELFLY_SPEEDCTRL 1 0 0 0 0 0 0 0 0 0 0 0 0.000000 0 0 0.000000 0 0 0.000000
70.5493 124 RPM_SENSOR 0 0 106.666664 0.000000 0.000000 0.000000 0.000000 0
70.5494 124 DELFLY_SPEEDCTRL 1 0 0 0 0 0 0 0 0 0 0 0 0.000000 0 0 0.000000 0 0 0.000000
70.5513 124 RPM_SENSOR 0 0 106.666664 0.000000 0.000000 0.000000 0.000000 0
70.5513 124 DELFLY_SPEEDCTRL 1 0 0 0 0 0 0 0 0 0 0 0 0.000000 0 0 0.000000 0 0 0.000000
70.5554 124 DELFLY_SPEEDCTRL_GAINS 0 18829 11115 12.589200 -485 -777 -0.022700 -1259 117 0.003400
70.5555 124 DELFLY_STATEESTIMATION 3 0 0.033333 10.000000 0 -205 -138 -3552 0 0 0 -205 -138 -3552 0 0 0 307 -8 280
70.5556 124 RPM_SENSOR 0 0 106.666664 0.000000 0.000000 0.000000 0.000000 0
70.5556 124 DELFLY_SPEEDCTRL 1 0 0 0 0 0 0 0 0 0 0 0 0.000000 0 0 0.000000 0 0 0.000000
70.5571 124 DELFLY_STATE 0 -205 -138 -3552 0 0 0 0 0 0 0 0 112 0 0 340 0 6432 0.000000 5
70.5573 124 RPM_SENSOR 0 0 106.666664 0.000000 0.000000 0.000000 0.000000 0
70.5591 124 RPM_SENSOR 0 0 106.666664 0.000000 0.000000 0.000000 0.000000 0
70.5611 124 DELFLY_FLAPCONTROL 0.000000 0.000000 0.000000 0 0.000000 0
70.5611 124 RPM_SENSOR 0 0 106.666664 0.000000 0.000000 0.000000 0.000000 0
70.5612 124 DELFLY_SPEEDCTRL 1 0 0 0 0 0 0 0 0 0 0 0 0.000000 0 0 0.000000 0 0 0.000000
70.5631 124 STAB_ATTITUDE_INT -13 -21 -11 0 -70 340 0 0 0 0 0 0 0 0 0 0 0 0 0 0 0
70.5632 124 RPM_SENSOR 0 0 106.666664 0.000000 0.000000 0.000000 0.000000 0
70.5633 124 DELFLY_SPEEDCTRL 1 0 0 0 0 0 0 0 0 0 0 0 0.000000 0 0 0.000000 0 0 0.000000
70.5649 124 DELFLY_STATEESTIMATION 3 0 0.033333 10.000000 0 -205 -138 -3552 0 0 0 -205 -138 -3552 0 0 0 163 -1 206
70.5651 124 RPM_SENSOR 0 0 106.666664 0.000000 0.000000 0.000000 0.000000 0
70.5669 124 RPM_SENSOR 0 0 106.666664 0.000000 0.000000 0.000000 0.000000 0
70.5689 124 RPM_SENSOR 0 0 106.666664 0.000000 0.000000 0.000000 0.000000 0
70.5689 124 DELFLY_SPEEDCTRL 1 0 0 0 0 0 0 0 0 0 0 0 0.000000 0 0 0.000000 0 0 0.000000
70.5704 124 GPS_DIAGNOSTICS 1 413 29.640168 0.033738 33738 -3 -2 -42 -205 -138 -3552
70.5708 124 RPM_SENSOR 0 0 106.666664 0.000000 0.000000 0.000000 0.000000 0
70.5709 124 DELFLY_SPEEDCTRL 1 0 0 0 0 0 0 0 0 0 0 0 0.000000 0 0 0.000000 0 0 0.000000
70.5728 124 STAB_ATTITUDE_INT 8 3 -10 0 -70 341 0 0 0 0 0 0 0 0 0 0 0 0 0 0 0
70.5730 124 RPM_SENSOR 0 0 106.666664 0.000000 0.000000 0.000000 0.000000 0
70.5768 124 RPM_SENSOR 0 0 106.666664 0.000000 0.000000 0.000000 0.000000 0
70.5769 124 DELFLY_SPEEDCTRL 1 0 0 0 0 0 0 0 0 0 0 0 0.000000 0 0 0.000000 0 0 0.000000
70.5786 124 DELFLY_GUIDANCE 0 0 0 0 0 0 0 0 0 0 0 0 0 0 0 0 0 0 0 0 0
70.5787 124 RPM_SENSOR 0 0 106.666664 0.000000 0.000000 0.000000 0.000000 0
70.5788 124 DELFLY_SPEEDCTRL 1 0 0 0 0 0 0 0 0 0 0 0 0.000000 0 0 0.000000 0 0 0.000000
70.5806 124 DELFLY_FLAPCONTROL 0.000000 0.000000 0.000000 0 0.000000 0
70.5806 124 RPM_SENSOR 0 0 106.666664 0.000000 0.000000 0.000000 0.000000 0
70.5827 124 STAB_ATTITUDE_INT -10 -21 -18 0 -70 341 0 0 0 0 0 0 0 0 0 0 0 0 0 0 0
70.5828 124 RPM_SENSOR 0 0 106.666664 0.000000 0.000000 0.000000 0.000000 0
70.5828 124 DELFLY_SPEEDCTRL 1 0 0 0 0 0 0 0 0 0 0 0 0.000000 0 0 0.000000 0 0 0.000000
70.5845 124 DELFLY_STATEESTIMATION 3 0 0.033333 10.000000 0 -205 -138 -3552 0 0 0 -205 -138 -3552 0 0 0 113 -13 263
70.5846 124 RPM_SENSOR 0 0 106.666664 0.000000 0.000000 0.000000 0.000000 0
70.5846 124 DELFLY_SPEEDCTRL 1 0 0 0 0 0 0 0 0 0 0 0 0.000000 0 0 0.000000 0 0 0.000000
70.5864 124 DELFLY_STATE 0 -205 -138 -3552 0 0 0 0 0 0 0 0 0 0 0 341 0 6432 0.000000 5
70.5904 124 RPM_SENSOR 0 0 106.666664 0.000000 0.000000 0.000000 0.000000 0
70.5904 124 DELFLY_SPEEDCTRL 1 0 0 0 0 0 0 0 0 0 0 0 0.000000 0 0 0.000000 0 0 0.000000
70.5924 124 STAB_ATTITUDE_INT 2 4 -8 0 -70 341 0 0 0 0 0 0 0 0 0 0 0 0 0 0 0
70.5925 124 RPM_SENSOR 0 0 106.666664 0.000000 0.000000 0.000000 0.000000 0
70.5926 124 DELFLY_SPEEDCTRL 1 0 0 0 0 0 0 0 0 0 0 0 0.000000 0 0 0.000000 0 0 0.000000
70.5943 124 DELFLY_STATEESTIMATION 3 0 0.033333 10.000000 0 -205 -138 -3552 0 0 0 -205 -138 -3552 0 0 0 206 24 287
70.5944 124 RPM_SENSOR 0 0 106.666664 0.000000 0.000000 0.000000 0.000000 0
70.5983 124 RPM_SENSOR 0 0 106.666664 0.000000 0.000000 0.000000 0.000000 0
70.5983 124 DELFLY_SPEEDCTRL 1 0 0 0 0 0 0 0 0 0 0 0 0.000000 0 0 0.000000 0 0 0.000000
70.6001 124 DELFLY_FLAPCONTROL 0.000000 0.000000 0.000000 0 0.000000 0
70.6001 124 RPM_SENSOR 0 0 106.666664 0.000000 0.000000 0.000000 0.000000 0
70.6002 124 DELFLY_SPEEDCTRL 1 0 0 0 0 0 0 0 0 0 0 0 0.000000 0 0 0.000000 0 0 0.000000
70.6022 124 STAB_ATTITUDE_INT 2 -5 -18 0 -70 341 0 0 0 0 0 0 0 0 0 0 0 0 0 0 0
70.6023 124 RPM_SENSOR 0 0 106.666664 0.000000 0.000000 0.000000 0.000000 0
70.6060 124 DELFLY_STATE 0 -205 -138 -3552 0 0 0 0 0 0 0 0 0 0 0 341 0 6432 0.000000 5
70.6061 124 RPM_SENSOR 0 0 106.666664 0.000000 0.000000 0.000000 0.000000 0
70.6062 124 DELFLY_SPEEDCTRL 1 0 0 0 0 0 0 0 0 0 0 0 0.000000 0 0 0.000000 0 0 0.000000
70.6079 124 RPM_SENSOR 0 0 106.666664 0.000000 0.000000 0.000000 0.000000 0
70.6080 124 DELFLY_SPEEDCTRL 1 0 0 0 0 0 0 0 0 0 0 0 0.000000 0 0 0.000000 0 0 0.000000
70.6099 124 RPM_SENSOR 0 0 106.666664 0.000000 0.000000 0.000000 0.000000 0
70.6099 124 DELFLY_SPEEDCTRL 1 0 0 0 0 0 0 0 0 0 0 0 0.000000 0 0 0.000000 0 0 0.000000
70.6119 124 RPM_SENSOR 0 0 106.666664 0.000000 0.000000 0.000000 0.000000 0
70.6138 124 DELFLY_STATEESTIMATION 3 0 0.033333 10.000000 0 -205 -138 -3552 0 0 0 -205 -138 -3552 0 0 0 21 -16 184
70.6139 124 RPM_SENSOR 0 0 106.666664 0.000000 0.000000 0.000000 0.000000 0
70.6140 124 DELFLY_SPEEDCTRL 1 0 0 0 0 0 0 0 0 0 0 0 0.000000 0 0 0.000000 0 0 0.000000
70.6157 124 DELFLY_STATE 0 -205 -138 -3552 0 0 0 0 0 0 0 0 0 0 0 342 0 6432 0.000000 5
70.6158 124 RPM_SENSOR 0 0 106.666664 0.000000 0.000000 0.000000 0.000000 0
70.6159 124 DELFLY_SPEEDCTRL 1 0 0 0 0 0 0 0 0 0 0 0 0.000000 0 0 0.000000 0 0 0.000000
70.6177 124 DELFLY_GUIDANCE 0 0 0 0 0 0 0 0 0 0 0 0 0 0 0 0 0 0 0 0 0
70.6178 124 RPM_SENSOR 0 0 106.666664 0.000000 0.000000 0.000000 0.000000 0
70.6217 124 STAB_ATTITUDE_INT -8 5 -17 0 -70 342 0 0 0 0 0 0 0 0 0 0 0 0 0 0 0
70.6218 124 RPM_SENSOR 0 0 106.666664 0.000000 0.000000 0.000000 0.000000 0
70.6219 124 DELFLY_SPEEDCTRL 1 0 0 0 0 0 0 0 0 0 0 0 0.000000 0 0 0.000000 0 0 0.000000
70.6235 124 DELFLY_STATEESTIMATION 3 0 0.033333 10.000000 0 -205 -138 -3552 0 0 0 -205 -138 -3552 0 0 0 241 -64 202
70.6236 124 RPM_SENSOR 0 0 106.666664 0.000000 0.000000 0.000000 0.000000 0
70.6237 124 DELFLY_SPEEDCTRL 1 0 0 0 0 0 0 0 0 0 0 0 0.000000 0 0 0.000000 0 0 0.000000
70.6255 124 DELFLY_STATE 0 -205 -138 -3552 0 0 0 0 0 0 0 0 0 0 0 342 0 6432 0.000000 5
70.6275 124 RPM_SENSOR 0 0 106.666664 0.000000 0.000000 0.000000 0.000000 0
70.6276 124 DELFLY_SPEEDCTRL 1 0 0 0 0 0 0 0 0 0 0 0 0.000000 0 0 0.000000 0 0 0.000000
70.6294 124 RPM_SENSOR 0 0 106.666664 0.000000 0.000000 0.000000 0.000000 0
70.6295 124 DELFLY_SPEEDCTRL 1 0 0 0 0 0 0 0 0 0 0 0 0.000000 0 0 0.000000 0 0 0.000000
70.6314 124 STAB_ATTITUDE_INT -10 -8 -14 0 -70 342 0 0 0 0 0 0 0 0 0 0 0 0 0 0 0
70.6316 124 RPM_SENSOR 0 0 106.666664 0.000000 0.000000 0.000000 0.000000 0
70.6316 124 DELFLY_SPEEDCTRL 1 0 0 0 0 0 0 0 0 0 0 0 0.000000 0 0 0.000000 0 0 0.000000
70.6333 124 RPM_SENSOR 0 0 106.666664 0.000000 0.000000 0.000000 0.000000 0
70.6368 124 GPS_DIAGNOSTICS 1 415 29.794714 0.033563 33563 -3 -2 -42 -205 -138 -3552
70.6372 124 DELFLY_GUIDANCE 0 0 0 0 0 0 0 0 0 0 0 0 0 0 0 0 0 0 0 0 0
70.6373 124 RPM_SENSOR 0 0 106.666664 0.000000 0.000000 0.000000 0.000000 0
70.6374 124 DELFLY_SPEEDCTRL 1 0 0 0 0 0 0 0 0 0 0 0 0.000000 0 0 0.000000 0 0 0.000000
70.6392 124 DELFLY_FLAPCONTROL 0.000000 0.000000 0.000000 0 0.000000 0
70.6392 124 RPM_SENSOR 0 0 106.666664 0.000000 0.000000 0.000000 0.000000 0
70.6393 124 DELFLY_SPEEDCTRL 1 0 0 0 0 0 0 0 0 0 0 0 0.000000 0 0 0.000000 0 0 0.000000
70.6412 124 STAB_ATTITUDE_INT 0 13 -23 0 -70 343 0 0 0 0 0 0 0 0 0 0 0 0 0 0 0
70.6431 124 DELFLY_STATEESTIMATION 3 0 0.033333 10.000000 0 -205 -138 -3552 0 0 0 -205 -138 -3552 0 0 0 208 4 215
70.6432 124 RPM_SENSOR 0 0 106.666664 0.000000 0.000000 0.000000 0.000000 0
70.6433 124 DELFLY_SPEEDCTRL 1 0 0 0 0 0 0 0 0 0 0 0 0.000000 0 0 0.000000 0 0 0.000000
70.6450 124 DELFLY_STATE 0 -205 -138 -3552 0 0 0 0 0 0 0 0 0 0 0 343 0 6432 0.000000 5
70.6451 124 RPM_SENSOR 0 0 106.666664 0.000000 0.000000 0.000000 0.000000 0
70.6452 124 DELFLY_SPEEDCTRL 1 0 0 0 0 0 0 0 0 0 0 0 0.000000 0 0 0.000000 0 0 0.000000
70.6470 124 RPM_SENSOR 0 0 106.666664 0.000000 0.000000 0.000000 0.000000 0
70.6489 124 RPM_SENSOR 0 0 106.666664 0.000000 0.000000 0.000000 0.000000 0
70.6490 124 DELFLY_SPEEDCTRL 1 0 0 0 0 0 0 0 0 0 0 0 0.000000 0 0 0.000000 0 0 0.000000
70.6510 124 STAB_ATTITUDE_INT -1 -13 -14 0 -70 343 0 0 0 0 0 0 0 0 0 0 0 0 0 0 0
70.6511 124 RPM_SENSOR 0 0 106.666664 0.000000 0.000000 0.000000 0.000000 0
70.6512 124 DELFLY_SPEEDCTRL 1 0 0 0 0 0 0 0 0 0 0 0 0.000000 0 0 0.000000 0 0 0.000000
70.6529 124 DELFLY_STATEESTIMATION 3 0 0.033333 10.000000 0 -205 -138 -3552 0 0 0 -205 -138 -3552 0 0 0 103 -62 124
70.6530 124 RPM_SENSOR 0 0 106.666664 0.000000 0.000000 0.000000 0.000000 0
70.6530 124 DELFLY_SPEEDCTRL 1 0 0 0 0 0 0 0 0 0 0 0 0.000000 0 0 0.000000 0 0 0.000000
70.6569 124 RPM_SENSOR 0 0 106.666664 0.000000 0.000000 0.000000 0.000000 0
70.6569 124 DELFLY_SPEEDCTRL 1 0 0 0 0 0 0 0 0 0 0 0 0.000000 0 0 0.000000 0 0 0.000000
70.6587 124 ROTORCRAFT_STATUS 0 0 0 45 3 0 0 0 0 0 38 70
70.6587 124 DELFLY_FLAPCONTROL 0.000000 0.000000 0.000000 0 0.000000 0
70.6588 124 RPM_SENSOR 0 0 106.666664 0.000000 0.000000 0.000000 0.000000 0
70.6588 124 DELFLY_SPEEDCTRL 1 0 0 0 0 0 0 0 0 0 0 0 0.000000 0 0 0.000000 0 0 0.000000
70.6607 124 STAB_ATTITUDE_INT -4 21 -11 0 -70 343 0 0 0 0 0 0 0 0 0 0 0 0 0 0 0
70.6626 124 DELFLY_STATEESTIMATION 3 0 0.033333 10.000000 0 -205 -138 -3552 0 0 0 -205 -138 -3552 0 0 0 77 -34 135
70.6628 124 RPM_SENSOR 0 0 106.666664 0.000000 0.000000 0.000000 0.000000 0
70.6628 124 DELFLY_SPEEDCTRL 1 0 0 0 0 0 0 0 0 0 0 0 0.000000 0 0 0.000000 0 0 0.000000
70.6646 124 DELFLY_STATE 0 -205 -138 -3552 0 0 0 0 0 0 0 0 0 0 0 343 0 6432 0.000000 5
70.6647 124 RPM_SENSOR 0 0 106.666664 0.000000 0.000000 0.000000 0.000000 0
70.6647 124 DELFLY_SPEEDCTRL 1 0 0 0 0 0 0 0 0 0 0 0 0.000000 0 0 0.000000 0 0 0.000000
70.6665 124 RPM_SENSOR 0 0 106.666664 0.000000 0.000000 0.000000 0.000000 0
70.6666 124 DELFLY_SPEEDCTRL 1 0 0 0 0 0 0 0 0 0 0 0 0.000000 0 0 0.000000 0 0 0.000000
70.6704 124 GPS_DIAGNOSTICS 1 416 30.399757 0.032895 32895 -3 -2 -42 -205 -138 -3551
70.6707 124 STAB_ATTITUDE_INT -10 -26 -9 0 -70 343 0 0 0 0 0 0 0 0 0 0 0 0 0 0 0
70.6708 124 RPM_SENSOR 0 0 106.666664 0.000000 0.000000 0.000000 0.000000 0
70.6708 124 DELFLY_SPEEDCTRL 1 0 0 0 0 0 0 0 0 0 0 0 0.000000 0 0 0.000000 0 0 0.000000
70.6724 124 DELFLY_STATEESTIMATION 3 0 0.033333 10.000000 0 -205 -138 -3551 0 0 1919 -205 -138 -3551 0 0 0 196 15 194
70.6725 124 RPM_SENSOR 0 0 106.666664 0.000000 0.000000 0.000000 0.000000 0
70.6725 124 DELFLY_SPEEDCTRL 1 0 0 0 0 0 0 0 0 0 0 0 0.000000 0 0 0.000000 0 0 0.000000
70.6764 124 RPM_SENSOR 0 0 106.666664 0.000000 0.000000 0.000000 0.000000 0
70.6765 124 DELFLY_SPEEDCTRL 1 0 0 0 0 1919 0 0 0 0 0 0 0.000000 0 0 0.000000 0 0 0.000000
70.6782 124 DELFLY_FLAPCONTROL 0.000000 0.000000 0.000000 0 0.000000 0
70.6783 124 RPM_SENSOR 0 0 106.666664 0.000000 0.000000 0.000000 0.000000 0
70.6783 124 DELFLY_SPEEDCTRL 1 0 0 0 0 1919 0 0 0 0 0 0 0.000000 0 0 0.000000 0 0 0.000000
70.6803 124 STAB_ATTITUDE_INT 19 19 -10 0 -70 344 0 0 0 0 0 0 0 0 0 0 0 0 0 0 0
70.6804 124 RPM_SENSOR 0 0 106.666664 0.000000 0.000000 0.000000 0.000000 0
70.6841 124 DELFLY_STATE 0 -205 -138 -3551 0 0 1919 0 0 1919 0 0 112 0 0 344 0 6432 0.000000 5
70.6842 124 RPM_SENSOR 0 0 106.666664 0.000000 0.000000 0.000000 0.000000 0
70.6843 124 DELFLY_SPEEDCTRL 1 0 0 0 0 1919 0 0 0 0 0 0 0.000000 0 0 0.000000 0 0 0.000000
70.6861 124 RPM_SENSOR 0 0 106.666664 0.000000 0.000000 0.000000 0.000000 0
70.6861 124 DELFLY_SPEEDCTRL 1 0 0 0 0 1919 0 0 0 0 0 0 0.000000 0 0 0.000000 0 0 0.000000
70.6880 124 RPM_SENSOR 0 0 106.666664 0.000000 0.000000 0.000000 0.000000 0
70.6881 124 DELFLY_SPEEDCTRL 1 0 0 0 0 1919 0 0 0 0 0 0 0.000000 0 0 0.000000 0 0 0.000000
70.6900 124 RPM_SENSOR 0 0 106.666664 0.000000 0.000000 0.000000 0.000000 0
70.6919 124 DELFLY_STATEESTIMATION 3 0 0.033333 10.000000 0 -205 -138 -3551 0 0 1919 -205 -138 -3551 0 0 0 114 -14 274
70.6920 124 RPM_SENSOR 0 0 106.666664 0.000000 0.000000 0.000000 0.000000 0
70.6921 124 DELFLY_SPEEDCTRL 1 0 0 0 0 1919 0 0 0 0 0 0 0.000000 0 0 0.000000 0 0 0.000000
70.6939 124 DELFLY_STATE 0 -205 -138 -3551 0 0 1919 0 0 1919 0 0 112 0 0 344 0 6432 0.000000 5
70.6940 124 RPM_SENSOR 0 0 106.666664 0.000000 0.000000 0.000000 0.000000 0
70.6940 124 DELFLY_SPEEDCTRL 1 0 0 0 0 1919 0 0 0 0 0 0 0.000000 0 0 0.000000 0 0 0.000000
70.6959 124 DELFLY_GUIDANCE 0 0 0 0 0 0 0 0 0 0 0 0 0 0 0 0 0 0 0 0 0
70.6960 124 RPM_SENSOR 0 0 106.666664 0.000000 0.000000 0.000000 0.000000 0
70.6998 124 STAB_ATTITUDE_INT 9 21 -19 0 -70 344 0 0 0 0 0 0 0 0 0 0 0 0 0 0 0
70.6999 124 RPM_SENSOR 0 0 106.666664 0.000000 0.000000 0.000000 0.000000 0
70.7000 124 DELFLY_SPEEDCTRL 1 0 0 0 0 1919 0 0 0 0 0 0 0.000000 0 0 0.000000 0 0 0.000000
70.7017 124 DELFLY_STATEESTIMATION 3 0 0.033333 10.000000 0 -205 -138 -3551 0 0 1919 -205 -138 -3551 0 0 0 216 -44 207
70.7018 124 RPM_SENSOR 0 0 106.666664 0.000000 0.000000 0.000000 0.000000 0
70.7018 124 DELFLY_SPEEDCTRL 1 0 0 0 0 1919 0 0 0 0 0 0 0.000000 0 0 0.000000 0 0 0.000000
70.7034 124 GPS_DIAGNOSTICS 1 417 29.747739 0.033616 33616 -3 -2 -42 -205 -138 -3552
70.7057 124 DELFLY_SPEEDCTRL 1 0 0 0 0 -1919 0 0 0 0 0 0 0.000000 0 0 0.000000 0 0 0.000000
70.7075 124 RPM_SENSOR 0 0 106.666664 0.000000 0.000000 0.000000 0.000000 0
70.7076 124 DELFLY_SPEEDCTRL 1 0 0 0 0 -1919 0 0 0 0 0 0 0.000000 0 0 0.000000 0 0 0.000000
70.7096 124 STAB_ATTITUDE_INT -10 -21 -18 0 -70 345 0 0 0 0 0 0 0 0 0 0 0 0 0 0 0
70.7097 124 RPM_SENSOR 0 0 106.666664 0.000000 0.000000 0.000000 0.000000 0
70.7097 124 DELFLY_SPEEDCTRL 1 0 0 0 0 -1919 0 0 0 0 0 0 0.000000 0 0 0.000000 0 0 0.000000
70.7114 124 RPM_SENSOR 0 0 106.666664 0.000000 0.000000 0.000000 0.000000 0
70.7154 124 DELFLY_GUIDANCE 0 0 0 0 0 0 0 0 0 0 0 0 0 0 0 0 0 0 0 0 0
70.7155 124 RPM_SENSOR 0 0 106.666664 0.000000 0.000000 0.000000 0.000000 0
70.7155 124 DELFLY_SPEEDCTRL 1 0 0 0 0 -1919 0 0 0 0 0 0 0.000000 0 0 0.000000 0 0 0.000000
70.7173 124 DELFLY_FLAPCONTROL 0.000000 0.000000 0.000000 0 0.000000 0
70.7173 124 RPM_SENSOR 0 0 106.666664 0.000000 0.000000 0.000000 0.000000 0
70.7174 124 DELFLY_SPEEDCTRL 1 0 0 0 0 -1919 0 0 0 0 0 0 0.000000 0 0 0.000000 0 0 0.000000
70.7193 124 STAB_ATTITUDE_INT 2 8 -27 0 -70 345 0 0 0 0 0 0 0 0 0 0 0 0 0 0 0
70.7194 124 RPM_SENSOR 0 0 106.666664 0.000000 0.000000 0.000000 0.000000 0
70.7232 124 DELFLY_STATE 0 -205 -138 -3552 0 0 -1919 0 0 -1919 0 0 -224 0 0 345 0 6432 0.000000 5
70.7233 124 RPM_SENSOR 0 0 106.666664 0.000000 0.000000 0.000000 0.000000 0
70.7233 124 DELFLY_SPEEDCTRL 1 0 0 0 0 -1919 0 0 0 0 0 0 0.000000 0 0 0.000000 0 0 0.000000
70.7251 124 RPM_SENSOR 0 0 106.666664 0.000000 0.000000 0.000000 0.000000 0
70.7252 124 DELFLY_SPEEDCTRL 1 0 0 0 0 -1919 0 0 0 0 0 0 0.000000 0 0 0.000000 0 0 0.000000
70.7271 124 RPM_SENSOR 0 0 106.666664 0.000000 0.000000 0.000000 0.000000 0
70.7271 124 DELFLY_SPEEDCTRL 1 0 0 0 0 -1919 0 0 0 0 0 0 0.000000 0 0 0.000000 0 0 0.000000
70.7291 124 RPM_SENSOR 0 0 106.666664 0.000000 0.000000 0.000000 0.000000 0
70.7310 124 DELFLY_STATEESTIMATION 3 0 0.033333 10.000000 0 -205 -138 -3552 0 0 -1919 -205 -138 -3552 0 0 0 177 -25 188
70.7311 124 RPM_SENSOR 0 0 106.666664 0.000000 0.000000 0.000000 0.000000 0
70.7311 124 DELFLY_SPEEDCTRL 1 0 0 0 0 -1919 0 0 0 0 0 0 0.000000 0 0 0.000000 0 0 0.000000
70.7329 124 DELFLY_STATE 0 -205 -138 -3552 0 0 -1919 0 0 -1919 0 0 -224 0 0 344 0 6432 0.000000 5
70.7330 124 RPM_SENSOR 0 0 106.666664 0.000000 0.000000 0.000000 0.000000 0
70.7331 124 DELFLY_SPEEDCTRL 1 0 0 0 0 -1919 0 0 0 0 0 0 0.000000 0 0 0.000000 0 0 0.000000
70.7349 124 DELFLY_GUIDANCE 0 0 0 0 0 0 0 0 0 0 0 0 0 0 0 0 0 0 0 0 0
70.7350 124 RPM_SENSOR 0 0 106.666664 0.000000 0.000000 0.000000 0.000000 0
70.7389 124 STAB_ATTITUDE_INT 3 8 -18 0 -70 346 0 0 0 0 0 0 0 0 0 0 0 0 0 0 0
70.7390 124 RPM_SENSOR 0 0 106.666664 0.000000 0.000000 0.000000 0.000000 0
70.7391 124 DELFLY_SPEEDCTRL 1 0 0 0 0 -1919 0 0 0 0 0 0 0.000000 0 0 0.000000 0 0 0.000000
70.7407 124 DELFLY_STATEESTIMATION 3 0 0.033333 10.000000 0 -205 -138 -3552 0 0 0 -205 -138 -3552 0 0 0 223 -86 230
70.7408 124 RPM_SENSOR 0 0 106.666664 0.000000 0.000000 0.000000 0.000000 0
70.7409 124 DELFLY_SPEEDCTRL 1 0 0 0 0 0 0 0 0 0 0 0 0.000000 0 0 0.000000 0 0 0.000000
70.7427 124 DELFLY_STATE 0 -205 -138 -3552 0 0 0 0 0 0 0 0 112 0 0 346 0 6432 0.000000 5
70.7466 124 RPM_SENSOR 0 0 106.666664 0.000000 0.000000 0.000000 0.000000 0
70.7467 124 DELFLY_SPEEDCTRL 1 0 0 0 0 0 0 0 0 0 0 0 0.000000 0 0 0.000000 0 0 0.000000
70.7486 124 STAB_ATTITUDE_INT -5 -12 -26 0 -70 346 0 0 0 0 0 0 0 0 0 0 0 0 0 0 0
70.7488 124 RPM_SENSOR 0 0 106.666664 0.000000 0.000000 0.000000 0.000000 0
70.7488 124 DELFLY_SPEEDCTRL 1 0 0 0 0 0 0 0 0 0 0 0 0.000000 0 0 0.000000 0 0 0.000000
70.7505 124 DELFLY_STATEESTIMATION 3 0 0.033333 10.000000 0 -205 -138 -3552 0 0 0 -205 -138 -3552 0 0 0 120 -2 217
70.7506 124 RPM_SENSOR 0 0 106.666664 0.000000 0.000000 0.000000 0.000000 0
70.7525 124 RPM_SENSOR 0 0 106.666664 0.000000 0.000000 0.000000 0.000000 0
70.7545 124 ROTORCRAFT_FP -4 -6 111 0 0 0 0 -70 346 5 256 512 0 0 0
70.7546 124 DELFLY_SPEEDCTRL_GAINS 0 18829 11115 12.589200 -485 -777 -0.022700 -1259 117 0.003400
70.7547 124 DELFLY_GUIDANCE 0 0 0 0 0 0 0 0 0 0 0 0 0 0 0 0 0 0 0 0 0
70.7548 124 RPM_SENSOR 0 0 106.666664 0.000000 0.000000 0.000000 0.000000 0
70.7549 124 DELFLY_SPEEDCTRL 1 0 0 0 0 0 0 0 0 0 0 0 0.000000 0 0 0.000000 0 0 0.000000
70.7564 124 DELFLY_FLAPCONTROL 0.000000 0.000000 0.000000 0 0.000000 0
70.7564 124 RPM_SENSOR 0 0 106.666664 0.000000 0.000000 0.000000 0.000000 0
70.7565 124 DELFLY_SPEEDCTRL 1 0 0 0 0 0 0 0 0 0 0 0 0.000000 0 0 0.000000 0 0 0.000000
70.7585 124 RPM_SENSOR 0 0 106.666664 0.000000 0.000000 0.000000 0.000000 0
70.7606 124 DELFLY_STATEESTIMATION 3 0 0.033333 10.000000 0 -205 -138 -3552 0 0 0 -205 -138 -3552 0 0 0 164 31 250
70.7607 124 RPM_SENSOR 0 0 106.666664 0.000000 0.000000 0.000000 0.000000 0
70.7607 124 DELFLY_SPEEDCTRL 1 0 0 0 0 0 0 0 0 0 0 0 0.000000 0 0 0.000000 0 0 0.000000
70.7622 124 DELFLY_STATE 0 -205 -138 -3552 0 0 0 0 0 0 0 0 112 0 0 346 0 6432 0.000000 5
70.7623 124 RPM_SENSOR 0 0 106.666664 0.000000 0.000000 0.000000 0.000000 0
70.7624 124 DELFLY_SPEEDCTRL 1 0 0 0 0 0 0 0 0 0 0 0 0.000000 0 0 0.000000 0 0 0.000000
70.7642 124 RPM_SENSOR 0 0 106.666664 0.000000 0.000000 0.000000 0.000000 0
70.7661 124 RPM_SENSOR 0 0 106.666664 0.000000 0.000000 0.000000 0.000000 0
70.7662 124 DELFLY_SPEEDCTRL 1 0 0 0 0 0 0 0 0 0 0 0 0.000000 0 0 0.000000 0 0 0.000000
70.7682 124 STAB_ATTITUDE_INT 2 8 -27 0 -70 345 0 0 0 0 0 0 0 0 0 0 0 0 0 0 0
70.7683 124 RPM_SENSOR 0 0 106.666664 0.000000 0.000000 0.000000 0.000000 0
70.7684 124 DELFLY_SPEEDCTRL 1 0 0 0 0 0 0 0 0 0 0 0 0.000000 0 0 0.000000 0 0 0.000000
70.7700 124 DELFLY_STATEESTIMATION 3 0 0.033333 10.000000 0 -205 -138 -3552 0 0 0 -205 -138 -3552 0 0 0 152 -33 264
70.7701 124 RPM_SENSOR 0 0 106.666664 0.000000 0.000000 0.000000 0.000000 0
70.7702 124 DELFLY_SPEEDCTRL 1 0 0 0 0 0 0 0 0 0 0 0 0.000000 0 0 0.000000 0 0 0.000000
70.7741 124 RPM_SENSOR 0 0 106.666664 0.000000 0.000000 0.000000 0.000000 0
70.7741 124 DELFLY_SPEEDCTRL 1 0 0 0 0 0 0 0 0 0 0 0 0.000000 0 0 0.000000 0 0 0.000000
70.7759 124 DELFLY_FLAPCONTROL 0.000000 0.000000 0.000000 0 0.000000 0
70.7759 124 RPM_SENSOR 0 0 106.666664 0.000000 0.000000 0.000000 0.000000 0
70.7760 124 DELFLY_SPEEDCTRL 1 0 0 0 0 0 0 0 0 0 0 0 0.000000 0 0 0.000000 0 0 0.000000
70.7779 124 STAB_ATTITUDE_INT -9 -5 5 0 -70 346 0 0 0 0 0 0 0 0 0 0 0 0 0 0 0
70.7781 124 RPM_SENSOR 0 0 106.666664 0.000000 0.000000 0.000000 0.000000 0
70.7818 124 DELFLY_STATE 0 -205 -138 -3552 0 0 0 0 0 0 0 0 0 0 0 346 0 6432 0.000000 5
70.7819 124 RPM_SENSOR 0 0 106.666664 0.000000 0.000000 0.000000 0.000000 0
70.7819 124 DELFLY_SPEEDCTRL 1 0 0 0 0 0 0 0 0 0 0 0 0.000000 0 0 0.000000 0 0 0.000000
70.7837 124 RPM_SENSOR 0 0 106.666664 0.000000 0.000000 0.000000 0.000000 0
70.7838 124 DELFLY_SPEEDCTRL 1 0 0 0 0 0 0 0 0 0 0 0 0.000000 0 0 0.000000 0 0 0.000000
70.7857 124 RPM_SENSOR 0 0 106.666664 0.000000 0.000000 0.000000 0.000000 0
70.7857 124 DELFLY_SPEEDCTRL 1 0 0 0 0 0 0 0 0 0 0 0 0.000000 0 0 0.000000 0 0 0.000000
70.7877 124 RPM_SENSOR 0 0 106.666664 0.000000 0.000000 0.000000 0.000000 0
70.7896 124 DELFLY_STATEESTIMATION 3 0 0.033333 10.000000 0 -205 -138 -3552 0 0 0 -205 -138 -3552 0 0 0 198 -26 190
70.7897 124 RPM_SENSOR 0 0 106.666664 0.000000 0.000000 0.000000 0.000000 0
70.7897 124 DELFLY_SPEEDCTRL 1 0 0 0 0 0 0 0 0 0 0 0 0.000000 0 0 0.000000 0 0 0.000000
70.7915 124 DELFLY_STATE 0 -205 -138 -3552 0 0 0 0 0 0 0 0 0 0 0 346 0 6432 0.000000 5
70.7916 124 RPM_SENSOR 0 0 106.666664 0.000000 0.000000 0.000000 0.000000 0
70.7917 124 DELFLY_SPEEDCTRL 1 0 0 0 0 0 0 0 0 0 0 0 0.000000 0 0 0.000000 0 0 0.000000
70.7935 124 DELFLY_GUIDANCE 0 0 0 0 0 0 0 0 0 0 0 0 0 0 0 0 0 0 0 0 0
70.7936 124 RPM_SENSOR 0 0 106.666664 0.000000 0.000000 0.000000 0.000000 0
70.7975 124 STAB_ATTITUDE_INT 2 -19 -4 0 -70 346 0 0 0 0 0 0 0 0 0 0 0 0 0 0 0
70.7976 124 RPM_SENSOR 0 0 106.666664 0.000000 0.000000 0.000000 0.000000 0
70.7977 124 DELFLY_SPEEDCTRL 1 0 0 0 0 0 0 0 0 0 0 0 0.000000 0 0 0.000000 0 0 0.000000
70.7993 124 DELFLY_STATEESTIMATION 3 0 0.033333 10.000000 0 -205 -138 -3552 0 0 0 -205 -138 -3552 0 0 0 194 -41 220
70.7994 124 RPM_SENSOR 0 0 106.666664 0.000000 0.000000 0.000000 0.000000 0
70.7995 124 DELFLY_SPEEDCTRL 1 0 0 0 0 0 0 0 0 0 0 0 0.000000 0 0 0.000000 0 0 0.000000
70.8013 124 DELFLY_STATE 0 -205 -138 -3552 0 0 0 0 0 0 0 0 0 0 0 346 0 6432 0.000000 5
70.8039 124 GPS_DIAGNOSTICS 1 420 29.041064 0.034434 34434 -3 -2 -42 -205 -139 -3551
70.8041 124 RPM_SENSOR 0 0 106.666664 0.000000 0.000000 0.000000 0.000000 0
70.8042 124 DELFLY_SPEEDCTRL 1 0 0 0 0 0 0 0 0 0 0 0 0.000000 0 0 0.000000 0 0 0.000000
70.8052 124 RPM_SENSOR 0 0 106.666664 0.000000 0.000000 0.000000 0.000000 0
70.8053 124 DELFLY_SPEEDCTRL 1 0 0 0 0 0 0 0 0 0 0 0 0.000000 0 0 0.000000 0 0 0.000000
70.8073 124 STAB_ATTITUDE_INT 7 17 -16 0 -70 347 0 0 0 0 0 0 0 0 0 0 0 0 0 0 0
70.8074 124 RPM_SENSOR 0 0 106.666664 0.000000 0.000000 0.000000 0.000000 0
70.8112 124 RPM_SENSOR 0 0 106.666664 0.000000 0.000000 0.000000 0.000000 0
70.8113 124 DELFLY_SPEEDCTRL 1 0 0 0 1919 1919 0 0 0 0 0 0 0.000000 0 0 0.000000 0 0 0.000000
70.8130 124 DELFLY_GUIDANCE 0 0 0 0 0 0 0 0 0 0 0 0 0 0 0 0 0 0 0 0 0
70.8131 124 RPM_SENSOR 0 0 106.666664 0.000000 0.000000 0.000000 0.000000 0
70.8132 124 DELFLY_SPEEDCTRL 1 0 0 0 1919 1919 0 0 0 0 0 0 0.000000 0 0 0.000000 0 0 0.000000
70.8150 124 DELFLY_FLAPCONTROL 0.000000 0.000000 0.000000 0 0.000000 0
70.8150 124 RPM_SENSOR 0 0 106.666664 0.000000 0.000000 0.000000 0.000000 0
70.8171 124 STAB_ATTITUDE_INT 2 -19 -4 0 -70 347 0 0 0 0 0 0 0 0 0 0 0 0 0 0 0
70.8172 124 RPM_SENSOR 0 0 106.666664 0.000000 0.000000 0.000000 0.000000 0
70.8172 124 DELFLY_SPEEDCTRL 1 0 0 0 1919 1919 0 0 0 0 0 0 0.000000 0 0 0.000000 0 0 0.000000
70.8189 124 DELFLY_STATEESTIMATION 3 0 0.033333 10.000000 0 -205 -139 -3551 0 -1919 1919 -205 -139 -3551 0 0 0 239 -25 307
70.8190 124 RPM_SENSOR 0 0 106.666664 0.000000 0.000000 0.000000 0.000000 0
70.8190 124 DELFLY_SPEEDCTRL 1 0 0 0 1919 1919 0 0 0 0 0 0 0.000000 0 0 0.000000 0 0 0.000000
70.8208 124 DELFLY_STATE 0 -205 -139 -3551 0 -1919 1919 0 -1919 1919 0 -112 112 1919 1919 347 0 19303 0.000000 5
70.8247 124 RPM_SENSOR 0 0 106.666664 0.000000 0.000000 0.000000 0.000000 0
70.8248 124 DELFLY_SPEEDCTRL 1 0 0 0 1919 1919 0 0 0 0 0 0 0.000000 0 0 0.000000 0 0 0.000000
70.8268 124 STAB_ATTITUDE_INT 7 13 -25 0 -70 347 0 0 0 0 0 0 0 0 0 0 0 0 0 0 0
70.8269 124 RPM_SENSOR 0 0 106.666664 0.000000 0.000000 0.000000 0.000000 0
70.8269 124 DELFLY_SPEEDCTRL 1 0 0 0 1919 1919 0 0 0 0 0 0 0.000000 0 0 0.000000 0 0 0.000000
70.8286 124 DELFLY_STATEESTIMATION 3 0 0.033333 10.000000 0 -205 -139 -3551 0 -1919 1919 -205 -139 -3551 0 0 0 19 -14 266
70.8287 124 RPM_SENSOR 0 0 106.666664 0.000000 0.000000 0.000000 0.000000 0
70.8327 124 RPM_SENSOR 0 0 106.666664 0.000000 0.000000 0.000000 0.000000 0
70.8327 124 DELFLY_SPEEDCTRL 1 0 0 0 1919 1919 0 0 0 0 0 0 0.000000 0 0 0.000000 0 0 0.000000
70.8345 124 DELFLY_FLAPCONTROL 0.000000 0.000000 0.000000 0 0.000000 0
70.8345 124 RPM_SENSOR 0 0 106.666664 0.000000 0.000000 0.000000 0.000000 0
70.8346 124 DELFLY_SPEEDCTRL 1 0 0 0 1919 1919 0 0 0 0 0 0 0.000000 0 0 0.000000 0 0 0.000000
70.8368 124 GPS_DIAGNOSTICS 1 421 30.529690 0.032755 32755 -3 -2 -42 -205 -138 -3552
70.8424 124 DELFLY_SPEEDCTRL 1 0 0 0 1919 -1919 0 0 0 0 0 0 0.000000 0 0 0.000000 0 0 0.000000
70.8442 124 RPM_SENSOR 0 0 106.666664 0.000000 0.000000 0.000000 0.000000 0
70.8443 124 DELFLY_SPEEDCTRL 1 0 0 0 1919 -1919 0 0 0 0 0 0 0.000000 0 0 0.000000 0 0 0.000000
70.8463 124 STAB_ATTITUDE_INT 2 13 -27 0 -70 348 0 0 0 0 0 0 0 0 0 0 0 0 0 0 0
70.8464 124 RPM_SENSOR 0 0 106.666664 0.000000 0.000000 0.000000 0.000000 0
70.8464 124 DELFLY_SPEEDCTRL 1 0 0 0 1919 -1919 0 0 0 0 0 0 0.000000 0 0 0.000000 0 0 0.000000
70.8482 124 RPM_SENSOR 0 0 106.666664 0.000000 0.000000 0.000000 0.000000 0
70.8521 124 DELFLY_GUIDANCE 0 0 0 0 0 0 0 0 0 0 0 0 0 0 0 0 0 0 0 0 0
70.8522 124 RPM_SENSOR 0 0 106.666664 0.000000 0.000000 0.000000 0.000000 0
70.8522 124 DELFLY_SPEEDCTRL 1 0 0 0 1919 -1919 0 0 0 0 0 0 0.000000 0 0 0.000000 0 0 0.000000
70.8541 124 ROTORCRAFT_FP -4 -6 111 1919 0 1919 0 -70 348 5 256 512 0 0 0
70.8542 124 DELFLY_SPEEDCTRL_GAINS 0 18829 11115 12.589200 -485 -777 -0.022700 -1259 117 0.003400
70.8543 124 DELFLY_FLAPCONTROL 0.000000 0.000000 0.000000 0 0.000000 0
70.8543 124 RPM_SENSOR 0 0 106.666664 0.000000 0.000000 0.000000 0.000000 0
70.8544 124 DELFLY_SPEEDCTRL 1 0 0 0 1919 -1919 0 0 0 0 0 0 0.000000 0 0 0.000000 0 0 0.000000
70.8600 124 RPM_SENSOR 0 0 106.666664 0.000000 0.000000 0.000000 0.000000 0
70.8601 124 DELFLY_SPEEDCTRL 1 0 0 0 1919 -1919 0 0 0 0 0 0 0.000000 0 0 0.000000 0 0 0.000000
70.8618 124 RPM_SENSOR 0 0 106.666664 0.000000 0.000000 0.000000 0.000000 0
70.8619 124 DELFLY_SPEEDCTRL 1 0 0 0 1919 -1919 0 0 0 0 0 0 0.000000 0 0 0.000000 0 0 0.000000
70.8638 124 RPM_SENSOR 0 0 106.666664 0.000000 0.000000 0.000000 0.000000 0
70.8638 124 DELFLY_SPEEDCTRL 1 0 0 0 1919 -1919 0 0 0 0 0 0 0.000000 0 0 0.000000 0 0 0.000000
70.8658 124 RPM_SENSOR 0 0 106.666664 0.000000 0.000000 0.000000 0.000000 0
70.8677 124 DELFLY_STATEESTIMATION 3 0 0.033333 10.000000 0 -205 -138 -3552 0 1919 -1919 -205 -138 -3552 0 0 0 142 -68 247
70.8678 124 RPM_SENSOR 0 0 106.666664 0.000000 0.000000 0.000000 0.000000 0
70.8679 124 DELFLY_SPEEDCTRL 1 0 0 0 1919 -1919 0 0 0 0 0 0 0.000000 0 0 0.000000 0 0 0.000000
70.8696 124 DELFLY_STATE 0 -205 -138 -3552 0 1919 -1919 0 1919 -1919 0 224 -224 1919 1919 348 0 6432 0.000000 5
70.8697 124 RPM_SENSOR 0 0 106.666664 0.000000 0.000000 0.000000 0.000000 0
70.8698 124 DELFLY_SPEEDCTRL 1 0 0 0 1919 -1919 0 0 0 0 0 0 0.000000 0 0 0.000000 0 0 0.000000
70.8711 124 GPS_DIAGNOSTICS 1 422 30.444181 0.032847 32847 -3 -2 -42 -205 -138 -3551
70.8716 124 RPM_SENSOR 0 0 106.666664 0.000000 0.000000 0.000000 0.000000 0
70.8756 124 STAB_ATTITUDE_INT -2 -26 -6 0 -70 349 0 0 0 0 0 0 0 0 0 0 0 0 0 0 0
70.8757 124 RPM_SENSOR 0 0 106.666664 0.000000 0.000000 0.000000 0.000000 0
70.8758 124 DELFLY_SPEEDCTRL 1 0 0 0 0 1919 0 0 0 0 0 0 0.000000 0 0 0.000000 0 0 0.000000
70.8775 124 DELFLY_STATEESTIMATION 3 0 0.033333 10.000000 0 -205 -138 -3551 0 0 1919 -205 -138 -3551 0 0 0 197 -6 200
70.8776 124 RPM_SENSOR 0 0 106.666664 0.000000 0.000000 0.000000 0.000000 0
70.8776 124 DELFLY_SPEEDCTRL 1 0 0 0 0 1919 0 0 0 0 0 0 0.000000 0 0 0.000000 0 0 0.000000
70.8794 124 DELFLY_STATE 0 -205 -138 -3551 0 0 1919 0 0 1919 0 -112 224 0 0 349 0 6432 0.000000 5
70.8834 124 RPM_SENSOR 0 0 106.666664 0.000000 0.000000 0.000000 0.000000 0
70.8834 124 DELFLY_SPEEDCTRL 1 0 0 0 0 1919 0 0 0 0 0 0 0.000000 0 0 0.000000 0 0 0.000000
70.8854 124 STAB_ATTITUDE_INT -9 1 -28 0 -70 349 0 0 0 0 0 0 0 0 0 0 0 0 0 0 0
70.8855 124 RPM_SENSOR 0 0 106.666664 0.000000 0.000000 0.000000 0.000000 0
70.8855 124 DELFLY_SPEEDCTRL 1 0 0 0 0 1919 0 0 0 0 0 0 0.000000 0 0 0.000000 0 0 0.000000
70.8872 124 DELFLY_STATEESTIMATION 3 0 0.033333 10.000000 0 -205 -138 -3551 0 0 1919 -205 -138 -3551 0 0 0 244 22 251
70.8873 124 RPM_SENSOR 0 0 106.666664 0.000000 0.000000 0.000000 0.000000 0
70.8892 124 RPM_SENSOR 0 0 106.666664 0.000000 0.000000 0.000000 0.000000 0
70.8911 124 DELFLY_GUIDANCE 0 0 0 0 0 0 0 0 0 0 0 0 0 0 0 0 0 0 0 0 0
70.8913 124 RPM_SENSOR 0 0 106.666664 0.000000 0.000000 0.000000 0.000000 0
70.8913 124 DELFLY_SPEEDCTRL 1 0 0 0 0 1919 0 0 0 0 0 0 0.000000 0 0 0.000000 0 0 0.000000
70.8931 124 DELFLY_FLAPCONTROL 0.000000 0.000000 0.000000 0 0.000000 0
70.8931 124 RPM_SENSOR 0 0 106.666664 0.000000 0.000000 0.000000 0.000000 0
70.8932 124 DELFLY_SPEEDCTRL 1 0 0 0 0 1919 0 0 0 0 0 0 0.000000 0 0 0.000000 0 0 0.000000
70.8951 124 STAB_ATTITUDE_INT -22 -30 -5 0 -70 349 0 0 0 0 0 0 0 0 0 0 0 0 0 0 0
70.8953 124 RPM_SENSOR 0 0 106.666664 0.000000 0.000000 0.000000 0.000000 0
70.8970 124 RPM_SENSOR 0 0 106.666664 0.000000 0.000000 0.000000 0.000000 0
70.8990 124 DELFLY_STATE 0 -205 -138 -3551 0 0 1919 0 0 1919 0 -112 224 0 0 349 0 6432 0.000000 5
70.8991 124 RPM_SENSOR 0 0 106.666664 0.000000 0.000000 0.000000 0.000000 0
70.8991 124 DELFLY_SPEEDCTRL 1 0 0 0 0 1919 0 0 0 0 0 0 0.000000 0 0 0.000000 0 0 0.000000
70.9009 124 RPM_SENSOR 0 0 106.666664 0.000000 0.000000 0.000000 0.000000 0
70.9009 124 DELFLY_SPEEDCTRL 1 0 0 0 0 1919 0 0 0 0 0 0 0.000000 0 0 0.000000 0 0 0.000000
70.9028 124 RPM_SENSOR 0 0 106.666664 0.000000 0.000000 0.000000 0.000000 0
70.9029 124 DELFLY_SPEEDCTRL 1 0 0 0 0 1919 0 0 0 0 0 0 0.000000 0 0 0.000000 0 0 0.000000
70.9055 124 GPS_DIAGNOSTICS 1 423 29.169827 0.034282 34282 -3 -2 -42 -205 -138 -3552
70.9068 124 DELFLY_STATEESTIMATION 3 0 0.033333 10.000000 0 -205 -138 -3552 0 0 -1919 -205 -138 -3552 0 0 0 88 10 312
70.9069 124 RPM_SENSOR 0 0 106.666664 0.000000 0.000000 0.000000 0.000000 0
70.9069 124 DELFLY_SPEEDCTRL 1 0 0 0 0 1919 0 0 0 0 0 0 0.000000 0 0 0.000000 0 0 0.000000
70.9087 124 DELFLY_STATE 0 -205 -138 -3552 0 0 -1919 0 0 -1919 0 0 -224 0 0 350 0 6432 0.000000 5
70.9088 124 RPM_SENSOR 0 0 106.666664 0.000000 0.000000 0.000000 0.000000 0
70.9089 124 DELFLY_SPEEDCTRL 1 0 0 0 0 -1919 0 0 0 0 0 0 0.000000 0 0 0.000000 0 0 0.000000
70.9107 124 DELFLY_GUIDANCE 0 0 0 0 0 0 0 0 0 0 0 0 0 0 0 0 0 0 0 0 0
70.9147 124 STAB_ATTITUDE_INT -5 -13 -16 0 -70 350 0 0 0 0 0 0 0 0 0 0 0 0 0 0 0
70.9148 124 RPM_SENSOR 0 0 106.666664 0.000000 0.000000 0.000000 0.000000 0
70.9149 124 DELFLY_SPEEDCTRL 1 0 0 0 0 -1919 0 0 0 0 0 0 0.000000 0 0 0.000000 0 0 0.000000
70.9165 124 DELFLY_STATEESTIMATION 3 0 0.033333 10.000000 0 -205 -138 -3552 0 0 -1919 -205 -138 -3552 0 0 0 151 -64 171
70.9166 124 RPM_SENSOR 0 0 106.666664 0.000000 0.000000 0.000000 0.000000 0
70.9167 124 DELFLY_SPEEDCTRL 1 0 0 0 0 -1919 0 0 0 0 0 0 0.000000 0 0 0.000000 0 0 0.000000
70.9185 124 DELFLY_STATE 0 -205 -138 -3552 0 0 -1919 0 0 -1919 0 0 -224 0 0 350 0 6432 0.000000 5
70.9224 124 RPM_SENSOR 0 0 106.666664 0.000000 0.000000 0.000000 0.000000 0
70.9224 124 DELFLY_SPEEDCTRL 1 0 0 0 0 -1919 0 0 0 0 0 0 0.000000 0 0 0.000000 0 0 0.000000
70.9244 124 STAB_ATTITUDE_INT -1 -9 -24 0 -70 350 0 0 0 0 0 0 0 0 0 0 0 0 0 0 0
70.9245 124 RPM_SENSOR 0 0 106.666664 0.000000 0.000000 0.000000 0.000000 0
70.9246 124 DELFLY_SPEEDCTRL 1 0 0 0 0 -1919 0 0 0 0 0 0 0.000000 0 0 0.000000 0 0 0.000000
70.9263 124 DELFLY_STATEESTIMATION 3 0 0.033333 10.000000 0 -205 -138 -3552 0 0 -1919 -205 -138 -3552 0 0 0 121 -17 201
70.9264 124 RPM_SENSOR 0 0 106.666664 0.000000 0.000000 0.000000 0.000000 0
70.9282 124 RPM_SENSOR 0 0 106.666664 0.000000 0.000000 0.000000 0.000000 0
70.9302 124 DELFLY_GUIDANCE 0 0 0 0 0 0 0 0 0 0 0 0 0 0 0 0 0 0 0 0 0
70.9303 124 RPM_SENSOR 0 0 106.666664 0.000000 0.000000 0.000000 0.000000 0
70.9304 124 DELFLY_SPEEDCTRL 1 0 0 0 0 -1919 0 0 0 0 0 0 0.000000 0 0 0.000000 0 0 0.000000
70.9321 124 DELFLY_FLAPCONTROL 0.000000 0.000000 0.000000 0 0.000000 0
70.9322 124 RPM_SENSOR 0 0 106.666664 0.000000 0.000000 0.000000 0.000000 0
70.9322 124 DELFLY_SPEEDCTRL 1 0 0 0 0 -1919 0 0 0 0 0 0 0.000000 0 0 0.000000 0 0 0.000000
70.9342 124 STAB_ATTITUDE_INT 0 -5 -5 0 -70 350 0 0 0 0 0 0 0 0 0 0 0 0 0 0 0
70.9343 124 RPM_SENSOR 0 0 106.666664 0.000000 0.000000 0.000000 0.000000 0
70.9360 124 RPM_SENSOR 0 0 106.666664 0.000000 0.000000 0.000000 0.000000 0
70.9381 124 DELFLY_STATE 0 -205 -138 -3552 0 0 -1919 0 0 -1919 0 0 -224 0 0 350 0 6432 0.000000 5
70.9382 124 RPM_SENSOR 0 0 106.666664 0.000000 0.000000 0.000000 0.000000 0
70.9382 124 DELFLY_SPEEDCTRL 1 0 0 0 0 -1919 0 0 0 0 0 0 0.000000 0 0 0.000000 0 0 0.000000
70.9393 124 GPS_DIAGNOSTICS 1 424 29.024206 0.034454 34454 -3 -2 -42 -205 -138 -3552
70.9400 124 RPM_SENSOR 0 0 106.666664 0.000000 0.000000 0.000000 0.000000 0
70.9400 124 DELFLY_SPEEDCTRL 1 0 0 0 0 -1919 0 0 0 0 0 0 0.000000 0 0 0.000000 0 0 0.000000
70.9419 124 RPM_SENSOR 0 0 106.666664 0.000000 0.000000 0.000000 0.000000 0
70.9420 124 DELFLY_SPEEDCTRL 1 0 0 0 0 -1919 0 0 0 0 0 0 0.000000 0 0 0.000000 0 0 0.000000
70.9440 124 STAB_ATTITUDE_INT 10 -19 -9 0 -70 351 0 0 0 0 0 0 0 0 0 0 0 0 0 0 0
70.9441 124 RPM_SENSOR 0 0 106.666664 0.000000 0.000000 0.000000 0.000000 0
70.9442 124 DELFLY_SPEEDCTRL 1 0 0 0 0 0 0 0 0 0 0 0 0.000000 0 0 0.000000 0 0 0.000000
70.9458 124 DELFLY_STATEESTIMATION 3 0 0.033333 10.000000 0 -205 -138 -3552 0 0 0 -205 -138 -3552 0 0 0 201 -46 272
70.9460 124 RPM_SENSOR 0 0 106.666664 0.000000 0.000000 0.000000 0.000000 0
70.9460 124 DELFLY_SPEEDCTRL 1 0 0 0 0 0 0 0 0 0 0 0 0.000000 0 0 0.000000 0 0 0.000000
70.9478 124 DELFLY_STATE 0 -205 -138 -3552 0 0 0 0 0 0 0 0 112 0 0 351 0 6432 0.000000 5
70.9517 124 DELFLY_FLAPCONTROL 0.000000 0.000000 0.000000 0 0.000000 0
70.9517 124 RPM_SENSOR 0 0 106.666664 0.000000 0.000000 0.000000 0.000000 0
70.9518 124 DELFLY_SPEEDCTRL 1 0 0 0 0 0 0 0 0 0 0 0 0.000000 0 0 0.000000 0 0 0.000000
70.9537 124 ROTORCRAFT_FP -4 -6 111 0 0 0 0 -70 351 5 256 512 0 0 0
70.9538 124 DELFLY_SPEEDCTRL_GAINS 0 18829 11115 12.589200 -485 -777 -0.022700 -1259 117 0.003400
70.9539 124 STAB_ATTITUDE_INT -3 1 -29 0 -70 351 0 0 0 0 0 0 0 0 0 0 0 0 0 0 0
70.9540 124 RPM_SENSOR 0 0 106.666664 0.000000 0.000000 0.000000 0.000000 0
70.9541 124 DELFLY_SPEEDCTRL 1 0 0 0 0 0 0 0 0 0 0 0 0.000000 0 0 0.000000 0 0 0.000000
70.9595 124 RPM_SENSOR 0 0 106.666664 0.000000 0.000000 0.000000 0.000000 0
70.9595 124 DELFLY_SPEEDCTRL 1 0 0 0 0 0 0 0 0 0 0 0 0.000000 0 0 0.000000 0 0 0.000000
70.9614 124 RPM_SENSOR 0 0 106.666664 0.000000 0.000000 0.000000 0.000000 0
70.9615 124 DELFLY_SPEEDCTRL 1 0 0 0 0 0 0 0 0 0 0 0 0.000000 0 0 0.000000 0 0 0.000000
70.9635 124 STAB_ATTITUDE_INT -9 -26 1 0 -70 351 0 0 0 0 0 0 0 0 0 0 0 0 0 0 0
70.9636 124 RPM_SENSOR 0 0 106.666664 0.000000 0.000000 0.000000 0.000000 0
70.9637 124 DELFLY_SPEEDCTRL 1 0 0 0 0 0 0 0 0 0 0 0 0.000000 0 0 0.000000 0 0 0.000000
70.9694 124 RPM_SENSOR 0 0 106.666664 0.000000 0.000000 0.000000 0.000000 0
70.9694 124 DELFLY_SPEEDCTRL 1 0 0 0 0 0 0 0 0 0 0 0 0.000000 0 0 0.000000 0 0 0.000000
70.9712 124 DELFLY_FLAPCONTROL 0.000000 0.000000 0.000000 0 0.000000 0
70.9712 124 RPM_SENSOR 0 0 106.666664 0.000000 0.000000 0.000000 0.000000 0
70.9713 124 DELFLY_SPEEDCTRL 1 0 0 0 0 0 0 0 0 0 0 0 0.000000 0 0 0.000000 0 0 0.000000
70.9728 124 GPS_DIAGNOSTICS 1 425 29.640168 0.033738 33738 -3 -2 -42 -205 -138 -3552
70.9772 124 RPM_SENSOR 0 0 106.666664 0.000000 0.000000 0.000000 0.000000 0
70.9772 124 DELFLY_SPEEDCTRL 1 0 0 0 0 0 0 0 0 0 0 0 0.000000 0 0 0.000000 0 0 0.000000
70.9790 124 RPM_SENSOR 0 0 106.666664 0.000000 0.000000 0.000000 0.000000 0
70.9790 124 DELFLY_SPEEDCTRL 1 0 0 0 0 0 0 0 0 0 0 0 0.000000 0 0 0.000000 0 0 0.000000
70.9810 124 RPM_SENSOR 0 0 106.666664 0.000000 0.000000 0.000000 0.000000 0
70.9810 124 DELFLY_SPEEDCTRL 1 0 0 0 0 0 0 0 0 0 0 0 0.000000 0 0 0.000000 0 0 0.000000
70.9830 124 RPM_SENSOR 0 0 106.666664 0.000000 0.000000 0.000000 0.000000 0
70.9849 124 DELFLY_STATEESTIMATION 3 0 0.033333 10.000000 0 -205 -138 -3552 0 0 0 -205 -138 -3552 0 0 0 153 -56 133
70.9850 124 RPM_SENSOR 0 0 106.666664 0.000000 0.000000 0.000000 0.000000 0
70.9851 124 DELFLY_SPEEDCTRL 1 0 0 0 0 0 0 0 0 0 0 0 0.000000 0 0 0.000000 0 0 0.000000
70.9868 124 DELFLY_STATE 0 -205 -138 -3552 0 0 0 0 0 0 0 0 0 0 0 352 0 6432 0.000000 5
70.9869 124 RPM_SENSOR 0 0 106.666664 0.000000 0.000000 0.000000 0.000000 0
70.9870 124 DELFLY_SPEEDCTRL 1 0 0 0 0 0 0 0 0 0 0 0 0.000000 0 0 0.000000 0 0 0.000000
70.9888 124 DELFLY_GUIDANCE 0 0 0 0 0 0 0 0 0 0 0 0 0 0 0 0 0 0 0 0 0
70.9907 124 DELFLY_FLAPCONTROL 0.000000 0.000000 0.000000 0 0.000000 0
70.9908 124 RPM_SENSOR 0 0 106.666664 0.000000 0.000000 0.000000 0.000000 0
70.9909 124 DELFLY_SPEEDCTRL 1 0 0 0 0 0 0 0 0 0 0 0 0.000000 0 0 0.000000 0 0 0.000000
70.9928 124 STAB_ATTITUDE_INT 6 13 -35 0 -70 352 0 0 0 0 0 0 0 0 0 0 0 0 0 0 0
70.9929 124 RPM_SENSOR 0 0 106.666664 0.000000 0.000000 0.000000 0.000000 0
70.9930 124 DELFLY_SPEEDCTRL 1 0 0 0 0 0 0 0 0 0 0 0 0.000000 0 0 0.000000 0 0 0.000000
70.9946 124 DELFLY_STATEESTIMATION 3 0 0.033333 10.000000 0 -205 -138 -3552 0 0 0 -205 -138 -3552 0 0 0 195 -31 238
70.9948 124 RPM_SENSOR 0 0 106.666664 0.000000 0.000000 0.000000 0.000000 0
70.9966 124 RPM_SENSOR 0 0 106.666664 0.000000 0.000000 0.000000 0.000000 0
70.9986 124 RPM_SENSOR 0 0 106.666664 0.000000 0.000000 0.000000 0.000000 0
70.9986 124 DELFLY_SPEEDCTRL 1 0 0 0 0 0 0 0 0 0 0 0 0.000000 0 0 0.000000 0 0 0.000000
71.0005 124 RPM_SENSOR 0 0 106.666664 0.000000 0.000000 0.000000 0.000000 0
71.0006 124 DELFLY_SPEEDCTRL 1 0 0 0 0 0 0 0 0 0 0 0 0.000000 0 0 0.000000 0 0 0.000000
71.0026 124 STAB_ATTITUDE_INT -3 -23 8 0 -70 352 0 0 0 0 0 0 0 0 0 0 0 0 0 0 0
71.0027 124 RPM_SENSOR 0 0 106.666664 0.000000 0.000000 0.000000 0.000000 0
71.0027 124 DELFLY_SPEEDCTRL 1 0 0 0 0 0 0 0 0 0 0 0 0.000000 0 0 0.000000 0 0 0.000000
71.0044 124 RPM_SENSOR 0 0 106.666664 0.000000 0.000000 0.000000 0.000000 0
71.0084 124 DELFLY_GUIDANCE 0 0 0 0 0 0 0 0 0 0 0 0 0 0 0 0 0 0 0 0 0
71.0085 124 RPM_SENSOR 0 0 106.666664 0.000000 0.000000 0.000000 0.000000 0
71.0086 124 DELFLY_SPEEDCTRL 1 0 0 0 0 0 0 0 0 0 0 0 0.000000 0 0 0.000000 0 0 0.000000
71.0104 124 DELFLY_FLAPCONTROL 0.000000 0.000000 0.000000 0 0.000000 0
71.0104 124 RPM_SENSOR 0 0 106.666664 0.000000 0.000000 0.000000 0.000000 0
71.0105 124 DELFLY_SPEEDCTRL 1 0 0 0 0 0 0 0 0 0 0 0 0.000000 0 0 0.000000 0 0 0.000000
71.0123 124 STAB_ATTITUDE_INT 13 24 -27 0 -70 353 0 0 0 0 0 0 0 0 0 0 0 0 0 0 0
71.0125 124 RPM_SENSOR 0 0 106.666664 0.000000 0.000000 0.000000 0.000000 0
71.0162 124 DELFLY_STATE 0 -205 -138 -3552 0 0 0 0 0 0 0 0 0 0 0 353 0 6432 0.000000 5
71.0163 124 RPM_SENSOR 0 0 106.666664 0.000000 0.000000 0.000000 0.000000 0
71.0163 124 DELFLY_SPEEDCTRL 1 0 0 0 0 0 0 0 0 0 0 0 0.000000 0 0 0.000000 0 0 0.000000
71.0181 124 RPM_SENSOR 0 0 106.666664 0.000000 0.000000 0.000000 0.000000 0
71.0181 124 DELFLY_SPEEDCTRL 1 0 0 0 0 0 0 0 0 0 0 0 0.000000 0 0 0.000000 0 0 0.000000
71.0200 124 RPM_SENSOR 0 0 106.666664 0.000000 0.000000 0.000000 0.000000 0
71.0201 124 DELFLY_SPEEDCTRL 1 0 0 0 0 0 0 0 0 0 0 0 0.000000 0 0 0.000000 0 0 0.000000
71.0241 124 RPM_SENSOR 0 0 106.666664 0.000000 0.000000 0.000000 0.000000 0
71.0241 124 DELFLY_SPEEDCTRL 1 0 0 0 0 0 0 0 0 0 0 0 0.000000 0 0 0.000000 0 0 0.000000
71.0259 124 DELFLY_STATE 0 -205 -138 -3552 0 0 0 0 0 0 0 0 0 0 0 353 0 6432 0.000000 5
71.0260 124 RPM_SENSOR 0 0 106.666664 0.000000 0.000000 0.000000 0.000000 0
71.0260 124 DELFLY_SPEEDCTRL 1 0 0 0 0 0 0 0 0 0 0 0 0.000000 0 0 0.000000 0 0 0.000000
71.0278 124 DELFLY_GUIDANCE 0 0 0 0 0 0 0 0 0 0 0 0 0 0 0 0 0 0 0 0 0
71.0298 124 DELFLY_FLAPCONTROL 0.000000 0.000000 0.000000 0 0.000000 0
71.0299 124 RPM_SENSOR 0 0 106.666664 0.000000 0.000000 0.000000 0.000000 0
71.0299 124 DELFLY_SPEEDCTRL 1 0 0 0 0 0 0 0 0 0 0 0 0.000000 0 0 0.000000 0 0 0.000000
71.0319 124 STAB_ATTITUDE_INT 11 21 -23 0 -70 353 0 0 0 0 0 0 0 0 0 0 0 0 0 0 0
71.0320 124 RPM_SENSOR 0 0 106.666664 0.000000 0.000000 0.000000 0.000000 0
71.0320 124 DELFLY_SPEEDCTRL 1 0 0 0 0 0 0 0 0 0 0 0 0.000000 0 0 0.000000 0 0 0.000000
71.0337 124 DELFLY_STATEESTIMATION 3 0 0.033333 10.000000 0 -205 -138 -3552 0 0 0 -205 -138 -3552 0 0 0 254 -29 205
71.0338 124 RPM_SENSOR 0 0 106.666664 0.000000 0.000000 0.000000 0.000000 0
71.0376 124 RPM_SENSOR 0 0 106.666664 0.000000 0.000000 0.000000 0.000000 0
71.0377 124 DELFLY_SPEEDCTRL 1 0 0 0 0 0 0 0 0 0 0 0 0.000000 0 0 0.000000 0 0 0.000000
71.0400 124 GPS_DIAGNOSTICS 1 427 30.256271 0.033051 33051 -3 -2 -42 -205 -138 -3552
71.0401 124 RPM_SENSOR 0 0 106.666664 0.000000 0.000000 0.000000 0.000000 0
71.0402 124 DELFLY_SPEEDCTRL 1 0 0 0 0 0 0 0 0 0 0 0 0.000000 0 0 0.000000 0 0 0.000000
71.0416 124 STAB_ATTITUDE_INT -3 -9 -20 0 -70 353 0 0 0 0 0 0 0 0 0 0 0 0 0 0 0
71.0417 124 RPM_SENSOR 0 0 106.666664 0.000000 0.000000 0.000000 0.000000 0
71.0418 124 DELFLY_SPEEDCTRL 1 0 0 0 0 0 0 0 0 0 0 0 0.000000 0 0 0.000000 0 0 0.000000
71.0474 124 DELFLY_GUIDANCE 0 0 0 0 0 0 0 0 0 0 0 0 0 0 0 0 0 0 0 0 0
71.0475 124 RPM_SENSOR 0 0 106.666664 0.000000 0.000000 0.000000 0.000000 0
71.0476 124 DELFLY_SPEEDCTRL 1 0 0 0 0 0 0 0 0 0 0 0 0.000000 0 0 0.000000 0 0 0.000000
71.0493 124 DELFLY_FLAPCONTROL 0.000000 0.000000 0.000000 0 0.000000 0
71.0494 124 RPM_SENSOR 0 0 106.666664 0.000000 0.000000 0.000000 0.000000 0
71.0494 124 DELFLY_SPEEDCTRL 1 0 0 0 0 0 0 0 0 0 0 0 0.000000 0 0 0.000000 0 0 0.000000
71.0514 124 STAB_ATTITUDE_INT 14 -1 -13 0 -70 353 0 0 0 0 0 0 0 0 0 0 0 0 0 0 0
71.0515 124 RPM_SENSOR 0 0 106.666664 0.000000 0.000000 0.000000 0.000000 0
71.0553 124 RPM_SENSOR 0 0 106.666664 0.000000 0.000000 0.000000 0.000000 0
71.0554 124 DELFLY_SPEEDCTRL 1 0 0 0 0 0 0 0 0 0 0 0 0.000000 0 0 0.000000 0 0 0.000000
71.0572 124 RPM_SENSOR 0 0 106.666664 0.000000 0.000000 0.000000 0.000000 0
71.0572 124 DELFLY_SPEEDCTRL 1 0 0 0 0 0 0 0 0 0 0 0 0.000000 0 0 0.000000 0 0 0.000000
71.0591 124 RPM_SENSOR 0 0 106.666664 0.000000 0.000000 0.000000 0.000000 0
71.0592 124 DELFLY_SPEEDCTRL 1 0 0 0 0 0 0 0 0 0 0 0 0.000000 0 0 0.000000 0 0 0.000000
71.0612 124 RPM_SENSOR 0 0 106.666664 0.000000 0.000000 0.000000 0.000000 0
71.0630 124 DELFLY_STATEESTIMATION 3 0 0.033333 10.000000 0 -205 -138 -3552 0 0 0 -205 -138 -3552 0 0 0 154 38 88
71.0631 124 RPM_SENSOR 0 0 106.666664 0.000000 0.000000 0.000000 0.000000 0
71.0632 124 DELFLY_SPEEDCTRL 1 0 0 0 0 0 0 0 0 0 0 0 0.000000 0 0 0.000000 0 0 0.000000
71.0650 124 DELFLY_STATE 0 -205 -138 -3552 0 0 0 0 0 0 0 0 0 0 0 353 0 6432 0.000000 5
71.0651 124 RPM_SENSOR 0 0 106.666664 0.000000 0.000000 0.000000 0.000000 0
71.0651 124 DELFLY_SPEEDCTRL 1 0 0 0 0 0 0 0 0 0 0 0 0.000000 0 0 0.000000 0 0 0.000000
71.0669 124 DELFLY_GUIDANCE 0 0 0 0 0 0 0 0 0 0 0 0 0 0 0 0 0 0 0 0 0
71.0690 124 DELFLY_SPEEDCTRL 1 0 0 0 0 0 0 0 0 0 0 0 0.000000 0 0 0.000000 0 0 0.000000
71.0710 124 STAB_ATTITUDE_INT 14 2 -3 0 -70 353 0 0 0 0 0 0 0 0 0 0 0 0 0 0 0
71.0711 124 RPM_SENSOR 0 0 106.666664 0.000000 0.000000 0.000000 0.000000 0
71.0711 124 DELFLY_SPEEDCTRL 1 0 0 0 0 0 0 0 0 0 0 0 0.000000 0 0 0.000000 0 0 0.000000
71.0728 124 RPM_SENSOR 0 0 106.666664 0.000000 0.000000 0.000000 0.000000 0
71.0669 124 DELFLY_GUIDANCE 0 0 0 0 0 0 0 0 0 0 0 0 0 0 0 0 0 0 0 0 0
