2.417 124 LINK_REPORT 124 -1 2 0 10798 212 0 1688. 34. 0 0.
2.428 124 INS 0 0 0 0 0 0 0 0 0
2.481 124 DELFLY_STATE 0 0 0 0 0 0 0 0 0 0 0 0 0 0 0 -11223 0 6432 0. 4
2.534 124 GPS_INT 0 0 0 0 0 0 0 0 0 0 0 0 0 0 0 0
2.579 124 DELFLY_FLAPCONTROL 0. 0. 0. 0 0. 0
2.579 124 RPM_SENSOR 0 0 106.666664 0. 0. 0. 0. 0
2.612 124 LINK_REPORT 124 -1 3 0 12467 244 0 1669. 32. 0 0.
2.642 124 DELFLY_SPEEDCTRL 1 0 0 0 0 0 0 0 0 0 0 0 0. 0 0 0. 0 0 0.
2.642 124 WP_MOVED_ENU 6 -243 -455 11750
2.643 124 DELFLY_STATEESTIMATION 3 0 0.033333 10. 0 0 0 0 0 0 0 0 0 0 0 0 0 7 -59 -277
2.678 124 INS 0 0 0 0 0 0 0 0 0
2.731 124 DELFLY_STATE 0 0 0 0 0 0 0 0 0 0 0 0 0 0 0 -11224 0 6432 0. 4
2.831 124 DELFLY_FLAPCONTROL 0. 0. 0. 0 0. 0
2.832 124 RPM_SENSOR 0 0 106.666664 0. 0. 0. 0. 0
2.832 124 ROTORCRAFT_NAV_STATUS 261 0 0. 0. 0 2 0
2.881 124 DELFLY_SPEEDCTRL 1 0 0 0 0 0 0 0 0 0 0 0 0. 0 0 0. 0 0 0.
2.888 124 ROTORCRAFT_STATUS 0 0 0 46 0 0 0 0 0 0 41 261
2.889 124 DL_VALUE 38 5.
2.891 124 ROTORCRAFT_FP 0 0 0 0 0 0 -11729 4349 -11223 0 0 256 0 0 0
2.928 124 INS 0 0 0 0 0 0 0 0 0
2.981 124 DELFLY_STATE 0 0 0 0 0 0 0 0 0 0 0 0 0 0 0 -11222 0 6432 0. 4
3.032 124 GPS_INT 0 0 0 0 0 0 0 0 0 0 0 0 0 0 0 0
3.080 124 DELFLY_FLAPCONTROL 0. 0. 0. 0 0. 0
3.080 124 RPM_SENSOR 0 0 106.666664 0. 0. 0. 0. 0
3.133 124 DELFLY_SPEEDCTRL 1 0 0 0 0 0 0 0 0 0 0 0 0. 0 0 0. 0 0 0.
3.140 124 DELFLY_GUIDANCE 0 0 0 0 0 0 0 0 0 0 0 0 0 0 0 0 0 0 0 0 0
3.179 124 INS 0 0 0 0 0 0 0 0 0
3.231 124 DELFLY_STATE 0 0 0 0 0 0 0 0 0 0 0 0 0 0 0 -11222 0 6432 0. 4
3.338 124 DELFLY_FLAPCONTROL 0. 0. 0. 0 0. 0
3.338 124 RPM_SENSOR 0 0 106.666664 0. 0. 0. 0. 0
3.338 124 DELFLY_SPEEDCTRL_GAINS 0 18829 11115 12.5892 -485 -777 -0.0227 -1259 117 0.0034
3.381 124 DELFLY_SPEEDCTRL 1 0 0 0 0 0 0 0 0 0 0 0 0. 0 0 0. 0 0 0.
3.389 124 ROTORCRAFT_FP 0 0 0 0 0 0 -11730 4348 -11222 0 0 256 0 0 0
3.393 124 GPS_DIAGNOSTICS 0 0 0. 0. 0 0 0 0 0 0 0
3.429 124 INS 0 0 0 0 0 0 0 0 0
3.481 124 DELFLY_STATE 0 0 0 0 0 0 0 0 0 0 0 0 0 0 0 -11222 0 6432 0. 4
3.532 124 GPS_INT 0 0 0 0 0 0 0 0 0 0 0 0 0 0 0 0
3.579 124 DELFLY_FLAPCONTROL 0. 0. 0. 0 0. 0
3.579 124 RPM_SENSOR 0 0 106.666664 0. 0. 0. 0. 0
3.612 124 LINK_REPORT 124 -1 4 0 14112 276 0 1645. 32. 0 0.
3.638 124 DELFLY_SPEEDCTRL 1 0 0 0 0 0 0 0 0 0 0 0 0. 0 0 0. 0 0 0.
3.642 124 ENERGY 4.1 0. 0 0.
3.643 124 ALIVE 189,28,250,115,59,156,71,116,126,166,189,29,49,223,215,122
3.644 124 DELFLY_STATEESTIMATION 3 0 0.033333 10. 0 0 0 0 0 0 0 0 0 0 0 0 0 32 -22 -338
3.678 124 INS 0 0 0 0 0 0 0 0 0
3.731 124 DELFLY_STATE 0 0 0 0 0 0 0 0 0 0 0 0 0 0 0 -11221 0 6432 0. 4
3.829 124 DELFLY_FLAPCONTROL 0. 0. 0. 0 0. 0
3.829 124 RPM_SENSOR 0 0 106.666664 0. 0. 0. 0. 0
3.881 124 DELFLY_SPEEDCTRL 1 0 0 0 0 0 0 0 0 0 0 0 0. 0 0 0. 0 0 0.
3.893 124 ROTORCRAFT_FP 0 0 0 0 0 0 -11731 4349 -11221 0 0 256 0 0 0
3.894 124 GPS_DIAGNOSTICS 0 0 0. 0. 0 0 0 0 0 0 0
3.928 124 INS 0 0 0 0 0 0 0 0 0
3.981 124 DELFLY_STATE 0 0 0 0 0 0 0 0 0 0 0 0 0 0 0 -11221 0 6432 0. 4
4.032 124 GPS_INT 0 0 0 0 0 0 0 0 0 0 0 0 0 0 0 0
4.079 124 DELFLY_FLAPCONTROL 0. 0. 0. 0 0. 0
4.080 124 RPM_SENSOR 0 0 106.666664 0. 0. 0. 0. 0
4.140 124 DELFLY_SPEEDCTRL 1 0 0 0 0 0 0 0 0 0 0 0 0. 0 0 0. 0 0 0.
4.140 124 WP_MOVED_ENU 7 -593 171 11750
4.142 124 DELFLY_GUIDANCE 0 0 0 0 0 0 0 0 0 0 0 0 0 0 0 0 0 0 0 0 0
4.178 124 INS 0 0 0 0 0 0 0 0 0
4.231 124 DELFLY_STATE 0 0 0 0 0 0 0 0 0 0 0 0 0 0 0 -11221 0 6432 0. 4
4.335 124 DELFLY_FLAPCONTROL 0. 0. 0. 0 0. 0
4.335 124 RPM_SENSOR 0 0 106.666664 0. 0. 0. 0. 0
4.336 124 DELFLY_SPEEDCTRL_GAINS 0 18829 11115 12.5892 -485 -777 -0.0227 -1259 117 0.0034
4.336 124 ROTORCRAFT_NAV_STATUS 263 0 0. 0. 0 2 0
4.382 124 DELFLY_SPEEDCTRL 1 0 0 0 0 0 0 0 0 0 0 0 0. 0 0 0. 0 0 0.
4.391 124 ROTORCRAFT_STATUS 0 0 0 45 0 0 0 0 0 0 41 263
4.391 124 DL_VALUE 39 0.5
4.391 124 ROTORCRAFT_FP 0 0 0 0 0 0 -11732 4349 -11220 0 0 256 0 0 0
4.428 124 INS 0 0 0 0 0 0 0 0 0
4.481 124 DELFLY_STATE 0 0 0 0 0 0 0 0 0 0 0 0 0 0 0 -11219 0 6432 0. 4
4.532 124 GPS_INT 0 0 0 0 0 0 0 0 0 0 0 0 0 0 0 0
4.579 124 DELFLY_FLAPCONTROL 0. 0. 0. 0 0. 0
4.579 124 RPM_SENSOR 0 0 106.666664 0. 0. 0. 0. 0
4.613 124 LINK_REPORT 124 -1 5 0 15800 310 0 1688. 34. 0 0.
4.633 124 DELFLY_SPEEDCTRL 1 0 0 0 0 0 0 0 0 0 0 0 0. 0 0 0. 0 0 0.
4.639 124 DELFLY_STATEESTIMATION 3 0 0.033333 10. 0 0 0 0 0 0 0 0 0 0 0 0 0 -58 -7 -278
4.678 124 INS 0 0 0 0 0 0 0 0 0
4.731 124 DELFLY_STATE 0 0 0 0 0 0 0 0 0 0 0 0 0 0 0 -11219 0 6432 0. 4
4.829 124 DELFLY_FLAPCONTROL 0. 0. 0. 0 0. 0
4.830 124 RPM_SENSOR 0 0 106.666664 0. 0. 0. 0. 0
4.882 124 DELFLY_SPEEDCTRL 1 0 0 0 0 0 0 0 0 0 0 0 0. 0 0 0. 0 0 0.
4.892 124 ROTORCRAFT_FP 0 0 0 0 0 0 -11731 4348 -11218 0 0 256 0 0 0
4.895 124 GPS_DIAGNOSTICS 0 0 0. 0. 0 0 0 0 0 0 0
4.928 124 INS 0 0 0 0 0 0 0 0 0
4.981 124 DELFLY_STATE 0 0 0 0 0 0 0 0 0 0 0 0 0 0 0 -11218 0 6432 0. 4
5.032 124 GPS_INT 0 0 0 0 0 0 0 0 0 0 0 0 0 0 0 0
5.079 124 DELFLY_FLAPCONTROL 0. 0. 0. 0 0. 0
5.079 124 RPM_SENSOR 0 0 106.666664 0. 0. 0. 0. 0
5.117 124 PONG 
5.167 124 DELFLY_SPEEDCTRL 1 0 0 0 0 0 0 0 0 0 0 0 0. 0 0 0. 0 0 0.
5.167 124 INS_REF 392433200 30036200 500219700 519906298 43767927 45195 0 0.
5.167 124 DATALINK_REPORT 1 74 8624 1659 0 18
5.168 124 UART_ERRORS 0 0 57204 3
5.169 124 ALIVE 189,28,250,115,59,156,71,116,126,166,189,29,49,223,215,122
