3.068 124 LINK_REPORT 124 -1 3 0 83089 1519 0 32880. 600. 0 0.
3.089 124 INS 0 0 0 0 0 0 0 0 0
3.089 124 STAB_ATTITUDE_INT -13 -5 -2 -10537 4358 -10751 0 0 0 0 0 0 0 0 0 0 0 0 0 0 0
3.094 124 ROTORCRAFT_NAV_STATUS 15 0 0. 0. 0 2 0
3.125 124 DELFLY_FLAPCONTROL 0. 0. 0. 0 0. 0
3.146 124 ROTORCRAFT_STATUS 0 0 2 0 0 0 0 0 0 0 42 15
3.147 124 DL_VALUE 10 2024.
3.151 124 ROTORCRAFT_FP 0 0 0 0 0 0 -10537 4358 -10751 0 0 512 0 0 0
3.183 124 DELFLY_SPEEDCTRL 1 4 0 0 0 0 0 0 0 0 0 0 0 0 0 0. 0 0 0. 0 0 0.
3.205 124 LINK_REPORT 124 -1 4 0 90810 1660 0 7721. 141. 0 0.
3.228 124 RPM_SENSOR 0 0 106.666664 0. 0. 0. 0. 0
3.282 124 DELFLY_STATE 0 0 0 0 0 0 0 0 0 0 0 0 0 0 0 -10750 0 6432 0. 4
3.289 124 GPS_INT 0 0 0 0 0 0 0 0 0 0 0 0 0 0 0 0
3.329 124 INS 0 0 0 0 0 0 0 0 0
3.378 124 DELFLY_FLAPCONTROL 0. 0. 0. 0 0. 0
3.394 124 DELFLY_GUIDANCE 0 0 0 0 0 0 0 0 0 0 0 0 0 0 0 0 0 0 0 0 0
3.433 124 DELFLY_SPEEDCTRL 1 4 0 0 0 0 0 0 0 0 0 0 0 0 0 0. 0 0 0. 0 0 0.
3.482 124 RPM_SENSOR 0 0 106.666664 0. 0. 0. 0. 0
3.484 124 DELFLY_SPEEDCTRL_GAINS 0 18829 11115 12.5892 -485 -777 -0.0227 -1259 117 0.0034 16384 16384
3.531 124 DELFLY_STATE 0 0 0 0 0 0 0 0 0 0 0 0 0 0 0 -10749 0 6432 0. 4
3.583 124 INS 0 0 0 0 0 0 0 0 0
3.588 124 STAB_ATTITUDE_INT 5 -15 6 -10536 4358 -10749 0 0 0 0 0 0 0 0 0 0 0 0 0 0 0
3.626 124 DELFLY_FLAPCONTROL 0. 0. 0. 0 0. 0
3.637 124 ROTORCRAFT_FP 0 0 0 0 0 0 -10536 4359 -10748 0 0 512 0 0 0
3.686 124 DELFLY_SPEEDCTRL 1 4 0 0 0 0 0 0 0 0 0 0 0 0 0 0. 0 0 0. 0 0 0.
3.728 124 RPM_SENSOR 0 0 106.666664 0. 0. 0. 0. 0
3.788 124 DELFLY_STATE 0 0 0 0 0 0 0 0 0 0 0 0 0 0 0 -10748 0 6432 0. 4
3.790 124 GPS_INT 0 0 0 0 0 0 0 0 0 0 0 0 0 0 0 0
3.830 124 INS 0 0 0 0 0 0 0 0 0
3.876 124 DELFLY_FLAPCONTROL 0. 0. 0. 0 0. 0
3.890 124 ENERGY 4.2 0. 0 0.
3.890 124 ALIVE 80,0,127,201,190,165,141,76,36,6,145,183,147,175,115,16
3.894 124 DELFLY_STATEESTIMATION 4 0 0.033333 10. 0 0 0 0 0 0 0 0 0 0 0 0 0 21 32 -242
3.933 124 DELFLY_SPEEDCTRL 1 4 0 0 0 0 0 0 0 0 0 0 0 0 0 0. 0 0 0. 0 0 0.
3.978 124 RPM_SENSOR 0 0 106.666664 0. 0. 0. 0. 0
4.031 124 DELFLY_STATE 0 0 0 0 0 0 0 0 0 0 0 0 0 0 0 -10747 0 6432 0. 4
4.082 124 INS 0 0 0 0 0 0 0 0 0
4.087 124 STAB_ATTITUDE_INT -5 -20 7 -10535 4359 -10747 0 0 0 0 0 0 0 0 0 0 0 0 0 0 0
4.125 124 DELFLY_FLAPCONTROL 0. 0. 0. 0 0. 0
4.137 124 ROTORCRAFT_FP 0 0 0 0 0 0 -10536 4360 -10747 0 0 512 0 0 0
4.183 124 DELFLY_SPEEDCTRL 1 4 0 0 0 0 0 0 0 0 0 0 0 0 0 0. 0 0 0. 0 0 0.
4.205 124 LINK_REPORT 124 -1 5 0 92595 1691 0 1785. 31. 0 0.
4.228 124 RPM_SENSOR 0 0 106.666664 0. 0. 0. 0. 0
4.282 124 DELFLY_STATE 0 0 0 0 0 0 0 0 0 0 0 0 0 0 0 -10746 0 6432 0. 4
4.286 124 GPS_INT 0 0 0 0 0 0 0 0 0 0 0 0 0 0 0 0
4.328 124 INS 0 0 0 0 0 0 0 0 0
4.375 124 DELFLY_FLAPCONTROL 0. 0. 0. 0 0. 0
4.381 124 WP_MOVED_ENU 12 363 637 486
4.389 124 DELFLY_GUIDANCE 0 0 0 0 0 0 0 0 0 0 0 0 0 0 0 0 0 0 0 0 0
4.433 124 DELFLY_SPEEDCTRL 1 4 0 0 0 0 0 0 0 0 0 0 0 0 0 0. 0 0 0. 0 0 0.
4.483 124 RPM_SENSOR 0 0 106.666664 0. 0. 0. 0. 0
4.484 124 DELFLY_SPEEDCTRL_GAINS 0 18829 11115 12.5892 -485 -777 -0.0227 -1259 117 0.0034 16384 16384
4.531 124 DELFLY_STATE 0 0 0 0 0 0 0 0 0 0 0 0 0 0 0 -10744 0 6432 0. 4
4.586 124 INS 0 0 0 0 0 0 0 0 0
4.589 124 STAB_ATTITUDE_INT 4 -7 1 -10535 4360 -10745 0 0 0 0 0 0 0 0 0 0 0 0 0 0 0
4.590 124 ROTORCRAFT_NAV_STATUS 17 0 0. 0. 0 2 0
4.625 124 DELFLY_FLAPCONTROL 0. 0. 0. 0 0. 0
4.639 124 ROTORCRAFT_STATUS 0 0 2 0 0 0 0 0 0 0 42 17
4.639 124 DL_VALUE 11 200.
4.641 124 ROTORCRAFT_FP 0 0 0 0 0 0 -10535 4361 -10744 0 0 512 0 0 0
4.683 124 DELFLY_SPEEDCTRL 1 4 0 0 0 0 0 0 0 0 0 0 0 0 0 0. 0 0 0. 0 0 0.
4.728 124 RPM_SENSOR 0 0 106.666664 0. 0. 0. 0. 0
4.782 124 DELFLY_STATE 0 0 0 0 0 0 0 0 0 0 0 0 0 0 0 -10743 0 6432 0. 4
4.786 124 GPS_INT 0 0 0 0 0 0 0 0 0 0 0 0 0 0 0 0
4.814 124 PONG 
4.851 124 INS 0 0 0 0 0 0 0 0 0
4.875 124 DELFLY_FLAPCONTROL 0. 0. 0. 0 0. 0
4.889 124 DELFLY_STATEESTIMATION 4 0 0.033333 10. 0 0 0 0 0 0 0 0 0 0 0 0 0 123 38 -333
4.933 124 DELFLY_SPEEDCTRL 1 4 0 0 0 0 0 0 0 0 0 0 0 0 0 0. 0 0 0. 0 0 0.
4.978 124 RPM_SENSOR 0 0 106.666664 0. 0. 0. 0. 0
5.031 124 DELFLY_STATE 0 0 0 0 0 0 0 0 0 0 0 0 0 0 0 -10742 0 6432 0. 4
5.084 124 INS 0 0 0 0 0 0 0 0 0
5.088 124 STAB_ATTITUDE_INT -10 -10 -1 -10534 4361 -10742 0 0 0 0 0 0 0 0 0 0 0 0 0 0 0
5.125 124 DELFLY_FLAPCONTROL 0. 0. 0. 0 0. 0
5.138 124 ROTORCRAFT_FP 0 0 0 0 0 0 -10534 4361 -10742 0 0 512 0 0 0
5.183 124 DELFLY_SPEEDCTRL 1 4 0 0 0 0 0 0 0 0 0 0 0 0 0 0. 0 0 0. 0 0 0.
5.206 124 LINK_REPORT 124 -1 6 0 94417 1725 0 1822. 34. 1 2.69
5.228 124 RPM_SENSOR 0 0 106.666664 0. 0. 0. 0. 0
5.284 124 DELFLY_STATE 0 0 0 0 0 0 0 0 0 0 0 0 0 0 0 -10741 0 6432 0. 4
5.287 124 GPS_INT 0 0 0 0 0 0 0 0 0 0 0 0 0 0 0 0
5.330 124 INS 0 0 0 0 0 0 0 0 0
5.377 124 DELFLY_FLAPCONTROL 0. 0. 0. 0 0. 0
5.391 124 INS_REF 392433200 30036200 500219700 519906298 43767927 45195 0 0.
5.393 124 DATALINK_REPORT 1 1 594 1802 0 23
5.393 124 UART_ERRORS 0 0 0 1
5.396 124 ALIVE 80,0,127,201,190,165,141,76,36,6,145,183,147,175,115,16
5.432 124 DELFLY_SPEEDCTRL 1 4 0 0 0 0 0 0 0 0 0 0 0 0 0 0. 0 0 0. 0 0 0.
5.483 124 RPM_SENSOR 0 0 106.666664 0. 0. 0. 0. 0
5.484 124 DELFLY_SPEEDCTRL_GAINS 0 18829 11115 12.5892 -485 -777 -0.0227 -1259 117 0.0034 16384 16384
5.531 124 DELFLY_STATE 0 0 0 0 0 0 0 0 0 0 0 0 0 0 0 -10741 0 6432 0. 4
5.583 124 INS 0 0 0 0 0 0 0 0 0
5.587 124 STAB_ATTITUDE_INT -5 -14 -3 -10534 4362 -10741 0 0 0 0 0 0 0 0 0 0 0 0 0 0 0
5.625 124 DELFLY_FLAPCONTROL 0. 0. 0. 0 0. 0
5.637 124 ROTORCRAFT_FP 0 0 0 0 0 0 -10534 4362 -10740 0 0 512 0 0 0
5.683 124 DELFLY_SPEEDCTRL 1 4 0 0 0 0 0 0 0 0 0 0 0 0 0 0. 0 0 0. 0 0 0.
5.728 124 RPM_SENSOR 0 0 106.666664 0. 0. 0. 0. 0
5.782 124 DELFLY_STATE 0 0 0 0 0 0 0 0 0 0 0 0 0 0 0 -10739 0 6432 0. 4
5.787 124 GPS_INT 0 0 0 0 0 0 0 0 0 0 0 0 0 0 0 0
5.828 124 INS 0 0 0 0 0 0 0 0 0
5.875 124 DELFLY_FLAPCONTROL 0. 0. 0. 0 0. 0
5.889 124 WP_MOVED_ENU 0 10956 10549 512
5.891 124 DELFLY_STATEESTIMATION 4 0 0.033333 10. 0 0 0 0 0 0 0 0 0 0 0 0 0 14 -25 -368
5.933 124 DELFLY_SPEEDCTRL 1 4 0 0 0 0 0 0 0 0 0 0 0 0 0 0. 0 0 0. 0 0 0.
5.978 124 RPM_SENSOR 0 0 106.666664 0. 0. 0. 0. 0
6.031 124 DELFLY_STATE 0 0 0 0 0 0 0 0 0 0 0 0 0 0 0 -10738 0 6432 0. 4
6.086 124 INS 0 0 0 0 0 0 0 0 0
6.091 124 STAB_ATTITUDE_INT -2 -2 13 -10533 4362 -10738 0 0 0 0 0 0 0 0 0 0 0 0 0 0 0
6.091 124 ROTORCRAFT_NAV_STATUS 18 0 0. 0. 0 2 0
6.126 124 DELFLY_FLAPCONTROL 0. 0. 0. 0 0. 0
6.139 124 ROTORCRAFT_STATUS 0 0 2 0 0 0 0 0 0 0 42 18
6.139 124 DL_VALUE 12 800.
6.141 124 ROTORCRAFT_FP 0 0 0 0 0 0 -10533 4363 -10737 0 0 512 0 0 0
6.183 124 DELFLY_SPEEDCTRL 1 4 0 0 0 0 0 0 0 0 0 0 0 0 0 0. 0 0 0. 0 0 0.
6.206 124 LINK_REPORT 124 -1 7 0 96240 1761 0 1823. 36. 1 2.69
6.228 124 RPM_SENSOR 0 0 106.666664 0. 0. 0. 0. 0
6.281 124 DELFLY_STATE 0 0 0 0 0 0 0 0 0 0 0 0 0 0 0 -10737 0 6432 0. 4
6.287 124 GPS_INT 0 0 0 0 0 0 0 0 0 0 0 0 0 0 0 0
6.328 124 INS 0 0 0 0 0 0 0 0 0
6.376 124 DELFLY_FLAPCONTROL 0. 0. 0. 0 0. 0
6.390 124 DELFLY_GUIDANCE 0 0 0 0 0 0 0 0 0 0 0 0 0 0 0 0 0 0 0 0 0
6.433 124 DELFLY_SPEEDCTRL 1 4 0 0 0 0 0 0 0 0 0 0 0 0 0 0. 0 0 0. 0 0 0.
6.483 124 RPM_SENSOR 0 0 106.666664 0. 0. 0. 0. 0
6.483 124 DELFLY_SPEEDCTRL_GAINS 0 18829 11115 12.5892 -485 -777 -0.0227 -1259 117 0.0034 16384 16384
6.531 124 DELFLY_STATE 0 0 0 0 0 0 0 0 0 0 0 0 0 0 0 -10736 0 6432 0. 4
6.583 124 INS 0 0 0 0 0 0 0 0 0
6.587 124 STAB_ATTITUDE_INT 1 -11 -4 -10533 4364 -10735 0 0 0 0 0 0 0 0 0 0 0 0 0 0 0
6.625 124 DELFLY_FLAPCONTROL 0. 0. 0. 0 0. 0
6.638 124 ROTORCRAFT_FP 0 0 0 0 0 0 -10533 4364 -10735 0 0 512 0 0 0
6.683 124 DELFLY_SPEEDCTRL 1 4 0 0 0 0 0 0 0 0 0 0 0 0 0 0. 0 0 0. 0 0 0.
6.728 124 RPM_SENSOR 0 0 106.666664 0. 0. 0. 0. 0
6.789 124 DELFLY_STATE 0 0 0 0 0 0 0 0 0 0 0 0 0 0 0 -10734 0 6432 0. 4
6.790 124 GPS_INT 0 0 0 0 0 0 0 0 0 0 0 0 0 0 0 0
6.828 124 INS 0 0 0 0 0 0 0 0 0
6.875 124 DELFLY_FLAPCONTROL 0. 0. 0. 0 0. 0
6.889 124 ENERGY 4.2 0. 0 0.
6.891 124 ALIVE 80,0,127,201,190,165,141,76,36,6,145,183,147,175,115,16
6.892 124 DELFLY_STATEESTIMATION 4 0 0.033333 10. 0 0 0 0 0 0 0 0 0 0 0 0 0 38 -19 -489
6.932 124 DELFLY_SPEEDCTRL 1 4 0 0 0 0 0 0 0 0 0 0 0 0 0 0. 0 0 0. 0 0 0.
6.978 124 RPM_SENSOR 0 0 106.666664 0. 0. 0. 0. 0
7.032 124 DELFLY_STATE 0 0 0 0 0 0 0 0 0 0 0 0 0 0 0 -10733 0 6432 0. 4
7.082 124 INS 0 0 0 0 0 0 0 0 0
7.088 124 STAB_ATTITUDE_INT 2 2 -4 -10533 4364 -10733 0 0 0 0 0 0 0 0 0 0 0 0 0 0 0
7.127 124 DELFLY_FLAPCONTROL 0. 0. 0. 0 0. 0
7.137 124 ROTORCRAFT_FP 0 0 0 0 0 0 -10533 4364 -10733 0 0 512 0 0 0
7.184 124 DELFLY_SPEEDCTRL 1 4 0 0 0 0 0 0 0 0 0 0 0 0 0 0. 0 0 0. 0 0 0.
7.208 124 LINK_REPORT 124 -1 8 0 98025 1792 0 1785. 31. 1 2.69
7.228 124 RPM_SENSOR 0 0 106.666664 0. 0. 0. 0. 0
7.291 124 DELFLY_STATE 0 0 0 0 0 0 0 0 0 0 0 0 0 0 0 -10732 0 6432 0. 4
7.291 124 GPS_INT 0 0 0 0 0 0 0 0 0 0 0 0 0 0 0 0
7.329 124 INS 0 0 0 0 0 0 0 0 0
7.376 124 DELFLY_FLAPCONTROL 0. 0. 0. 0 0. 0
7.387 124 WP_MOVED_ENU 1 0 0 512
7.394 124 DELFLY_GUIDANCE 0 0 0 0 0 0 0 0 0 0 0 0 0 0 0 0 0 0 0 0 0
7.433 124 DELFLY_SPEEDCTRL 1 4 0 0 0 0 0 0 0 0 0 0 0 0 0 0. 0 0 0. 0 0 0.
7.483 124 RPM_SENSOR 0 0 106.666664 0. 0. 0. 0. 0
7.485 124 DELFLY_SPEEDCTRL_GAINS 0 18829 11115 12.5892 -485 -777 -0.0227 -1259 117 0.0034 16384 16384
7.532 124 DELFLY_STATE 0 0 0 0 0 0 0 0 0 0 0 0 0 0 0 -10731 0 6432 0. 4
7.599 124 INS 0 0 0 0 0 0 0 0 0
7.599 124 STAB_ATTITUDE_INT -17 4 6 -10532 4365 -10731 0 0 0 0 0 0 0 0 0 0 0 0 0 0 0
7.600 124 ROTORCRAFT_NAV_STATUS 20 0 0. 0. 0 2 0
7.627 124 DELFLY_FLAPCONTROL 0. 0. 0. 0 0. 0
7.642 124 ROTORCRAFT_STATUS 0 0 2 0 0 0 0 0 0 0 42 20
7.643 124 DL_VALUE 13 0.
7.643 124 ROTORCRAFT_FP 0 0 0 0 0 0 -10531 4365 -10730 0 0 512 0 0 0
7.683 124 DELFLY_SPEEDCTRL 1 4 0 0 0 0 0 0 0 0 0 0 0 0 0 0. 0 0 0. 0 0 0.
7.728 124 RPM_SENSOR 0 0 106.666664 0. 0. 0. 0. 0
7.784 124 DELFLY_STATE 0 0 0 0 0 0 0 0 0 0 0 0 0 0 0 -10729 0 6432 0. 4
7.789 124 GPS_INT 0 0 0 0 0 0 0 0 0 0 0 0 0 0 0 0
7.829 124 INS 0 0 0 0 0 0 0 0 0
7.876 124 DELFLY_FLAPCONTROL 0. 0. 0. 0 0. 0
7.888 124 DELFLY_STATEESTIMATION 4 0 0.033333 10. 0 0 0 0 0 0 0 0 0 0 0 0 0 42 15 -423
7.936 124 DELFLY_SPEEDCTRL 1 4 0 0 0 0 0 0 0 0 0 0 0 0 0 0. 0 0 0. 0 0 0.
7.979 124 RPM_SENSOR 0 0 106.666664 0. 0. 0. 0. 0
8.032 124 DELFLY_STATE 0 0 0 0 0 0 0 0 0 0 0 0 0 0 0 -10728 0 6432 0. 4
8.104 124 INS 0 0 0 0 0 0 0 0 0
8.104 124 STAB_ATTITUDE_INT -1 -15 9 -10531 4366 -10728 0 0 0 0 0 0 0 0 0 0 0 0 0 0 0
8.125 124 DELFLY_FLAPCONTROL 0. 0. 0. 0 0. 0
8.137 124 ROTORCRAFT_FP 0 0 0 0 0 0 -10531 4366 -10728 0 0 512 0 0 0
8.183 124 DELFLY_SPEEDCTRL 1 4 0 0 0 0 0 0 0 0 0 0 0 0 0 0. 0 0 0. 0 0 0.
8.209 124 LINK_REPORT 124 -1 9 0 99841 1825 0 1816. 33. 1 2.69
8.228 124 RPM_SENSOR 0 0 106.666664 0. 0. 0. 0. 0
8.282 124 DELFLY_STATE 0 0 0 0 0 0 0 0 0 0 0 0 0 0 0 -10728 0 6432 0. 4
8.288 124 GPS_INT 0 0 0 0 0 0 0 0 0 0 0 0 0 0 0 0
8.328 124 INS 0 0 0 0 0 0 0 0 0
8.376 124 DELFLY_FLAPCONTROL 0. 0. 0. 0 0. 0
8.397 124 AUTOPILOT_VERSION 50700 v5.7_devel-970-gf43b16e-dirty
8.398 124 UART_ERRORS 0 0 4548 3
8.398 124 ALIVE 80,0,127,201,190,165,141,76,36,6,145,183,147,175,115,16
8.433 124 DELFLY_SPEEDCTRL 1 4 0 0 0 0 0 0 0 0 0 0 0 0 0 0. 0 0 0. 0 0 0.
8.483 124 RPM_SENSOR 0 0 106.666664 0. 0. 0. 0. 0
8.485 124 DELFLY_SPEEDCTRL_GAINS 0 18829 11115 12.5892 -485 -777 -0.0227 -1259 117 0.0034 16384 16384
8.532 124 DELFLY_STATE 0 0 0 0 0 0 0 0 0 0 0 0 0 0 0 -10725 0 6432 0. 4
8.595 124 INS 0 0 0 0 0 0 0 0 0
8.596 124 STAB_ATTITUDE_INT 9 -2 0 -10530 4366 -10725 0 0 0 0 0 0 0 0 0 0 0 0 0 0 0
8.628 124 DELFLY_FLAPCONTROL 0. 0. 0. 0 0. 0
8.638 124 ROTORCRAFT_FP 0 0 0 0 0 0 -10530 4367 -10725 0 0 512 0 0 0
8.684 124 DELFLY_SPEEDCTRL 1 4 0 0 0 0 0 0 0 0 0 0 0 0 0 0. 0 0 0. 0 0 0.
8.728 124 RPM_SENSOR 0 0 106.666664 0. 0. 0. 0. 0
8.782 124 DELFLY_STATE 0 0 0 0 0 0 0 0 0 0 0 0 0 0 0 -10725 0 6432 0. 4
8.790 124 GPS_INT 0 0 0 0 0 0 0 0 0 0 0 0 0 0 0 0
8.829 124 INS 0 0 0 0 0 0 0 0 0
8.876 124 DELFLY_FLAPCONTROL 0. 0. 0. 0 0. 0
8.881 124 WP_MOVED_ENU 2 304 -158 512
8.890 124 DELFLY_STATEESTIMATION 4 0 0.033333 10. 0 0 0 0 0 0 0 0 0 0 0 0 0 84 -26 -370
8.934 124 DELFLY_SPEEDCTRL 1 4 0 0 0 0 0 0 0 0 0 0 0 0 0 0. 0 0 0. 0 0 0.
8.979 124 RPM_SENSOR 0 0 106.666664 0. 0. 0. 0. 0
9.033 124 DELFLY_STATE 0 0 0 0 0 0 0 0 0 0 0 0 0 0 0 -10724 0 6432 0. 4
9.115 124 INS 0 0 0 0 0 0 0 0 0
9.117 124 STAB_ATTITUDE_INT -3 8 -12 -10530 4367 -10724 0 0 0 0 0 0 0 0 0 0 0 0 0 0 0
9.118 124 ROTORCRAFT_NAV_STATUS 21 0 0. 0. 0 2 0
9.126 124 DELFLY_FLAPCONTROL 0. 0. 0. 0 0. 0
9.143 124 ROTORCRAFT_STATUS 0 0 2 0 0 0 0 0 0 0 42 21
9.143 124 DL_VALUE 14 850.
9.143 124 ROTORCRAFT_FP 0 0 0 0 0 0 -10530 4367 -10723 0 0 512 0 0 0
9.184 124 DELFLY_SPEEDCTRL 1 4 0 0 0 0 0 0 0 0 0 0 0 0 0 0. 0 0 0. 0 0 0.
9.209 124 LINK_REPORT 124 -1 10 0 101649 1860 0 1808. 35. 1 2.69
9.228 124 RPM_SENSOR 0 0 106.666664 0. 0. 0. 0. 0
9.283 124 DELFLY_STATE 0 0 0 0 0 0 0 0 0 0 0 0 0 0 0 -10722 0 6432 0. 4
9.287 124 GPS_INT 0 0 0 0 0 0 0 0 0 0 0 0 0 0 0 0
9.329 124 INS 0 0 0 0 0 0 0 0 0
9.376 124 DELFLY_FLAPCONTROL 0. 0. 0. 0 0. 0
9.390 124 DELFLY_GUIDANCE 0 0 0 0 0 0 0 0 0 0 0 0 0 0 0 0 0 0 0 0 0
9.434 124 DELFLY_SPEEDCTRL 1 4 0 0 0 0 0 0 0 0 0 0 0 0 0 0. 0 0 0. 0 0 0.
9.482 124 RPM_SENSOR 0 0 106.666664 0. 0. 0. 0. 0
9.485 124 DELFLY_SPEEDCTRL_GAINS 0 18829 11115 12.5892 -485 -777 -0.0227 -1259 117 0.0034 16384 16384
9.532 124 DELFLY_STATE 0 0 0 0 0 0 0 0 0 0 0 0 0 0 0 -10721 0 6432 0. 4
9.607 124 INS 0 0 0 0 0 0 0 0 0
9.607 124 STAB_ATTITUDE_INT 0 -10 0 -10530 4367 -10721 0 0 0 0 0 0 0 0 0 0 0 0 0 0 0
9.625 124 DELFLY_FLAPCONTROL 0. 0. 0. 0 0. 0
9.637 124 ROTORCRAFT_FP 0 0 0 0 0 0 -10530 4367 -10722 0 0 512 0 0 0
9.683 124 DELFLY_SPEEDCTRL 1 4 0 0 0 0 0 0 0 0 0 0 0 0 0 0. 0 0 0. 0 0 0.
9.728 124 RPM_SENSOR 0 0 106.666664 0. 0. 0. 0. 0
9.783 124 DELFLY_STATE 0 0 0 0 0 0 0 0 0 0 0 0 0 0 0 -10721 0 6432 0. 4
9.787 124 GPS_INT 0 0 0 0 0 0 0 0 0 0 0 0 0 0 0 0
9.814 124 PONG 
9.856 124 INS 0 0 0 0 0 0 0 0 0
9.877 124 DELFLY_FLAPCONTROL 0. 0. 0. 0 0. 0
9.888 124 ENERGY 4.2 0. 0 0.
9.889 124 ALIVE 80,0,127,201,190,165,141,76,36,6,145,183,147,175,115,16
9.892 124 DELFLY_STATEESTIMATION 4 0 0.033333 10. 0 0 0 0 0 0 0 0 0 0 0 0 0 91 -11 -429
9.936 124 DELFLY_SPEEDCTRL 1 4 0 0 0 0 0 0 0 0 0 0 0 0 0 0. 0 0 0. 0 0 0.
9.978 124 RPM_SENSOR 0 0 106.666664 0. 0. 0. 0. 0
10.033 124 DELFLY_STATE 0 0 0 0 0 0 0 0 0 0 0 0 0 0 0 -10720 0 6432 0. 4
10.090 124 INS 0 0 0 0 0 0 0 0 0
10.090 124 STAB_ATTITUDE_INT -3 -5 -6 -10529 4368 -10720 0 0 0 0 0 0 0 0 0 0 0 0 0 0 0
10.126 124 DELFLY_FLAPCONTROL 0. 0. 0. 0 0. 0
10.137 124 ROTORCRAFT_FP 0 0 0 0 0 0 -10530 4367 -10719 0 0 512 0 0 0
10.184 124 DELFLY_SPEEDCTRL 1 4 0 0 0 0 0 0 0 0 0 0 0 0 0 0. 0 0 0. 0 0 0.
10.210 124 LINK_REPORT 124 -1 11 0 103440 1892 0 1791. 32. 2 2.89
10.228 124 RPM_SENSOR 0 0 106.666664 0. 0. 0. 0. 0
10.282 124 DELFLY_STATE 0 0 0 0 0 0 0 0 0 0 0 0 0 0 0 -10719 0 6432 0. 4
10.289 124 GPS_INT 0 0 0 0 0 0 0 0 0 0 0 0 0 0 0 0
10.329 124 INS 0 0 0 0 0 0 0 0 0
10.376 124 DELFLY_FLAPCONTROL 0. 0. 0. 0 0. 0
10.387 124 WP_MOVED_ENU 3 -184 -202 512
10.392 124 DELFLY_GUIDANCE 0 0 0 0 0 0 0 0 0 0 0 0 0 0 0 0 0 0 0 0 0
10.434 124 DELFLY_SPEEDCTRL 1 4 0 0 0 0 0 0 0 0 0 0 0 0 0 0. 0 0 0. 0 0 0.
10.483 124 RPM_SENSOR 0 0 106.666664 0. 0. 0. 0. 0
10.484 124 DELFLY_SPEEDCTRL_GAINS 0 18829 11115 12.5892 -485 -777 -0.0227 -1259 117 0.0034 16384 16384
10.532 124 DELFLY_STATE 0 0 0 0 0 0 0 0 0 0 0 0 0 0 0 -10718 0 6432 0. 4
10.608 124 INS 0 0 0 0 0 0 0 0 0
10.611 124 STAB_ATTITUDE_INT 6 -6 -12 -10529 4368 -10718 0 0 0 0 0 0 0 0 0 0 0 0 0 0 0
10.611 124 ROTORCRAFT_NAV_STATUS 23 0 0. 0. 0 2 0
10.627 124 DELFLY_FLAPCONTROL 0. 0. 0. 0 0. 0
10.642 124 ROTORCRAFT_STATUS 0 0 2 0 0 0 0 0 0 0 42 23
10.642 124 DL_VALUE 15 100.
10.642 124 ROTORCRAFT_FP 0 0 0 0 0 0 -10529 4368 -10717 0 0 512 0 0 0
10.684 124 DELFLY_SPEEDCTRL 1 4 0 0 0 0 0 0 0 0 0 0 0 0 0 0. 0 0 0. 0 0 0.
10.728 124 RPM_SENSOR 0 0 106.666664 0. 0. 0. 0. 0
10.782 124 DELFLY_STATE 0 0 0 0 0 0 0 0 0 0 0 0 0 0 0 -10717 0 6432 0. 4
10.790 124 GPS_INT 0 0 0 0 0 0 0 0 0 0 0 0 0 0 0 0
10.829 124 INS 0 0 0 0 0 0 0 0 0
10.876 124 DELFLY_FLAPCONTROL 0. 0. 0. 0 0. 0
10.889 124 DELFLY_STATEESTIMATION 4 0 0.033333 10. 0 0 0 0 0 0 0 0 0 0 0 0 0 82 -9 -226
10.934 124 DELFLY_SPEEDCTRL 1 4 0 0 0 0 0 0 0 0 0 0 0 0 0 0. 0 0 0. 0 0 0.
10.978 124 RPM_SENSOR 0 0 106.666664 0. 0. 0. 0. 0
11.032 124 DELFLY_STATE 0 0 0 0 0 0 0 0 0 0 0 0 0 0 0 -10717 0 6432 0. 4
11.110 124 INS 0 0 0 0 0 0 0 0 0
11.110 124 STAB_ATTITUDE_INT 0 -10 0 -10530 4368 -10716 0 0 0 0 0 0 0 0 0 0 0 0 0 0 0
11.126 124 DELFLY_FLAPCONTROL 0. 0. 0. 0 0. 0
11.138 124 ROTORCRAFT_FP 0 0 0 0 0 0 -10530 4368 -10716 0 0 512 0 0 0
11.184 124 DELFLY_SPEEDCTRL 1 4 0 0 0 0 0 0 0 0 0 0 0 0 0 0. 0 0 0. 0 0 0.
11.211 124 LINK_REPORT 124 -1 12 0 105256 1925 0 1816. 33. 2 2.89
11.228 124 RPM_SENSOR 0 0 106.666664 0. 0. 0. 0. 0
11.283 124 DELFLY_STATE 0 0 0 0 0 0 0 0 0 0 0 0 0 0 0 -10716 0 6432 0. 4
11.287 124 GPS_INT 0 0 0 0 0 0 0 0 0 0 0 0 0 0 0 0
11.329 124 INS 0 0 0 0 0 0 0 0 0
11.376 124 DELFLY_FLAPCONTROL 0. 0. 0. 0 0. 0
11.389 124 INS_REF 392433200 30036200 500219700 519906298 43767927 45195 0 0.
11.390 124 DATALINK_REPORT 2 2 794 1806 0 31
11.392 124 ALIVE 80,0,127,201,190,165,141,76,36,6,145,183,147,175,115,16
11.434 124 DELFLY_SPEEDCTRL 1 4 0 0 0 0 0 0 0 0 0 0 0 0 0 0. 0 0 0. 0 0 0.
11.483 124 RPM_SENSOR 0 0 106.666664 0. 0. 0. 0. 0
11.484 124 DELFLY_SPEEDCTRL_GAINS 0 18829 11115 12.5892 -485 -777 -0.0227 -1259 117 0.0034 16384 16384
11.532 124 DELFLY_STATE 0 0 0 0 0 0 0 0 0 0 0 0 0 0 0 -10715 0 6432 0. 4
11.606 124 INS 0 0 0 0 0 0 0 0 0
11.612 124 STAB_ATTITUDE_INT -1 -13 -11 -10530 4369 -10715 0 0 0 0 0 0 0 0 0 0 0 0 0 0 0
11.627 124 DELFLY_FLAPCONTROL 0. 0. 0. 0 0. 0
11.638 124 ROTORCRAFT_FP 0 0 0 0 0 0 -10529 4369 -10714 0 0 512 0 0 0
11.682 124 DELFLY_SPEEDCTRL 1 4 0 0 0 0 0 0 0 0 0 0 0 0 0 0. 0 0 0. 0 0 0.
11.729 124 RPM_SENSOR 0 0 106.666664 0. 0. 0. 0. 0
11.783 124 DELFLY_STATE 0 0 0 0 0 0 0 0 0 0 0 0 0 0 0 -10714 0 6432 0. 4
11.787 124 GPS_INT 0 0 0 0 0 0 0 0 0 0 0 0 0 0 0 0
11.829 124 INS 0 0 0 0 0 0 0 0 0
11.876 124 DELFLY_FLAPCONTROL 0. 0. 0. 0 0. 0
11.887 124 WP_MOVED_ENU 4 197 -440 512
11.890 124 DELFLY_STATEESTIMATION 4 0 0.033333 10. 0 0 0 0 0 0 0 0 0 0 0 0 0 80 -20 -373
11.934 124 DELFLY_SPEEDCTRL 1 4 0 0 0 0 0 0 0 0 0 0 0 0 0 0. 0 0 0. 0 0 0.
11.979 124 RPM_SENSOR 0 0 106.666664 0. 0. 0. 0. 0
12.032 124 DELFLY_STATE 0 0 0 0 0 0 0 0 0 0 0 0 0 0 0 -10712 0 6432 0. 4
12.115 124 INS 0 0 0 0 0 0 0 0 0
12.117 124 STAB_ATTITUDE_INT 2 -1 -4 -10529 4369 -10712 0 0 0 0 0 0 0 0 0 0 0 0 0 0 0
12.117 124 ROTORCRAFT_NAV_STATUS 24 0 0. 0. 0 2 0
12.127 124 DELFLY_FLAPCONTROL 0. 0. 0. 0 0. 0
12.138 124 ROTORCRAFT_STATUS 0 0 2 0 0 0 0 0 0 0 42 24
12.140 124 DL_VALUE 16 225.
12.141 124 ROTORCRAFT_FP 0 0 0 0 0 0 -10529 4369 -10712 0 0 512 0 0 0
12.185 124 DELFLY_SPEEDCTRL 1 4 0 0 0 0 0 0 0 0 0 0 0 0 0 0. 0 0 0. 0 0 0.
12.212 124 LINK_REPORT 124 -1 13 0 107066 1960 0 1810. 35. 2 2.89
12.228 124 RPM_SENSOR 0 0 106.666664 0. 0. 0. 0. 0
12.283 124 DELFLY_STATE 0 0 0 0 0 0 0 0 0 0 0 0 0 0 0 -10712 0 6432 0. 4
12.287 124 GPS_INT 0 0 0 0 0 0 0 0 0 0 0 0 0 0 0 0
12.329 124 INS 0 0 0 0 0 0 0 0 0
12.376 124 DELFLY_FLAPCONTROL 0. 0. 0. 0 0. 0
12.392 124 DELFLY_GUIDANCE 0 0 0 0 0 0 0 0 0 0 0 0 0 0 0 0 0 0 0 0 0
12.434 124 DELFLY_SPEEDCTRL 1 4 0 0 0 0 0 0 0 0 0 0 0 0 0 0. 0 0 0. 0 0 0.
12.483 124 RPM_SENSOR 0 0 106.666664 0. 0. 0. 0. 0
12.484 124 DELFLY_SPEEDCTRL_GAINS 0 18829 11115 12.5892 -485 -777 -0.0227 -1259 117 0.0034 16384 16384
12.532 124 DELFLY_STATE 0 0 0 0 0 0 0 0 0 0 0 0 0 0 0 -10711 0 6432 0. 4
12.617 124 INS 0 0 0 0 0 0 0 0 0
12.621 124 STAB_ATTITUDE_INT -3 -5 -6 -10528 4369 -10709 0 0 0 0 0 0 0 0 0 0 0 0 0 0 0
12.626 124 DELFLY_FLAPCONTROL 0. 0. 0. 0 0. 0
12.639 124 ROTORCRAFT_FP 0 0 0 0 0 0 -10528 4369 -10709 0 0 512 0 0 0
12.683 124 DELFLY_SPEEDCTRL 1 4 0 0 0 0 0 0 0 0 0 0 0 0 0 0. 0 0 0. 0 0 0.
12.728 124 RPM_SENSOR 0 0 106.666664 0. 0. 0. 0. 0
12.783 124 DELFLY_STATE 0 0 0 0 0 0 0 0 0 0 0 0 0 0 0 -10709 0 6432 0. 4
12.787 124 GPS_INT 0 0 0 0 0 0 0 0 0 0 0 0 0 0 0 0
12.829 124 INS 0 0 0 0 0 0 0 0 0
12.876 124 DELFLY_FLAPCONTROL 0. 0. 0. 0 0. 0
12.889 124 ENERGY 4.2 0. 0 0.
12.890 124 ALIVE 80,0,127,201,190,165,141,76,36,6,145,183,147,175,115,16
12.897 124 DELFLY_STATEESTIMATION 4 0 0.033333 10. 0 0 0 0 0 0 0 0 0 0 0 0 0 122 10 -378
12.934 124 DELFLY_SPEEDCTRL 1 4 0 0 0 0 0 0 0 0 0 0 0 0 0 0. 0 0 0. 0 0 0.
12.978 124 RPM_SENSOR 0 0 106.666664 0. 0. 0. 0. 0
13.032 124 DELFLY_STATE 0 0 0 0 0 0 0 0 0 0 0 0 0 0 0 -10708 0 6432 0. 4
13.112 124 INS 0 0 0 0 0 0 0 0 0
13.112 124 STAB_ATTITUDE_INT -5 -13 -3 -10528 4370 -10708 0 0 0 0 0 0 0 0 0 0 0 0 0 0 0
13.128 124 DELFLY_FLAPCONTROL 0. 0. 0. 0 0. 0
13.139 124 ROTORCRAFT_FP 0 0 0 0 0 0 -10528 4370 -10707 0 0 512 0 0 0
13.184 124 DELFLY_SPEEDCTRL 1 4 0 0 0 0 0 0 0 0 0 0 0 0 0 0. 0 0 0. 0 0 0.
13.212 124 LINK_REPORT 124 -1 14 0 108851 1991 0 1785. 31. 2 2.89
13.228 124 RPM_SENSOR 0 0 106.666664 0. 0. 0. 0. 0
13.284 124 DELFLY_STATE 0 0 0 0 0 0 0 0 0 0 0 0 0 0 0 -10706 0 6432 0. 4
13.292 124 GPS_INT 0 0 0 0 0 0 0 0 0 0 0 0 0 0 0 0
13.329 124 INS 0 0 0 0 0 0 0 0 0
13.376 124 DELFLY_FLAPCONTROL 0. 0. 0. 0 0. 0
13.389 124 WP_MOVED_ENU 5 2 128 640
13.391 124 DELFLY_GUIDANCE 0 0 0 0 0 0 0 0 0 0 0 0 0 0 0 0 0 0 0 0 0
13.434 124 DELFLY_SPEEDCTRL 1 4 0 0 0 0 0 0 0 0 0 0 0 0 0 0. 0 0 0. 0 0 0.
13.483 124 RPM_SENSOR 0 0 106.666664 0. 0. 0. 0. 0
13.486 124 DELFLY_SPEEDCTRL_GAINS 0 18829 11115 12.5892 -485 -777 -0.0227 -1259 117 0.0034 16384 16384
13.532 124 DELFLY_STATE 0 0 0 0 0 0 0 0 0 0 0 0 0 0 0 -10705 0 6432 0. 4
13.615 124 INS 0 0 0 0 0 0 0 0 0
13.617 124 STAB_ATTITUDE_INT -3 -5 -6 -10528 4370 -10705 0 0 0 0 0 0 0 0 0 0 0 0 0 0 0
13.619 124 ROTORCRAFT_NAV_STATUS 26 0 0. 0. 0 2 0
13.627 124 DELFLY_FLAPCONTROL 0. 0. 0. 0 0. 0
13.639 124 ROTORCRAFT_STATUS 0 0 2 0 0 0 0 0 0 0 42 26
13.640 124 DL_VALUE 17 0.
13.641 124 ROTORCRAFT_FP 0 0 0 0 0 0 -10527 4371 -10704 0 0 512 0 0 0
13.684 124 DELFLY_SPEEDCTRL 1 4 0 0 0 0 0 0 0 0 0 0 0 0 0 0. 0 0 0. 0 0 0.
13.728 124 RPM_SENSOR 0 0 106.666664 0. 0. 0. 0. 0
13.782 124 DELFLY_STATE 0 0 0 0 0 0 0 0 0 0 0 0 0 0 0 -10704 0 6432 0. 4
13.787 124 GPS_INT 0 0 0 0 0 0 0 0 0 0 0 0 0 0 0 0
13.829 124 INS 0 0 0 0 0 0 0 0 0
13.876 124 DELFLY_FLAPCONTROL 0. 0. 0. 0 0. 0
13.890 124 DELFLY_STATEESTIMATION 4 0 0.033333 10. 0 0 0 0 0 0 0 0 0 0 0 0 0 114 71 -337
13.938 124 DELFLY_SPEEDCTRL 1 4 0 0 0 0 0 0 0 0 0 0 0 0 0 0. 0 0 0. 0 0 0.
13.979 124 RPM_SENSOR 0 0 106.666664 0. 0. 0. 0. 0
14.035 124 DELFLY_STATE 0 0 0 0 0 0 0 0 0 0 0 0 0 0 0 -10703 0 6432 0. 4
14.111 124 INS 0 0 0 0 0 0 0 0 0
14.112 124 STAB_ATTITUDE_INT 4 3 12 -10526 4371 -10702 0 0 0 0 0 0 0 0 0 0 0 0 0 0 0
14.133 124 DELFLY_FLAPCONTROL 0. 0. 0. 0 0. 0
14.138 124 ROTORCRAFT_FP 0 0 0 0 0 0 -10526 4371 -10702 0 0 512 0 0 0
14.183 124 DELFLY_SPEEDCTRL 1 4 0 0 0 0 0 0 0 0 0 0 0 0 0 0. 0 0 0. 0 0 0.
14.212 124 LINK_REPORT 124 -1 15 0 110667 2024 0 1816. 33. 2 2.89
14.228 124 RPM_SENSOR 0 0 106.666664 0. 0. 0. 0. 0
14.285 124 DELFLY_STATE 0 0 0 0 0 0 0 0 0 0 0 0 0 0 0 -10701 0 6432 0. 4
14.288 124 GPS_INT 0 0 0 0 0 0 0 0 0 0 0 0 0 0 0 0
14.332 124 INS 0 0 0 0 0 0 0 0 0
14.376 124 DELFLY_FLAPCONTROL 0. 0. 0. 0 0. 0
14.398 124 AUTOPILOT_VERSION 50700 v5.7_devel-970-gf43b16e-dirty
14.398 124 ALIVE 80,0,127,201,190,165,141,76,36,6,145,183,147,175,115,16
14.434 124 DELFLY_SPEEDCTRL 1 4 0 0 0 0 0 0 0 0 0 0 0 0 0 0. 0 0 0. 0 0 0.
14.484 124 RPM_SENSOR 0 0 106.666664 0. 0. 0. 0. 0
14.484 124 DELFLY_SPEEDCTRL_GAINS 0 18829 11115 12.5892 -485 -777 -0.0227 -1259 117 0.0034 16384 16384
14.535 124 DELFLY_STATE 0 0 0 0 0 0 0 0 0 0 0 0 0 0 0 -10700 0 6432 0. 4
14.616 124 INS 0 0 0 0 0 0 0 0 0
14.618 124 STAB_ATTITUDE_INT -6 0 1 -10525 4371 -10700 0 0 0 0 0 0 0 0 0 0 0 0 0 0 0
14.626 124 DELFLY_FLAPCONTROL 0. 0. 0. 0 0. 0
14.638 124 ROTORCRAFT_FP 0 0 0 0 0 0 -10525 4371 -10699 0 0 512 0 0 0
14.683 124 DELFLY_SPEEDCTRL 1 4 0 0 0 0 0 0 0 0 0 0 0 0 0 0. 0 0 0. 0 0 0.
14.728 124 RPM_SENSOR 0 0 106.666664 0. 0. 0. 0. 0
14.786 124 DELFLY_STATE 0 0 0 0 0 0 0 0 0 0 0 0 0 0 0 -10699 0 6432 0. 4
14.791 124 GPS_INT 0 0 0 0 0 0 0 0 0 0 0 0 0 0 0 0
14.817 124 PONG 
14.856 124 INS 0 0 0 0 0 0 0 0 0
14.879 124 DELFLY_FLAPCONTROL 0. 0. 0. 0 0. 0
14.887 124 WP_MOVED_ENU 6 2 128 512
14.891 124 DELFLY_STATEESTIMATION 4 0 0.033333 10. 0 0 0 0 0 0 0 0 0 0 0 0 0 102 38 -269
14.934 124 DELFLY_SPEEDCTRL 1 4 0 0 0 0 0 0 0 0 0 0 0 0 0 0. 0 0 0. 0 0 0.
14.978 124 RPM_SENSOR 0 0 106.666664 0. 0. 0. 0. 0
15.032 124 DELFLY_STATE 0 0 0 0 0 0 0 0 0 0 0 0 0 0 0 -10698 0 6432 0. 4
15.095 124 INS 0 0 0 0 0 0 0 0 0
15.102 124 STAB_ATTITUDE_INT 2 -6 5 -10525 4372 -10697 0 0 0 0 0 0 0 0 0 0 0 0 0 0 0
15.102 124 ROTORCRAFT_NAV_STATUS 27 0 0. 0. 0 2 0
15.126 124 DELFLY_FLAPCONTROL 0. 0. 0. 0 0. 0
15.141 124 ROTORCRAFT_STATUS 0 0 2 0 0 0 0 0 0 0 42 27
15.142 124 DL_VALUE 18 60.
15.144 124 ROTORCRAFT_FP 0 0 0 0 0 0 -10525 4372 -10697 0 0 512 0 0 0
15.166 124 WIND_INFO 124 42 0. 0. 0.
15.213 124 LINK_REPORT 124 -1 16 0 112380 2058 0 1713. 34. 4 5.34
15.221 124 DELFLY_SPEEDCTRL 1 4 0 0 0 0 0 0 0 0 0 0 0 0 0 0. 0 0 0. 0 0 0.
15.229 124 RPM_SENSOR 0 0 106.666664 0. 0. 0. 0. 0
15.282 124 DELFLY_STATE 0 0 0 0 0 0 0 0 0 0 0 0 0 0 0 -10697 0 6432 0. 4
15.292 124 GPS_INT 0 0 0 0 0 0 0 0 0 0 0 0 0 0 0 0
15.329 124 INS 0 0 0 0 0 0 0 0 0
15.377 124 DELFLY_FLAPCONTROL 0. 0. 0. 0 0. 0
15.395 124 DELFLY_GUIDANCE 0 0 0 0 0 0 0 0 0 0 0 0 0 0 0 0 0 0 0 0 0
15.433 124 DELFLY_SPEEDCTRL 1 4 0 0 0 0 0 0 0 0 0 0 0 0 0 0. 0 0 0. 0 0 0.
15.487 124 RPM_SENSOR 0 0 106.666664 0. 0. 0. 0. 0
15.490 124 DELFLY_SPEEDCTRL_GAINS 0 18829 11115 12.5892 -485 -777 -0.0227 -1259 117 0.0034 16384 16384
15.533 124 DELFLY_STATE 0 0 0 0 0 0 0 0 0 0 0 0 0 0 0 -10696 0 6432 0. 4
15.642 124 INS 0 0 0 0 0 0 0 0 0
15.642 124 STAB_ATTITUDE_INT 2 -10 5 -10525 4372 -10696 0 0 0 0 0 0 0 0 0 0 0 0 0 0 0
15.642 124 DELFLY_FLAPCONTROL 0. 0. 0. 0 0. 0
15.642 124 ROTORCRAFT_FP 0 0 0 0 0 0 -10525 4372 -10695 0 0 512 0 0 0
15.684 124 DELFLY_SPEEDCTRL 1 4 0 0 0 0 0 0 0 0 0 0 0 0 0 0. 0 0 0. 0 0 0.
15.728 124 RPM_SENSOR 0 0 106.666664 0. 0. 0. 0. 0
15.783 124 DELFLY_STATE 0 0 0 0 0 0 0 0 0 0 0 0 0 0 0 -10695 0 6432 0. 4
15.787 124 GPS_INT 0 0 0 0 0 0 0 0 0 0 0 0 0 0 0 0
15.829 124 INS 0 0 0 0 0 0 0 0 0
15.876 124 DELFLY_FLAPCONTROL 0. 0. 0. 0 0. 0
15.893 124 ENERGY 4.2 0. 0 0.
15.896 124 ALIVE 80,0,127,201,190,165,141,76,36,6,145,183,147,175,115,16
15.904 124 DELFLY_STATEESTIMATION 4 0 0.033333 10. 0 0 0 0 0 0 0 0 0 0 0 0 0 74 68 -315
15.933 124 DELFLY_SPEEDCTRL 1 4 0 0 0 0 0 0 0 0 0 0 0 0 0 0. 0 0 0. 0 0 0.
15.979 124 RPM_SENSOR 0 0 106.666664 0. 0. 0. 0. 0
16.033 124 DELFLY_STATE 0 0 0 0 0 0 0 0 0 0 0 0 0 0 0 -10693 0 6432 0. 4
16.119 124 INS 0 0 0 0 0 0 0 0 0
16.119 124 STAB_ATTITUDE_INT -3 -13 -6 -10525 4373 -10693 0 0 0 0 0 0 0 0 0 0 0 0 0 0 0
16.126 124 DELFLY_FLAPCONTROL 0. 0. 0. 0 0. 0
16.137 124 ROTORCRAFT_FP 0 0 0 0 0 0 -10525 4373 -10693 0 0 512 0 0 0
16.188 124 DELFLY_SPEEDCTRL 1 4 0 0 0 0 0 0 0 0 0 0 0 0 0 0. 0 0 0. 0 0 0.
16.213 124 LINK_REPORT 124 -1 17 0 114253 2090 0 1873. 32. 4 5.34
16.228 124 RPM_SENSOR 0 0 106.666664 0. 0. 0. 0. 0
16.283 124 DELFLY_STATE 0 0 0 0 0 0 0 0 0 0 0 0 0 0 0 -10692 0 6432 0. 4
16.290 124 GPS_INT 0 0 0 0 0 0 0 0 0 0 0 0 0 0 0 0
16.332 124 INS 0 0 0 0 0 0 0 0 0
16.376 124 DELFLY_FLAPCONTROL 0. 0. 0. 0 0. 0
16.387 124 WP_MOVED_ENU 7 28 25 486
16.390 124 DELFLY_GUIDANCE 0 0 0 0 0 0 0 0 0 0 0 0 0 0 0 0 0 0 0 0 0
16.436 124 DELFLY_SPEEDCTRL 1 4 0 0 0 0 0 0 0 0 0 0 0 0 0 0. 0 0 0. 0 0 0.
16.440 124 WIND_INFO 124 42 0. 0. 0.
16.483 124 RPM_SENSOR 0 0 106.666664 0. 0. 0. 0. 0
16.525 124 DELFLY_SPEEDCTRL_GAINS 0 18829 11115 12.5892 -485 -777 -0.0227 -1259 117 0.0034 16384 16384
16.532 124 DELFLY_STATE 0 0 0 0 0 0 0 0 0 0 0 0 0 0 0 -10691 0 6432 0. 4
16.622 124 INS 0 0 0 0 0 0 0 0 0
16.622 124 STAB_ATTITUDE_INT -1 -14 -1 -10525 4373 -10691 0 0 0 0 0 0 0 0 0 0 0 0 0 0 0
16.623 124 ROTORCRAFT_NAV_STATUS 29 0 0. 0. 0 2 0
16.633 124 DELFLY_FLAPCONTROL 0. 0. 0. 0 0. 0
16.640 124 ROTORCRAFT_STATUS 0 0 2 0 0 0 0 0 0 0 42 29
16.640 124 DL_VALUE 19 20.
16.643 124 ROTORCRAFT_FP 0 0 0 0 0 0 -10524 4373 -10691 0 0 512 0 0 0
16.684 124 DELFLY_SPEEDCTRL 1 4 0 0 0 0 0 0 0 0 0 0 0 0 0 0. 0 0 0. 0 0 0.
16.729 124 RPM_SENSOR 0 0 106.666664 0. 0. 0. 0. 0
16.782 124 DELFLY_STATE 0 0 0 0 0 0 0 0 0 0 0 0 0 0 0 -10690 0 6432 0. 4
16.787 124 GPS_INT 0 0 0 0 0 0 0 0 0 0 0 0 0 0 0 0
16.829 124 INS 0 0 0 0 0 0 0 0 0
16.876 124 DELFLY_FLAPCONTROL 0. 0. 0. 0 0. 0
16.890 124 DELFLY_STATEESTIMATION 4 0 0.033333 10. 0 0 0 0 0 0 0 0 0 0 0 0 0 83 -30 -317
16.934 124 DELFLY_SPEEDCTRL 1 4 0 0 0 0 0 0 0 0 0 0 0 0 0 0. 0 0 0. 0 0 0.
16.978 124 RPM_SENSOR 0 0 106.666664 0. 0. 0. 0. 0
17.032 124 DELFLY_STATE 0 0 0 0 0 0 0 0 0 0 0 0 0 0 0 -10689 0 6432 0. 4
17.083 124 INS 0 0 0 0 0 0 0 0 0
17.119 124 STAB_ATTITUDE_INT -14 -12 -2 -10524 4374 -10689 0 0 0 0 0 0 0 0 0 0 0 0 0 0 0
17.128 124 DELFLY_FLAPCONTROL 0. 0. 0. 0 0. 0
17.137 124 ROTORCRAFT_FP 0 0 0 0 0 0 -10524 4374 -10688 0 0 512 0 0 0
17.188 124 DELFLY_SPEEDCTRL 1 4 0 0 0 0 0 0 0 0 0 0 0 0 0 0. 0 0 0. 0 0 0.
17.214 124 LINK_REPORT 124 -1 18 0 116069 2123 0 1816. 33. 5 5.34
17.229 124 RPM_SENSOR 0 0 106.666664 0. 0. 0. 0. 0
17.285 124 DELFLY_STATE 0 0 0 0 0 0 0 0 0 0 0 0 0 0 0 -10687 0 6432 0. 4
17.287 124 GPS_INT 0 0 0 0 0 0 0 0 0 0 0 0 0 0 0 0
17.329 124 INS 0 0 0 0 0 0 0 0 0
17.375 124 DELFLY_FLAPCONTROL 0. 0. 0. 0 0. 0
17.389 124 INS_REF 392433200 30036200 500219700 519906298 43767927 45195 0 0.
17.391 124 DATALINK_REPORT 1 5 992 1802 0 39
17.392 124 UART_ERRORS 0 0 0 1
17.394 124 ALIVE 80,0,127,201,190,165,141,76,36,6,145,183,147,175,115,16
17.434 124 DELFLY_SPEEDCTRL 1 4 0 0 0 0 0 0 0 0 0 0 0 0 0 0. 0 0 0. 0 0 0.
17.483 124 RPM_SENSOR 0 0 106.666664 0. 0. 0. 0. 0
17.485 124 DELFLY_SPEEDCTRL_GAINS 0 18829 11115 12.5892 -485 -777 -0.0227 -1259 117 0.0034 16384 16384
17.532 124 DELFLY_STATE 0 0 0 0 0 0 0 0 0 0 0 0 0 0 0 -10685 0 6432 0. 4
17.583 124 INS 0 0 0 0 0 0 0 0 0
17.613 124 STAB_ATTITUDE_INT 5 -5 -2 -10523 4374 -10685 0 0 0 0 0 0 0 0 0 0 0 0 0 0 0
17.627 124 DELFLY_FLAPCONTROL 0. 0. 0. 0 0. 0
17.639 124 ROTORCRAFT_FP 0 0 0 0 0 0 -10523 4374 -10685 0 0 512 0 0 0
17.684 124 DELFLY_SPEEDCTRL 1 4 0 0 0 0 0 0 0 0 0 0 0 0 0 0. 0 0 0. 0 0 0.
17.728 124 RPM_SENSOR 0 0 106.666664 0. 0. 0. 0. 0
17.783 124 DELFLY_STATE 0 0 0 0 0 0 0 0 0 0 0 0 0 0 0 -10685 0 6432 0. 4
