2.341 11 LINK_REPORT 11 -1 11373 0 10956868 196105 0 1410. 26. 677909 3.4
2.413 11 ROTORCRAFT_FP -12 -145 -2 0 0 -6380 89 148 -3904 -2 -148 -2 -3824 0 126
2.417 11 POS_CTRL 0. 0. 0. 0. 0. 0. 0. 16 0. 0. 0. 0. 0. 0. 0. 0. 0. 0. 0. 0. 0. 0. 0. 0. 0.
2.464 11 INS -145 -12 2 0 0 6778 -83 71 69
2.515 11 WINDTUNNEL 0 0.487306 -0.111941 4.956345 -1.477919 0.
2.581 11 GPS_INT 392433214 30036170 500219700 519906288 43767882 45276 81 0 0 0 0 0 0 0 5 3
2.582 11 ROTORCRAFT_NAV_STATUS 18 18 0.1 0. 23 1 3
2.664 11 ROTORCRAFT_FP -12 -145 -2 0 0 -5681 89 147 -3904 -2 -148 -2 -3824 0 126
2.667 11 POS_CTRL 0. 0. 0. 0. 0. 0. 0. 16 0. 0. 0. 0. 0. 0. 0. 0. 0. 0. 0. 0. 0. 0. 0. 0. 0.
2.715 11 INS -145 -12 2 0 0 4801 -82 70 69
2.765 11 WINDTUNNEL 0 0.487306 -0.111941 4.956345 -1.477919 0.
2.814 11 GPS_INT 392433214 30036170 500219700 519906288 43767882 45276 81 0 0 0 0 0 0 0 5 3
2.914 11 ROTORCRAFT_FP -12 -145 -2 0 0 -5144 90 146 -3904 -2 -148 -2 -3824 0 126
2.918 11 POS_CTRL 0. 0. 0. 0. 0. 0. 0. 16 0. 0. 0. 0. 0. 0. 0. 0. 0. 0. 0. 0. 0. 0. 0. 0. 0.
2.948 11 WP_MOVED_ENU 1 15 -148 768
2.964 11 INS -145 -12 2 0 0 5558 -18 115 70
3.014 11 WINDTUNNEL 0 0.487306 -0.111941 4.956345 -1.477919 0.
3.064 11 GPS_INT 392433214 30036170 500219700 519906288 43767882 45276 81 0 0 0 0 0 0 0 5 3
3.150 11 DL_VALUE 40 0.9
3.166 11 ROTORCRAFT_FP -12 -145 -2 0 0 -7775 90 146 -3904 -2 -148 -2 -3824 0 126
3.172 11 POS_CTRL 0. 0. 0. 0. 0. 0. 0. 16 0. 0. 0. 0. 0. 0. 0. 0. 0. 0. 0. 0. 0. 0. 0. 0. 0.
3.194 11 ROTORCRAFT_STATUS 0 107 0 30 3 13 0 0 4 5 120 189
3.214 11 INS -145 -12 2 0 0 7889 -80 68 68
3.230 11 LINK_REPORT 11 -1 11374 0 10958246 196129 0 1378. 24. 677969 3.4
3.274 11 WINDTUNNEL 0 0.487306 -0.111941 4.956345 -1.477919 0.
3.314 11 GPS_INT 392433214 30036170 500219700 519906288 43767882 45276 81 0 0 0 0 0 0 0 5 3
3.414 11 ROTORCRAFT_FP -12 -145 -2 0 0 -7711 90 145 -3904 -2 -148 -2 -3824 0 126
3.421 11 POS_CTRL 0. 0. 0. 0. 0. 0. 0. 16 0. 0. 0. 0. 0. 0. 0. 0. 0. 0. 0. 0. 0. 0. 0. 0. 0.
3.464 11 INS -145 -12 3 0 0 8392 -35 4 65
3.514 11 WINDTUNNEL 0 0.487306 -0.111941 4.956345 -1.477919 0.
3.564 11 GPS_INT 392433214 30036170 500219700 519906288 43767882 45276 81 0 0 0 0 0 0 0 5 3
3.664 11 ROTORCRAFT_FP -12 -145 -3 0 0 -8202 90 145 -3904 -2 -148 -3 -3824 0 126
3.669 11 POS_CTRL 0. 0. 0. 0. 0. 0. 0. 16 0. 0. 0. 0. 0. 0. 0. 0. 0. 0. 0. 0. 0. 0. 0. 0. 0.
3.714 11 INS -145 -12 2 0 0 7482 -143 22 66
3.764 11 WINDTUNNEL 0 0.487306 -0.111941 4.956345 -1.477919 0.
3.782 11 ALIVE 199,46,77,35,184,175,54,147,117,161,102,180,3,122,23,240
3.814 11 GPS_INT 392433214 30036170 500219700 519906288 43767882 45276 81 0 0 0 0 0 0 0 5 3
3.914 11 ROTORCRAFT_FP -12 -145 -2 0 0 -6311 90 145 -3904 -2 -148 -2 -3824 0 126
3.920 11 POS_CTRL 0. 0. 0. 0. 0. 0. 0. 16 0. 0. 0. 0. 0. 0. 0. 0. 0. 0. 0. 0. 0. 0. 0. 0. 0.
3.964 11 INS -145 -12 3 0 0 7039 -79 66 68
4.025 11 WINDTUNNEL 0 0.487306 -0.111941 4.956345 -1.477919 0.
4.064 11 GPS_INT 392433214 30036170 500219700 519906288 43767882 45276 81 0 0 0 0 0 0 0 5 3
4.066 11 BLOCK 3 11
4.164 11 ROTORCRAFT_FP -12 -145 -2 0 0 -7070 89 144 -3904 -2 -148 -2 -3904 0 126
4.167 11 POS_CTRL 0. 0. 0. 0. 0. 0. 0. 16 0. 0. 0. 0. 0. 0. 0. 0. 0. 0. 0. 0. 0. 0. 0. 0. 0.
4.170 11 ROTORCRAFT_NAV_STATUS 0 0 0.1 0. 3 1 3
4.214 11 INS -145 -12 2 0 0 7104 -80 66 68
4.231 11 LINK_REPORT 11 -1 11375 0 10959594 196151 0 1348. 22. 678030 3.4
4.246 11 WP_MOVED_ENU 2 15 -148 768
4.248 11 DL_VALUE 41 0.04
4.264 11 WINDTUNNEL 0 0.487306 -0.111941 4.956345 -1.477919 0.
4.314 11 GPS_INT 392433214 30036170 500219700 519906288 43767882 45276 81 0 0 0 0 0 0 0 5 3
4.316 11 ENERGY 12. 0. 148 0.
4.393 11 ROTORCRAFT_STATUS 0 107 0 29 3 13 0 1 4 5 120 190
4.414 11 ROTORCRAFT_FP -12 -145 -2 0 0 -7673 89 144 -3904 -2 -148 -2 -3904 0 126
4.417 11 POS_CTRL 0. 0. 0. 0. 0. 0. 0. 16 0. 0. 0. 0. 0. 0. 0. 0. 0. 0. 0. 0. 0. 0. 0. 0. 0.
4.464 11 INS -145 -12 3 0 0 8216 -80 66 68
4.514 11 WINDTUNNEL 0 0.487306 -0.111941 4.956345 -1.477919 0.
4.564 11 GPS_INT 392433214 30036170 500219700 519906288 43767882 45276 81 0 0 0 0 0 0 0 5 3
4.668 11 ROTORCRAFT_FP -12 -145 -2 0 0 -6021 90 144 -3905 -2 -148 -2 -3904 0 126
4.673 11 POS_CTRL 0. 0. 0. 0. 0. 0. 0. 16 0. 0. 0. 0. 0. 0. 0. 0. 0. 0. 0. 0. 0. 0. 0. 0. 0.
4.719 11 AUTOPILOT_VERSION 50600 v5.6.0_stable-39-ga52ba85-dirty
4.721 11 INS -145 -12 2 0 0 5227 -128 129 71
4.769 11 WINDTUNNEL 0 0.487306 -0.111941 4.956345 -1.477919 0.
4.809 11 DATALINK_REPORT 0 11309 4734 43767 0
4.818 11 GPS_INT 392433214 30036170 500219700 519906288 43767882 45276 81 0 0 0 0 0 0 0 5 3
4.909 11 INS_REF 392433170 30036171 500219735 519906340 43767889 45278 82 0.
4.918 11 ROTORCRAFT_FP -12 -145 -2 0 0 -1059 90 144 -3905 -2 -148 -2 -3904 0 126
4.923 11 POS_CTRL 0. 0. 0. 0. 0. 0. 0. 16 0. 0. 0. 0. 0. 0. 0. 0. 0. 0. 0. 0. 0. 0. 0. 0. 0.
4.971 11 INS -145 -12 2 0 0 1749 -142 21 66
5.018 11 WINDTUNNEL 0 0.487306 -0.111941 4.956345 -1.477919 0.
5.067 11 GPS_INT 392433214 30036170 500219700 519906288 43767882 45276 81 0 0 0 0 0 0 0 5 3
5.168 11 ROTORCRAFT_FP -12 -145 -2 0 0 -4244 90 145 -3903 -2 -148 -2 -3904 0 126
5.172 11 POS_CTRL 0. 0. 0. 0. 0. 0. 0. 16 0. 0. 0. 0. 0. 0. 0. 0. 0. 0. 0. 0. 0. 0. 0. 0. 0.
5.176 11 STATE_FILTER_STATUS 3 3 0
5.218 11 INS -145 -12 2 0 0 4577 -77 65 147
5.232 11 LINK_REPORT 11 -1 11376 0 10961076 196179 0 1482. 28. 678090 3.4
5.268 11 WINDTUNNEL 0 0.487306 -0.111941 4.956345 -1.477919 0.
5.318 11 GPS_INT 392433214 30036170 500219700 519906289 43767882 45276 81 0 0 0 0 0 0 0 5 3
5.356 11 DL_VALUE 42 0.9
5.418 11 ROTORCRAFT_FP -12 -145 -2 0 0 -4267 92 145 -3899 -2 -148 -2 -3904 0 126
5.426 11 POS_CTRL 0. 0. 0. 0. 0. 0. 0. 16 0. 0. 0. 0. 0. 0. 0. 0. 0. 0. 0. 0. 0. 0. 0. 0. 0.
5.467 11 INS -145 -12 2 0 0 3295 11 -58 62
5.514 11 WIND_INFO 11 42 0. 0. 0.
5.522 11 WINDTUNNEL 0 0.487306 -0.111941 4.956345 -1.477919 0.
5.549 11 WP_MOVED_ENU 3 15 -148 768
5.568 11 GPS_INT 392433214 30036170 500219700 519906288 43767882 45276 81 0 0 0 0 0 0 0 5 3
5.597 11 ROTORCRAFT_STATUS 0 107 0 30 3 13 0 1 4 5 120 191
5.668 11 ROTORCRAFT_FP -12 -145 -2 0 0 -3927 90 145 -3898 -2 -148 -2 -3904 0 126
5.674 11 POS_CTRL 0. 0. 0. 0. 0. 0. 0. 16 0. 0. 0. 0. 0. 0. 0. 0. 0. 0. 0. 0. 0. 0. 0. 0. 0.
5.719 11 INS -145 -12 2 0 0 3911 55 -118 -18
5.770 11 WINDTUNNEL 0 0.487306 -0.111941 4.956345 -1.477919 0.
5.774 11 ROTORCRAFT_NAV_STATUS 1 1 0.1 0. 3 1 3
5.818 11 GPS_INT 392433214 30036170 500219700 519906288 43767882 45276 81 0 0 0 0 0 0 0 5 3
5.886 11 ALIVE 199,46,77,35,184,175,54,147,117,161,102,180,3,122,23,240
5.893 11 PONG 
5.917 11 ROTORCRAFT_FP -12 -145 -2 0 0 -4216 90 145 -3899 -2 -148 -2 -3904 0 126
5.923 11 POS_CTRL 0. 0. 0. 0. 0. 0. 0. 16 0. 0. 0. 0. 0. 0. 0. 0. 0. 0. 0. 0. 0. 0. 0. 0. 0.
5.968 11 INS -145 -12 2 0 0 2544 -52 -98 -94
6.018 11 WINDTUNNEL 0 0.487306 -0.111941 4.956345 -1.477919 0.
6.068 11 GPS_INT 392433214 30036170 500219700 519906288 43767882 45276 81 0 0 0 0 0 0 0 5 3
6.168 11 ROTORCRAFT_FP -12 -145 -2 0 0 -2754 91 145 -3898 -2 -148 -2 -3904 0 126
6.174 11 POS_CTRL 0. 0. 0. 0. 0. 0. 0. 16 0. 0. 0. 0. 0. 0. 0. 0. 0. 0. 0. 0. 0. 0. 0. 0. 0.
6.218 11 INS -145 -12 2 0 0 2940 -32 9 -12
6.233 11 LINK_REPORT 11 -1 11377 0 10962483 196205 0 1407. 26. 678151 2.32
6.270 11 WINDTUNNEL 0 0.487306 -0.111941 4.956345 -1.477919 0.
6.318 11 GPS_INT 392433214 30036170 500219700 519906288 43767882 45276 81 0 0 0 0 0 0 0 5 3
6.417 11 ROTORCRAFT_FP -12 -145 -2 0 0 -3620 90 146 -3899 -2 -148 -2 -3904 0 126
6.421 11 POS_CTRL 0. 0. 0. 0. 0. 0. 0. 16 0. 0. 0. 0. 0. 0. 0. 0. 0. 0. 0. 0. 0. 0. 0. 0. 0.
6.424 11 BLOCK 13 11
6.452 11 DL_VALUE 43 0.
6.469 11 INS -145 -12 2 0 0 -767 -43 56 -868
6.520 11 WINDTUNNEL 0 0.487306 -0.111941 4.956345 -1.477919 0.
6.569 11 GPS_INT 392433215 30036170 500219701 519906288 43767882 45291 95 21 0 24 0 0 0 0 5 3
6.669 11 ROTORCRAFT_FP -12 -148 18 -20971 -20971 444534 10 -51 -3843 -844 107 204 -3843 6592 126
6.673 11 POS_CTRL 0. 0. 0. 0. 0. 0. 0. 16 0. 0. 0. 0. 0. 0. 0. 0. 0. 0. 0. 0. 0. 0. 0. 0. 0.
6.718 11 INS -148 -12 -29 -26214 -31457 -492992 -3178 2192 -1612
6.770 11 WINDTUNNEL 0 0.487306 -0.111941 4.956345 -1.477919 0.
6.796 11 ROTORCRAFT_STATUS 0 107 0 30 3 13 0 1 4 5 111 192
6.818 11 GPS_INT 392433228 30036170 500219716 519906288 43767880 45483 287 63 -6 74 0 0 0 0 5 3
6.821 11 ENERGY 11.1 4.565 148 50.671501
6.859 11 WP_MOVED_ENU 4 -2 -148 209
6.917 11 ROTORCRAFT_FP -17 -148 81 -89128 -26214 512920 -17 64 -3666 -844 107 204 -3666 5920 126
6.921 11 POS_CTRL 0. 0. 0. 0. 0. 0. 0. 16 0. 0. 0. 0. 0. 0. 0. 0. 0. 0. 0. 0. 0. 0. 0. 0. 0.
6.968 11 INS -148 -23 -93 -31457 -104857 -488393 -1087 773 871
7.018 11 WINDTUNNEL 0 0.487306 -0.111941 4.956345 -1.477919 0.
7.068 11 GPS_INT 392433244 30036166 500219734 519906286 43767873 45725 530 57 -18 60 0 0 0 0 5 3
7.168 11 ROTORCRAFT_FP -35 -153 133 -131071 -41943 377593 9 10 -3471 -844 107 204 -3471 5732 126
7.172 11 POS_CTRL 0. 0. 0. 0. 0. 0. 0. 16 0. 0. 0. 0. 0. 0. 0. 0. 0. 0. 0. 0. 0. 0. 0. 0. 0.
7.218 11 INS -153 -38 -141 -41943 -136314 -352058 -26 -27 307
7.234 11 LINK_REPORT 11 -1 11378 0 10963860 196229 0 1377. 24. 678212 2.32
7.268 11 WINDTUNNEL 0 0.487306 -0.111941 4.956345 -1.477919 0.
7.319 11 GPS_INT 392433256 30036161 500219745 519906285 43767864 45885 690 44 -26 42 0 0 0 0 5 3
7.373 11 ROTORCRAFT_NAV_STATUS 1 1 0.2 3.3 13 0 0
7.418 11 ROTORCRAFT_FP -51 -158 169 -167772 -36700 263309 17 -4 -3271 -844 107 204 -3271 5699 126
7.422 11 POS_CTRL 0. 0. 0. 0. 0. 0. 0. 16 0. 0. 0. 0. 0. 0. 0. 0. 0. 0. 0. 0. 0. 0. 0. 0. 0.
7.468 11 INS -158 -56 -175 -36700 -178257 -246497 2170 -712 -157
7.526 11 WINDTUNNEL 0 0.487306 -0.111941 4.956345 -1.477919 0.
7.551 11 DL_VALUE 44 0.
7.568 11 GPS_INT 392433266 30036152 500219755 519906283 43767850 46017 821 36 -35 31 0 0 0 0 5 3
7.668 11 ROTORCRAFT_FP -79 -161 198 -241172 -26214 203778 -92 -337 -3483 -844 107 204 -3263 5698 126
7.675 11 POS_CTRL 0. 0. 0. 0. 0. 0. 0. 16 0. 0. 0. 0. 0. 0. 0. 0. 0. 0. 0. 0. 0. 0. 0. 0. 0.
7.718 11 INS -161 -81 -202 -20971 -251658 -179727 1235 -2880 225
7.770 11 WINDTUNNEL 0 0.487306 -0.111941 4.956345 -1.477919 0.
7.818 11 GPS_INT 392433273 30036141 500219761 519906283 43767834 46098 903 20 -59 22 0 0 0 0 5 3
7.918 11 ROTORCRAFT_FP -115 -161 216 -403701 41943 114708 -268 -923 -3238 -844 107 204 -3263 5924 127
7.921 11 POS_CTRL 0. 0. 0. 0. 0. 0. 0. 16 0. 0. 0. 0. 0. 0. 0. 0. 0. 0. 0. 0. 0. 0. 0. 0. 0.
7.968 11 INS -161 -128 -218 73400 -471858 -97806 725 -2401 719
7.986 11 ALIVE 199,46,77,35,184,175,54,147,117,161,102,180,3,122,23,240
7.995 11 ROTORCRAFT_STATUS 0 107 0 29 3 13 1 1 4 5 112 194
8.019 11 WINDTUNNEL 0 0.487306 -0.111941 4.956345 -1.477919 0.
8.068 11 GPS_INT 392433275 30036122 500219766 519906285 43767805 46146 951 1 -104 25 0 0 0 0 5 3
8.147 11 WP_MOVED_ENU 5 -844 107 204
8.168 11 ROTORCRAFT_FP -176 -148 225 -655359 157286 71165 -265 -935 -3214 -844 107 204 -3263 5999 127
8.174 11 POS_CTRL 0. 0. 0. 0. 0. 0. 0. 16 0. 0. 0. 0. 0. 0. 0. 0. 0. 0. 0. 0. 0. 0. 0. 0. 0.
8.218 11 INS -143 -199 -226 188743 -723516 -64740 487 -1764 156
8.235 11 LINK_REPORT 11 -1 11379 0 10965261 196254 0 1401. 25. 678272 2.32
8.268 11 WINDTUNNEL 0 0.487306 -0.111941 4.956345 -1.477919 0.
8.318 11 GPS_INT 392433272 30036086 500219774 519906293 43767753 46179 984 -18 -156 36 0 0 0 0 5 3
8.375 11 STATE_FILTER_STATUS 3 3 0
8.417 11 ROTORCRAFT_FP -281 -117 231 -875560 277872 52170 -129 -657 -3217 -844 107 204 -3263 5958 127
8.421 11 POS_CTRL 0. 0. 0. 0. 0. 0. 0. 16 0. 0. 0. 0. 0. 0. 0. 0. 0. 0. 0. 0. 0. 0. 0. 0. 0.
8.468 11 INS -112 -294 -233 293601 -896531 -50836 2212 -1643 -33
8.519 11 WINDTUNNEL 0 0.487306 -0.111941 4.956345 -1.477919 0.
8.568 11 GPS_INT 392433266 30036046 500219784 519906305 43767695 46198 1003 -30 -180 43 0 0 0 0 5 3
8.651 11 DL_VALUE 45 0.
8.668 11 ROTORCRAFT_FP -389 -81 236 -943717 340786 50468 60 -152 -3251 -844 107 204 -3263 5899 127
8.672 11 POS_CTRL 0. 0. 0. 0. 0. 0. 0. 16 0. 0. 0. 0. 0. 0. 0. 0. 0. 0. 0. 0. 0. 0. 0. 0. 0.
8.718 11 INS -69 -419 -237 351272 -943717 -41626 1005 353 -57
8.769 11 WINDTUNNEL 0 0.487306 -0.111941 4.956345 -1.477919 0.
8.818 11 GPS_INT 392433257 30035996 500219797 519906322 43767624 46215 1019 -36 -177 45 0 0 0 0 5 3
8.917 11 ROTORCRAFT_FP -509 -33 240 -875560 346029 35166 127 62 -3268 -844 107 204 -3263 5928 128
8.921 11 POS_CTRL 0. 0. 0. 0. 0. 0. 0. 16 0. 0. 0. 0. 0. 0. 0. 0. 0. 0. 0. 0. 0. 0. 0. 0. 0.
8.968 11 INS -28 -522 -241 340786 -865074 -37538 -1878 1339 -44
8.974 11 ROTORCRAFT_NAV_STATUS 2 2 2.1 1.4 13 0 0
9.019 11 WINDTUNNEL 0 0.487306 -0.111941 4.956345 -1.477919 0.
9.069 11 GPS_INT 392433248 30035958 500219807 519906335 43767570 46227 1031 -35 -162 44 0 0 0 0 5 3
9.168 11 ROTORCRAFT_FP -604 2 243 -775945 314572 41944 141 253 -3234 -844 107 204 -3263 5939 128
9.175 11 POS_CTRL 0. 0. 0. 0. 0. 0. 0. 16 0. 0. 0. 0. 0. 0. 0. 0. 0. 0. 0. 0. 0. 0. 0. 0. 0.
9.195 11 ROTORCRAFT_STATUS 0 107 0 30 3 13 1 1 4 5 112 195
9.218 11 INS 12 -627 -244 298843 -734002 -41485 695 1918 96
9.235 11 LINK_REPORT 11 -1 11380 0 10966630 196278 0 1369. 24. 678331 2.32
9.269 11 WINDTUNNEL 0 0.487306 -0.111941 4.956345 -1.477919 0.
9.318 11 GPS_INT 392433240 30035918 500219818 519906350 43767513 46246 1051 -28 -131 41 0 0 0 0 5 3
9.321 11 ENERGY 11.3 4.32 151 48.816002
9.417 11 ROTORCRAFT_FP -691 40 249 -613416 262143 55950 206 357 -3233 -844 107 204 -3263 5921 128
9.421 11 POS_CTRL 0. 0. 0. 0. 0. 0. 0. 16 0. 0. 0. 0. 0. 0. 0. 0. 0. 0. 0. 0. 0. 0. 0. 0. 0.
9.446 11 WP_MOVED_ENU 6 980 -312 209
9.468 11 INS 46 -701 -250 267386 -592444 -55181 987 758 -86
9.519 11 WINDTUNNEL 0 0.487306 -0.111941 4.956345 -1.477919 0.
9.568 11 GPS_INT 392433234 30035891 500219827 519906360 43767474 46267 1071 -22 -103 35 0 0 0 0 5 3
9.668 11 ROTORCRAFT_FP -752 69 255 -461373 204472 66133 178 474 -3257 -844 107 204 -3263 5912 128
9.674 11 POS_CTRL 0. 0. 0. 0. 0. 0. 0. 16 0. 0. 0. 0. 0. 0. 0. 0. 0. 0. 0. 0. 0. 0. 0. 0. 0.
9.718 11 INS 76 -768 -257 183500 -419430 -69623 -688 1056 -236
9.751 11 DL_VALUE 46 0.
9.771 11 WINDTUNNEL 0 0.487306 -0.111941 4.956345 -1.477919 0.
9.819 11 GPS_INT 392433230 30035870 500219835 519906369 43767445 46293 1097 -12 -74 31 0 0 0 0 5 3
9.909 11 DATALINK_REPORT 0 11616 4860 1379 0
9.917 11 ROTORCRAFT_FP -798 89 262 -335544 136314 66998 140 365 -3250 -844 107 204 -3263 5860 129
9.923 11 POS_CTRL 0. 0. 0. 0. 0. 0. 0. 16 0. 0. 0. 0. 0. 0. 0. 0. 0. 0. 0. 0. 0. 0. 0. 0. 0.
9.968 11 INS 94 -808 -263 115343 -304086 -65604 -1435 1357 518
10.009 11 INS_REF 392433170 30036171 500219735 519906340 43767889 45278 82 0.
10.019 11 WINDTUNNEL 0 0.487306 -0.111941 4.956345 -1.477919 0.
10.068 11 GPS_INT 392433228 30035854 500219842 519906375 43767421 46329 1134 -3 -49 22 0 0 0 0 5 3
10.086 11 ALIVE 199,46,77,35,184,175,54,147,117,161,102,180,3,122,23,240
10.168 11 ROTORCRAFT_FP -834 102 272 -214957 73400 79960 167 328 -3258 -844 107 204 -3263 5791 129
10.172 11 POS_CTRL 0. 0. 0. 0. 0. 0. 0. 16 0. 0. 0. 0. 0. 0. 0. 0. 0. 0. 0. 0. 0. 0. 0. 0. 0.
10.218 11 INS 104 -837 -274 68157 -204472 -81575 -1114 1655 361
10.236 11 LINK_REPORT 11 -1 11381 0 10968060 196304 0 1430. 26. 678390 2.32
10.269 11 WINDTUNNEL 0 0.487306 -0.111941 4.956345 -1.477919 0.
10.318 11 GPS_INT 392433228 30035844 500219846 519906378 43767407 46360 1164 1 -33 16 0 0 0 0 5 3
10.394 11 ROTORCRAFT_STATUS 0 107 0 29 3 13 1 1 4 5 111 196
10.417 11 ROTORCRAFT_FP -855 110 280 -183500 47185 67470 155 263 -3261 -844 107 204 -3263 5768 129
10.421 11 POS_CTRL 0. 0. 0. 0. 0. 0. 0. 16 0. 0. 0. 0. 0. 0. 0. 0. 0. 0. 0. 0. 0. 0. 0. 0. 0.
10.468 11 INS 112 -860 -280 26214 -125829 -58870 821 -253 -223
10.519 11 WINDTUNNEL 0 0.487306 -0.111941 4.956345 -1.477919 0.
10.568 11 GPS_INT 392433229 30035837 500219850 519906379 43767397 46391 1195 4 -20 11 0 0 0 0 5 3
10.573 11 ROTORCRAFT_NAV_STATUS 4 4 3.6 0.1 13 0 0
10.668 11 ROTORCRAFT_FP -867 115 286 -83886 10485 51490 186 226 -3238 -844 107 204 -3263 5757 129
10.672 11 POS_CTRL 0. 0. 0. 0. 0. 0. 0. 16 0. 0. 0. 0. 0. 0. 0. 0. 0. 0. 0. 0. 0. 0. 0. 0. 0.
10.718 11 INS 115 -870 -286 15728 -78643 -40409 376 -28 205
10.745 11 WP_MOVED_ENU 7 1297 -366 721
10.769 11 WINDTUNNEL 0 0.487306 -0.111941 4.956345 -1.477919 0.
10.819 11 GPS_INT 392433230 30035834 500219852 519906380 43767392 46413 1217 5 -11 7 0 0 0 0 5 3
10.866 11 DL_VALUE 47 380.
10.893 11 PONG 
10.918 11 ROTORCRAFT_FP -875 115 290 -47185 5242 37298 155 198 -3253 -844 107 204 -3263 5746 130
10.923 11 POS_CTRL 0. 0. 0. 0. 0. 0. 0. 16 0. 0. 0. 0. 0. 0. 0. 0. 0. 0. 0. 0. 0. 0. 0. 0. 0.
10.968 11 INS 115 -875 -291 0 -36700 -40127 -673 1308 65
11.019 11 WINDTUNNEL 0 0.487306 -0.111941 4.956345 -1.477919 0.
11.068 11 GPS_INT 392433231 30035832 500219854 519906380 43767389 46430 1235 4 -4 4 0 0 0 0 5 3
11.168 11 ROTORCRAFT_FP -878 115 295 -15728 -5242 26396 165 161 -3234 -844 107 204 -3263 5733 130
11.172 11 POS_CTRL 0. 0. 0. 0. 0. 0. 0. 16 0. 0. 0. 0. 0. 0. 0. 0. 0. 0. 0. 0. 0. 0. 0. 0. 0.
11.218 11 INS 112 -878 -295 -10485 -10485 -19941 894 521 -222
11.236 11 LINK_REPORT 11 -1 11382 0 10969444 196329 0 1384. 25. 678451 1.71
11.269 11 WINDTUNNEL 0 0.487306 -0.111941 4.956345 -1.477919 0.
11.318 11 GPS_INT 392433232 30035832 500219854 519906380 43767389 46443 1247 2 0 2 0 0 0 0 5 3
11.417 11 ROTORCRAFT_FP -878 115 296 5242 -5242 16689 143 137 -3256 -844 107 204 -3263 5735 130
11.422 11 POS_CTRL 0. 0. 0. 0. 0. 0. 0. 16 0. 0. 0. 0. 0. 0. 0. 0. 0. 0. 0. 0. 0. 0. 0. 0. 0.
11.468 11 INS 115 -878 -297 -5242 5242 -13418 724 1170 513
11.519 11 WINDTUNNEL 0 0.487306 -0.111941 4.956345 -1.477919 0.
11.569 11 GPS_INT 392433232 30035832 500219855 519906380 43767390 46447 1251 0 3 0 0 0 0 0 5 3
11.575 11 STATE_FILTER_STATUS 3 3 0
11.594 11 ROTORCRAFT_STATUS 0 107 0 30 3 13 1 1 4 5 112 197
11.668 11 ROTORCRAFT_FP -875 115 297 26214 -5242 -5837 155 181 -3247 -844 107 204 -3263 5759 130
11.672 11 POS_CTRL 0. 0. 0. 0. 0. 0. 0. 16 0. 0. 0. 0. 0. 0. 0. 0. 0. 0. 0. 0. 0. 0. 0. 0. 0.
11.718 11 INS 112 -875 -295 -5242 31457 19315 412 -883 238
11.769 11 WINDTUNNEL 0 0.487306 -0.111941 4.956345 -1.477919 0.
11.788 11 BLOCK 15 11
11.819 11 GPS_INT 392433232 30035834 500219854 519906380 43767392 46439 1243 -1 7 -3 0 0 0 0 5 3
11.821 11 ENERGY 11.3 4.194 154 47.392197
11.921 11 ROTORCRAFT_FP -870 115 294 23 -2 -7 165 111 -3256 -844 107 204 -3260 5787 131
11.922 11 POS_CTRL -3.296875 0.417969 -3.398438 0.4375 0.103423 0.101562 -0.019531 16 0.006464 0.006348 -0.001221 1.654775 1.625 -0.3125 26.476404 26. -5. 0.601794 0.590965 -0.113647 0.090552 0.089998 -0.009998 0.092027 -0.006475
11.950 11 DL_VALUE 48 21.6
11.968 11 INS 112 -870 -293 -10485 47185 22156 1309 -929 273
12.019 11 WINDTUNNEL 0 0.974612 -0.223883 -3.167443 0.388236 0.132804
12.048 11 WP_MOVED_ENU 8 -215 -1331 721
12.069 11 GPS_INT 392433231 30035836 500219853 519906380 43767395 46427 1231 -4 10 -4 0 0 0 0 5 3
12.168 11 ROTORCRAFT_FP -865 112 291 23 -2 0 26 61 -3492 -844 107 204 -3416 5772 131
12.172 11 POS_CTRL -3.053237 0.362002 -3.378906 0.4375 0.334306 0.325669 -0.075498 16 0.068744 0.067121 -0.014848 0.878553 0.849552 -0.223868 1.999939 -1.999939 8e-06 0.618422 0.60067 -0.147112 0.090552 0.089998 -0.009998 0.090501 -0.009871
12.173 11 ROTORCRAFT_NAV_STATUS 1 1 3.6 0. 15 3 0
12.185 11 ALIVE 199,46,77,35,184,175,54,147,117,161,102,180,3,122,23,240
12.218 11 INS 112 -862 -290 -10485 41943 13490 -152 -830 143
12.237 11 LINK_REPORT 11 -1 11383 0 10970875 196356 0 1431. 27. 678511 1.71
12.269 11 WINDTUNNEL 0 0.974612 -0.223883 -2.923805 0.332269 0.382788
12.319 11 GPS_INT 392433231 30035839 500219852 519906379 43767399 46418 1222 -1 7 -6 0 0 0 0 5 3
12.434 11 ROTORCRAFT_FP -860 110 288 12 -15 -22 56 174 -3324 -844 107 204 -2677 5838 131
12.436 11 POS_CTRL -2.8096 0.306034 -3.359375 0.4375 0.565275 0.549775 -0.131466 16 0.188285 0.183433 -0.042468 0.999931 0.974548 -0.223869 2. 2. -8e-06 0.921731 0.897169 -0.211365 0.078102 0.049999 -0.059999 0.050617 -0.056729
12.468 11 INS 110 -860 -286 -47185 15728 64476 1419 -1946 329
12.519 11 WINDTUNNEL 0 0.974612 -0.223883 -2.680168 0.276302 0.632772
12.568 11 GPS_INT 392433230 30035840 500219848 519906377 43767401 46388 1192 -2 5 -19 0 0 0 0 5 3
12.668 11 ROTORCRAFT_FP -855 104 277 20 -33 -39 335 377 -3049 -844 107 204 -3405 5974 131
12.675 11 POS_CTRL -2.565963 0.250067 -3.359375 0.4375 0.815251 0.793412 -0.187433 16 0.368661 0.358945 -0.084079 0.999931 0.974548 -0.223868 6.2e-05 -6.1e-05 8e-06 1.225824 1.19346 -0.279816 0.152643 0.08 -0.129999 0.089738 -0.122412
12.718 11 INS 104 -855 -275 -68157 52428 76473 -502 1767 398
12.769 11 WINDTUNNEL 0 0.974612 -0.223883 -2.43653 0.220335 0.882756
12.793 11 ROTORCRAFT_STATUS 0 107 0 29 3 13 1 1 8 5 112 198
12.819 11 GPS_INT 392433230 30035843 500219844 519906375 43767405 46352 1156 0 20 -20 0 0 0 0 5 3
12.918 11 ROTORCRAFT_FP -842 97 268 74 -38 -27 519 518 -3185 -844 107 204 -2917 6038 132
12.923 11 POS_CTRL -2.322325 0.1941 -3.316406 0.386719 1.012571 0.994081 -0.192619 16 0.60164 0.587554 -0.129428 0.999934 0.974552 -0.223869 7.810297 6.000061 -5. 1.49288 1.462711 -0.298607 0.326495 0.289999 -0.15 0.299125 -0.147355
12.969 11 INS 92 -837 -267 -73400 193986 46904 -1573 1655 -900
13.019 11 WINDTUNNEL 0 0.974612 -0.223883 -2.192893 0.164368 1.13274
13.050 11 DL_VALUE 49 0.028552
13.069 11 GPS_INT 392433230 30035853 500219839 519906371 43767419 46319 1123 1 50 -14 0 0 0 0 5 3
13.168 11 ROTORCRAFT_FP -811 87 262 148 -33 -15 420 457 -3156 -844 107 204 -3459 6003 132
13.172 11 POS_CTRL -2.078687 0.138133 -3.21875 0.359375 1.161331 1.140063 -0.221242 16 0.875847 0.857053 -0.180468 0.999934 0.974552 -0.223869 15.132807 15.000061 -2. 1.723917 1.689543 -0.342543 0.594388 0.579998 -0.129999 0.587516 -0.129543
13.218 11 INS 87 -806 -261 -68157 319815 26638 -1199 -35 -85
13.238 11 LINK_REPORT 11 -1 11384 0 10972213 196378 0 1338. 22. 678570 1.71
13.269 11 WINDTUNNEL 0 0.974612 -0.223883 -1.949255 0.1084 1.382724
13.319 11 GPS_INT 392433231 30035867 500219836 519906369 43767440 46305 1109 3 70 -11 0 0 0 0 5 3
13.343 11 WP_MOVED_ENU 9 -1167 192 724
13.418 11 ROTORCRAFT_FP -768 76 259 191 -43 -7 327 520 -3151 -844 107 204 -3204 5995 132
13.423 11 POS_CTRL -1.83505 0.082166 -3.078125 0.316406 1.264952 1.243075 -0.23424 16 1.177801 1.153769 -0.236711 0.999933 0.97455 -0.223869 18.973665 18. -5.999996 1.918072 1.881571 -0.372414 0.769023 0.749998 -0.169998 0.753205 -0.166729
13.468 11 INS 74 -752 -259 -104857 408944 16212 255 -869 -10
13.519 11 WINDTUNNEL 0 0.974612 -0.223883 -1.705618 0.052433 1.632708
13.568 11 GPS_INT 392433232 30035889 500219831 519906364 43767472 46290 1095 5 85 -21 0 0 0 0 5 3
13.668 11 ROTORCRAFT_FP -711 64 256 227 -58 -6 444 474 -3078 -844 107 204 -3083 6012 132
13.672 11 POS_CTRL -1.591413 0.026199 -2.859375 0.269531 1.2911 1.267962 -0.243333 16 1.491206 1.461591 -0.295716 0.999933 0.97455 -0.223869 28.86174 28. -7. 2.03828 1.998804 -0.399206 0.919236 0.889997 -0.23 0.898952 -0.227345
13.718 11 INS 58 -704 -256 -120586 477101 15661 -553 503 112
13.769 11 WINDTUNNEL 0 0.974612 -0.223883 -1.46198 -0.003534 1.882692
13.772 11 ROTORCRAFT_NAV_STATUS 2 2 3. 0. 15 3 0
13.819 11 GPS_INT 392433235 30035911 500219828 519906359 43767503 46286 1090 10 99 -13 0 0 0 0 5 3
13.924 11 ROTORCRAFT_FP -652 48 255 266 -58 -1 550 631 -2999 -844 107 204 -3361 6054 133
13.924 11 POS_CTRL -1.347775 -0.029769 -2.859375 0.269531 1.540946 1.5116 -0.2993 16 1.853013 1.81665 -0.365294 0.999933 0.97455 -0.223868 8e-06 0. 8e-06 2.396712 2.348959 -0.476048 1.065128 1.039999 -0.23 1.049277 -0.228509
13.968 11 INS 46 -634 -255 -125829 576716 -2631 -1127 2306 305
13.992 11 ROTORCRAFT_STATUS 0 107 0 30 3 13 1 1 8 5 111 200
14.020 11 WINDTUNNEL 0 0.974612 -0.223883 -1.218343 -0.059501 2.132676
14.068 11 GPS_INT 392433237 30035940 500219823 519906353 43767546 46282 1087 10 122 -15 0 0 0 0 5 3
14.149 11 DL_VALUE 50 380.
14.168 11 ROTORCRAFT_FP -581 35 257 319 -63 25 535 542 -2577 -844 107 204 -3275 5953 133
14.174 11 POS_CTRL -1.104138 -0.085736 -2.269531 0.136719 1.186435 1.165394 -0.222454 16 2.185028 2.143019 -0.426402 1.715241 -1.71295 0.088631 43.289722 -43. 4.999996 1.334294 1.294413 -0.323786 1.292477 1.269999 -0.24 1.276317 -0.235117
14.218 11 INS 30 -560 -257 -131071 676330 -58136 553 1647 -587
14.238 11 LINK_REPORT 11 -1 11385 0 10973591 196402 0 1378. 24. 678630 1.71
14.269 11 WINDTUNNEL 0 0.974612 -0.223883 -0.974705 -0.115468 2.38266
14.285 11 ALIVE 199,46,77,35,184,175,54,147,117,161,102,180,3,122,23,240
14.319 11 GPS_INT 392433241 30035971 500219821 519906348 43767590 46304 1108 19 136 -5 0 0 0 0 5 3
14.321 11 ENERGY 11.2 4.296 157 48.1152
14.423 11 ROTORCRAFT_FP -491 15 263 350 -69 36 426 441 -2579 -844 107 204 -3122 5856 133
14.424 11 POS_CTRL -0.8605 -0.141703 -1.957031 0.066406 1.116105 1.096531 -0.208109 16 2.483709 2.436303 -0.482948 1.956188 -1.900452 0.463631 47.296993 -46.000061 10.999996 1.275352 1.257286 -0.213903 1.396349 1.369997 -0.269999 1.370683 -0.265333
14.468 11 INS 12 -478 -266 -141557 723516 -75586 -1032 1151 802
14.519 11 WINDTUNNEL 0 0.974612 -0.223883 -0.731068 -0.171435 2.632644
14.568 11 GPS_INT 392433246 30036004 500219820 519906342 43767637 46336 1140 18 140 -8 0 0 0 0 5 3
14.642 11 WP_MOVED_ENU 10 325 1128 724
14.672 11 ROTORCRAFT_FP -407 0 272 353 -71 22 366 456 -3083 -844 107 204 -3148 5843 133
14.675 11 POS_CTRL -0.616863 -0.19767 -1.636719 0. 1.038836 1.019856 -0.19767 16 2.752739 2.700408 -0.534199 0.184705 0.16205 0.088631 10.440307 10. 3. 1.90759 1.878593 -0.331339 1.419927 1.389997 -0.289999 1.393678 -0.284375
14.721 11 INS -5 -384 -273 -157286 728759 -42136 -718 892 276
14.771 11 WINDTUNNEL 0 0.974612 -0.223883 -0.48743 -0.227403 2.882628
14.778 11 STATE_FILTER_STATUS 3 3 0
14.821 11 GPS_INT 392433250 30036041 500219817 519906335 43767691 46354 1158 14 141 -15 0 0 0 0 5 3
14.921 11 ROTORCRAFT_FP -312 -20 274 358 -74 8 395 504 -3191 -844 107 204 -3366 5884 134
14.926 11 POS_CTRL -0.373225 -0.253637 -1.546875 -0.007812 1.199118 1.17365 -0.245825 16 3.029076 2.97098 -0.590408 0.999933 0.97455 -0.223869 3.1e-05 3.1e-05 0. 2.407717 2.357307 -0.490107 1.429718 1.399998 -0.289999 1.405938 -0.28604
14.970 11 INS -25 -286 -275 -157286 744488 -15344 430 483 565
15.011 11 DATALINK_REPORT 0 11921 4988 1414 0
15.021 11 WINDTUNNEL 0 0.974612 -0.223883 -0.243793 -0.28337 3.132612
15.070 11 GPS_INT 392433253 30036075 500219813 519906329 43767739 46357 1161 12 145 -19 0 0 0 0 5 3
15.111 11 INS_REF 392433170 30036171 500219735 519906340 43767889 45278 82 0.
15.170 11 ROTORCRAFT_FP -222 -38 274 376 -79 0 452 640 -3257 -844 107 204 9656 5943 134
15.175 11 POS_CTRL -0.129588 -0.309604 -0.867188 -0.148438 0.755002 0.7376 -0.161167 16 3.324506 3.25998 -0.65182 10.105648 -9.90045 2.026131 177.68512 -174. 36. 1.279427 -1.254539 0.251125 1.502329 1.469997 -0.309999 1.476497 -0.307024
15.193 11 ROTORCRAFT_STATUS 0 107 0 30 3 13 1 1 8 5 111 201
15.221 11 INS -43 -197 -274 -173014 796917 -22502 -386 803 -892
15.238 11 LINK_REPORT 11 -1 11386 0 10975043 196429 0 1452. 27. 678690 1.71
15.251 11 DL_VALUE 51 21.6
15.271 11 WINDTUNNEL 0 0.974612 -0.223883 -0.000155 -0.339337 3.382596
15.321 11 GPS_INT 392433257 30036117 500219807 519906321 43767800 46361 1165 21 158 -16 0 0 0 0 5 3
15.420 11 ROTORCRAFT_FP -115 -64 278 401 -94 31 197 461 -4011 -844 107 204 -3875 5771 134
15.423 11 POS_CTRL 0.11405 -0.365572 -0.507812 -0.238281 0.634756 0.621862 -0.12729 16 3.509994 3.441433 -0.690359 2.471568 -2.400451 0.588631 55.542789 -54.000015 12.999992 0.947392 0.934156 -0.157808 1.613007 1.569998 -0.369999 1.577782 -0.369266
15.471 11 INS -66 -102 -279 -199229 823131 -61455 -37 -1116 -12
15.514 11 WIND_INFO 11 42 0. 0. 0.
15.521 11 WINDTUNNEL 0 0.974612 -0.223883 0.243482 -0.395304 3.63258
15.570 11 GPS_INT 392433263 30036154 500219804 519906313 43767853 46385 1189 24 159 -14 0 0 0 0 5 3
15.670 11 ROTORCRAFT_FP -23 -87 284 389 -97 25 307 316 -3460 -844 107 204 -2804 5746 134
15.676 11 POS_CTRL 0.357687 -0.421539 -0.136719 -0.328125 0.503154 0.494406 -0.093414 16 3.649981 3.578814 -0.717254 0.044389 -0.02545 -0.036368 8.062254 7. -3.999992 1.592789 1.560415 -0.3195 1.566779 1.519999 -0.379999 1.527164 -0.374116
15.720 11 INS -94 5 -286 -251658 985660 -47073 -707 -499 819
15.771 11 WINDTUNNEL 0 0.974612 -0.223883 0.48712 -0.451271 3.882564
15.822 11 AUTOPILOT_VERSION 50600 v5.6.0_stable-39-ga52ba85-dirty
15.824 11 GPS_INT 392433269 30036196 500219799 519906303 43767914 46408 1213 21 149 -17 0 0 0 0 5 3
15.899 11 PONG 
15.925 11 ROTORCRAFT_FP 81 -112 289 368 -94 14 306 289 -3044 -844 107 204 -2435 5747 135
15.925 11 POS_CTRL 0.601325 -0.477506 0.269531 -0.429688 0.335222 0.331794 -0.047818 16 3.761086 3.688238 -0.736657 2.169337 -2.08795 0.588631 50.695156 -48.999992 12.999992 0.817102 0.81188 -0.092226 1.486773 1.439999 -0.369999 1.441242 -0.360213
15.943 11 WP_MOVED_ENU 0 10956 10549 768
15.970 11 INS -115 94 -289 -188743 744488 -12454 1739 -642 277
16.022 11 WINDTUNNEL 0 0.974612 -0.223883 0.730757 -0.507238 4.132548
16.070 11 GPS_INT 392433274 30036230 500219795 519906296 43767962 46415 1219 17 140 -22 0 0 0 0 5 3
16.170 11 ROTORCRAFT_FP 163 -133 288 345 -89 -7 353 269 -3033 -844 107 204 -2769 5809 135
16.177 11 POS_CTRL 0.844962 -0.533473 0.597656 -0.507812 0.248634 0.247306 -0.025661 16 3.845035 3.771657 -0.747591 2.126133 -2.08795 0.401131 50.009983 -48.999985 9.999985 0.763496 0.752417 -0.129599 1.394631 1.349998 -0.349998 1.354557 -0.341851
16.221 11 INS -138 186 -288 -178257 702545 19211 -87 -556 350
16.240 11 LINK_REPORT 11 -1 11387 0 10976425 196453 0 1382. 24. 678750 2.09
16.271 11 WINDTUNNEL 0 0.974612 -0.223883 0.974395 -0.563206 4.382532
16.321 11 GPS_INT 392433278 30036267 500219788 519906288 43768015 46406 1211 11 133 -24 0 0 0 0 5 3
16.351 11 DL_VALUE 52 0.023775
16.388 11 ALIVE 199,46,77,35,184,175,54,147,117,161,102,180,3,122,23,240
16.394 11 ROTORCRAFT_STATUS 0 107 0 30 3 13 1 1 8 5 112 202
16.420 11 ROTORCRAFT_FP 256 -156 285 332 -79 -14 380 337 -3111 -844 107 204 -3124 5851 135
16.424 11 POS_CTRL 1.0886 -0.58944 0.597656 -0.507812 0.497683 0.490944 -0.081628 16 3.945973 3.871552 -0.762751 0.999933 0.97455 -0.223868 1.5e-05 0. 1.5e-05 1.981094 1.944773 -0.377613 1.336448 1.299997 -0.309999 1.308519 -0.305722
16.471 11 INS -158 266 -284 -162529 681573 32536 840 -1542 -373
16.521 11 WINDTUNNEL 0 0.974612 -0.223883 1.218032 -0.619173 4.632516
16.570 11 GPS_INT 392433280 30036297 500219783 519906281 43768058 46391 1196 10 132 -23 0 0 0 0 5 3
16.671 11 ROTORCRAFT_FP 335 -174 283 330 -74 11 394 245 -2386 -844 107 204 -3491 5783 135
16.674 11 POS_CTRL 1.332237 -0.645407 1.167969 -0.648438 0.164297 0.164269 0.00303 16 3.979269 3.905892 -0.760653 0.999933 0.97455 -0.223868 33.955879 33.000031 -7.999985 1.654432 1.628401 -0.292326 1.322192 1.289997 -0.289999 1.297022 -0.283886
16.720 11 INS -179 358 -283 -157286 676330 -32691 1403 661 -310
16.771 11 WINDTUNNEL 0 0.974612 -0.223883 1.46167 -0.67514 4.8825
16.821 11 GPS_INT 392433284 30036333 500219778 519906274 43768110 46400 1205 18 129 -11 0 0 0 0 5 3
16.823 11 ENERGY 11.1 4.163 160 46.209301
16.921 11 ROTORCRAFT_FP 409 -192 288 319 -71 22 331 224 -2799 -844 107 204 -3654 5720 136
16.928 11 POS_CTRL 1.575875 -0.701375 1.519531 -0.726562 0.061717 0.056344 0.025188 16 3.9905 3.918621 -0.753992 0.999933 0.97455 -0.223868 45.122055 44. -10. 1.547704 1.524294 -0.268169 1.280974 1.249998 -0.279999 1.253323 -0.277656
16.971 11 INS -197 435 -288 -183500 807402 -34846 -338 -1108 877
16.974 11 ROTORCRAFT_NAV_STATUS 5 5 1.6 0. 15 3 0
17.022 11 WINDTUNNEL 0 0.974612 -0.223883 1.705307 -0.731107 5.132484
17.070 11 GPS_INT 392433288 30036363 500219775 519906268 43768153 46414 1219 13 120 -14 0 0 0 0 5 3
17.171 11 ROTORCRAFT_FP 496 -209 289 291 -63 -2 295 201 -3311 -844 107 204 -2805 5770 136
17.174 11 POS_CTRL 1.819512 -0.757342 1.816406 -0.796875 0.039655 0.003106 0.039533 16 3.988966 3.919017 -0.743745 0.999933 0.97455 -0.223869 47.074444 46.000031 -10.000015 1.492392 1.471176 -0.25075 1.167088 1.139997 -0.249998 1.148986 -0.24068
17.221 11 INS -215 506 -288 -125829 592444 10450 151 -560 -407
17.240 11 LINK_REPORT 11 -1 11388 0 10977827 196478 0 1402. 25. 678810 2.09
17.242 11 WP_MOVED_ENU 1 15 -148 768
17.271 11 WINDTUNNEL 0 0.974612 -0.223883 1.948945 -0.787074 5.382468
17.322 11 GPS_INT 392433291 30036390 500219772 519906263 43768192 46412 1216 6 110 -15 0 0 0 0 5 3
17.421 11 ROTORCRAFT_FP 563 -225 286 276 -53 -11 386 223 -3060 -844 107 204 -2892 5820 136
17.428 11 POS_CTRL 2.06315 -0.813309 2.128906 -0.867188 0.085011 -0.065756 0.053879 16 3.966248 3.89878 -0.728446 0.999935 0.974552 -0.223869 39.623287 39.000061 -7.000015 1.415355 1.396242 -0.231815 1.100225 1.079998 -0.209999 1.083006 -0.203349
17.453 11 DL_VALUE 53 70.
17.471 11 INS -230 578 -286 -99614 555744 26453 881 -695 433
17.523 11 WINDTUNNEL 0 0.974612 -0.223883 2.192582 -0.843041 5.632452
17.570 11 GPS_INT 392433292 30036419 500219767 519906258 43768234 46398 1202 3 133 -19 0 0 0 0 5 3
17.591 11 ROTORCRAFT_STATUS 0 107 0 29 3 13 1 1 8 5 112 203
17.671 11 ROTORCRAFT_FP 632 -238 282 258 -40 -15 315 212 -2893 -844 107 204 -2896 5835 136
17.674 11 POS_CTRL 2.306787 -0.869276 2.367188 -0.917969 0.077583 -0.0604 0.048693 16 3.94232 3.876952 -0.714932 0.999934 0.974552 -0.223868 33.95591 33.000061 -7.999985 1.414365 1.39505 -0.232946 1.022593 1.009998 -0.16 1.015499 -0.157098
17.721 11 INS -240 642 -281 -89128 540016 36382 823 -94 28
17.771 11 WINDTUNNEL 0 0.974612 -0.223883 2.43622 -0.899009 5.882436
17.821 11 GPS_INT 392433292 30036443 500219763 519906254 43768269 46379 1183 0 101 -17 0 0 0 0 5 3
17.920 11 ROTORCRAFT_FP 693 -248 277 250 -40 -20 377 274 -2637 -844 107 204 -2895 5881 137
17.923 11 POS_CTRL 2.550425 -0.925243 2.578125 -0.949219 0.036635 -0.0277 0.023976 16 3.924333 3.86037 -0.705644 0.999931 0.974548 -0.223868 6.1e-05 -6.1e-05 0. 1.445424 1.422775 -0.254877 0.992973 0.979998 -0.16 0.987113 -0.158055
17.971 11 INS -250 711 -276 -89128 513801 41129 1480 -1327 6
17.976 11 STATE_FILTER_STATUS 3 3 0
18.021 11 WINDTUNNEL 0 0.974612 -0.223883 2.679857 -0.954976 6.13242
18.070 11 GPS_INT 392433292 30036470 500219759 519906250 43768308 46355 1159 0 100 -17 0 0 0 0 5 3
18.171 11 ROTORCRAFT_FP 765 -258 271 250 -40 -16 378 272 -2505 -844 107 204 -3395 5897 137
18.174 11 POS_CTRL 2.794062 -0.98121 2.949219 -1.007812 0.15742 -0.155156 0.026602 16 3.902773 3.839511 -0.69985 1.278527 -1.275452 0.088632 36.345623 -36.000061 5. 0.633756 0.614061 -0.156763 0.992973 0.979998 -0.16 0.987113 -0.158055
18.221 11 INS -261 773 -271 -83886 513801 26498 2438 233 39
18.241 11 LINK_REPORT 11 -1 11389 0 10979194 196502 0 1367. 24. 678870 2.09
18.272 11 WINDTUNNEL 0 0.974612 -0.223883 2.923495 -1.010943 6.382404
18.321 11 GPS_INT 392433292 30036494 500219755 519906247 43768343 46337 1141 1 100 -14 0 0 0 0 5 3
18.420 11 ROTORCRAFT_FP 824 -268 267 253 -40 -12 342 282 -2798 -844 107 204 -3506 5898 137
18.424 11 POS_CTRL 3.0377 -1.037178 3.1875 -1.039062 0.149812 -0.1498 0.001885 16 3.870714 3.807297 -0.697794 1.278524 -1.275448 0.088631 36.345505 -35.999939 5. 0.636012 0.609755 -0.180862 1.002844 0.989998 -0.16 0.99632 -0.154197
18.471 11 INS -271 842 -266 -78643 508558 25632 -552 -1466 -372
18.487 11 ALIVE 199,46,77,35,184,175,54,147,117,161,102,180,3,122,23,240
18.521 11 WINDTUNNEL 0 0.974612 -0.223883 3.167132 -1.06691 6.632388
18.541 11 WP_MOVED_ENU 2 15 -148 768
18.551 11 DL_VALUE 54 11.
18.570 11 GPS_INT 392433292 30036517 500219752 519906243 43768377 46326 1130 2 99 -12 0 0 0 0 5 3
18.573 11 ROTORCRAFT_NAV_STATUS 7 7 3.3 0. 15 3 0
18.671 11 ROTORCRAFT_FP 885 -279 265 250 -38 -3 281 307 -3069 -844 107 204 -3622 5882 137
18.677 11 POS_CTRL 3.281337 -1.093145 3.457031 -1.089844 0.175725 -0.175694 -0.003301 16 3.839213 3.774956 -0.699476 1.284375 -1.275452 0.151133 36.496582 -36. 6.000031 0.598174 0.574156 -0.167803 0.991411 0.979998 -0.15 0.985587 -0.149136
18.721 11 INS -281 903 -265 -83886 508558 -1524 -688 696 -364
18.771 11 WINDTUNNEL 0 0.974612 -0.223883 3.41077 -1.122877 6.882372
18.791 11 ROTORCRAFT_STATUS 0 107 0 30 3 13 1 1 8 5 111 204
18.821 11 GPS_INT 392433293 30036545 500219749 519906239 43768417 46320 1124 6 98 -10 0 0 0 0 5 3
18.921 11 ROTORCRAFT_FP 952 -291 265 245 -43 5 274 358 -3181 -844 107 204 -3489 5861 138
18.925 11 POS_CTRL 3.524975 -1.149112 3.6875 -1.128906 0.163776 -0.162525 -0.020206 16 3.807679 3.742001 -0.704164 1.091556 -1.087952 0.088631 33.376694 -33.000061 4.999969 0.66598 0.633688 -0.204865 0.974935 0.959999 -0.169998 0.962592 -0.167042
18.971 11 INS -291 962 -265 -94371 503316 -9162 1121 -171 -255
19.022 11 WINDTUNNEL 0 0.974612 -0.223883 3.654407 -1.178844 7.132356
19.071 11 GPS_INT 392433295 30036567 500219746 519906236 43768449 46321 1125 7 97 -10 0 0 0 0 5 3
19.170 11 ROTORCRAFT_FP 1011 -302 266 248 -48 11 270 347 -3240 -844 107 204 -3658 5838 138
19.178 11 POS_CTRL 3.768612 -1.205079 3.949219 -1.179688 0.182383 -0.180606 -0.025392 16 3.774606 3.706967 -0.711368 1.160332 -1.150448 0.151131 34.525291 -33.999939 6. 0.617441 0.586349 -0.193462 0.98843 0.969997 -0.189999 0.971037 -0.183356
19.223 11 INS -304 1029 -266 -99614 508558 -18275 -2439 910 389
19.242 11 LINK_REPORT 11 -1 11390 0 10980595 196527 0 1401. 25. 678929 2.09
19.272 11 WINDTUNNEL 0 0.974612 -0.223883 3.898045 -1.234812 7.38234
19.322 11 GPS_INT 392433298 30036594 500219743 519906231 43768487 46328 1132 10 98 -9 0 0 0 0 5 3
19.326 11 ENERGY 11.2 4.236 163 47.443199
19.423 11 ROTORCRAFT_FP 1075 -317 268 248 -53 12 238 377 -3376 -844 107 204 -3269 5825 138
19.427 11 POS_CTRL 4.01225 -1.261046 4.109375 -1.21875 0.105935 -0.097125 -0.042296 16 3.749944 3.679865 -0.721578 0.999934 0.974552 -0.223867 42.201946 41.000061 -9.999969 1.339459 1.2992 -0.32593 0.992469 0.969997 -0.209999 0.978718 -0.201367
19.471 11 INS -317 1085 -269 -110100 508558 -26258 -953 1014 385
19.522 11 WINDTUNNEL 0 0.974612 -0.223883 4.141682 -1.290779 7.632324
19.571 11 GPS_INT 392433300 30036617 500219741 519906227 43768520 46338 1142 12 98 -10 0 0 0 0 5 3
19.649 11 DL_VALUE 55 0.001731
19.670 11 ROTORCRAFT_FP 1136 -330 271 248 -58 12 248 341 -3455 -844 107 204 -3336 5805 138
19.674 11 POS_CTRL 4.255888 -1.317013 4.367188 -1.269531 0.121005 -0.1113 -0.047482 16 3.718102 3.645312 -0.732108 0.999938 0.974556 -0.223869 33.955978 33.000122 -8.000031 1.317762 1.27466 -0.334274 0.996893 0.969997 -0.23 0.977955 -0.221539
19.721 11 INS -332 1152 -271 -120586 503316 -22190 -1004 99 -572
19.771 11 WINDTUNNEL 0 0.974612 -0.223883 4.38532 -1.346746 7.882308
19.821 11 GPS_INT 392433304 30036643 500219738 519906221 43768558 46346 1151 12 99 -11 0 0 0 0 5 3
19.840 11 WP_MOVED_ENU 3 15 -148 768
19.920 11 ROTORCRAFT_FP 1203 -343 272 245 -58 10 256 332 -3357 -844 107 204 -3352 5805 139
19.924 11 POS_CTRL 4.499525 -1.37298 4.597656 -1.316406 0.113271 -0.098131 -0.056574 16 3.689923 3.614051 -0.744422 0.999938 0.974556 -0.223867 33.734367 33.000122 -6.999969 1.324721 1.27845 -0.347061 0.987167 0.959999 -0.23 0.967221 -0.222636
19.971 11 INS -345 1210 -272 -120586 508558 -19939 -1532 691 -506
19.991 11 ROTORCRAFT_STATUS 0 107 0 29 3 13 1 1 8 5 112 206
20.022 11 WINDTUNNEL 0 0.974612 -0.223883 4.628957 -1.402713 8.132292
20.071 11 GPS_INT 392433307 30036666 500219735 519906216 43768592 46352 1156 12 98 -12 0 0 0 0 5 3
20.111 11 DATALINK_REPORT 0 12226 5116 1395 0
20.171 11 ROTORCRAFT_FP 1259 -358 274 245 -61 8 232 349 -3427 -844 107 204 -3406 5800 139
20.178 11 POS_CTRL 4.743162 -1.428948 4.859375 -1.378906 0.126529 -0.116213 -0.050041 16 3.657654 3.578759 -0.755592 0.999931 0.974548 -0.223869 34.928505 34. -8.000031 1.296225 1.249779 -0.34388 0.989544 0.959999 -0.24 0.967221 -0.234952
20.179 11 ROTORCRAFT_NAV_STATUS 9 9 4.9 0. 15 3 0
20.211 11 INS_REF 392433170 30036171 500219735 519906340 43767889 45278 82 0.
20.221 11 INS -363 1277 -274 -125829 498073 -13549 1908 -892 -85
20.243 11 LINK_REPORT 11 -1 11391 0 10982046 196554 0 1451. 27. 678989 2.09
20.272 11 WINDTUNNEL 0 0.974612 -0.223883 4.864981 -1.456931 0.
20.321 11 GPS_INT 392433310 30036692 500219732 519906210 43768629 46359 1163 14 97 -13 0 0 0 0 5 3
20.420 11 ROTORCRAFT_FP 1326 -373 285 445644 -125829 351421 -94 -167 -3449 15 -148 768 -3469 8357 139
20.425 11 POS_CTRL 0. 0. 0. 0. 0. 0. 0. 16 0. 0. 0. 0. 0. 0. 0. 0. 0. 0. 0. 0. 0. 0. 0. 0. 0.
20.472 11 INS -376 1331 -295 -120586 419430 -486685 403 -3482 -5366
20.521 11 WINDTUNNEL 0 0.974612 -0.223883 4.864981 -1.456931 0.
20.571 11 GPS_INT 392433322 30036711 500219740 519906205 43768655 46511 1316 78 59 72 0 0 0 0 5 3
20.586 11 ALIVE 199,46,77,35,184,175,54,147,117,161,102,180,3,122,23,240
20.671 11 ROTORCRAFT_FP 1349 -384 355 272629 -110100 737171 -773 -1206 -3320 15 -148 768 -3469 7116 139
20.677 11 POS_CTRL 0. 0. 0. 0. 0. 0. 0. 16 0. 0. 0. 0. 0. 0. 0. 0. 0. 0. 0. 0. 0. 0. 0. 0. 0.
20.721 11 INS -384 1349 -373 -110100 272629 -744863 1606 -4594 761
20.750 11 DL_VALUE 56 0.086461
20.772 11 WINDTUNNEL 0 0.974612 -0.223883 4.864981 -1.456931 0.
20.821 11 GPS_INT 392433324 30036712 500219742 519906205 43768656 46532 1336 78 59 72 0 0 0 0 5 3
20.899 11 PONG 
20.921 11 ROTORCRAFT_FP 1349 -384 444 272629 -110100 677770 -684 -1503 -3204 15 -148 768 -3469 6439 140
20.925 11 POS_CTRL 0. 0. 0. 0. 0. 0. 0. 16 0. 0. 0. 0. 0. 0. 0. 0. 0. 0. 0. 0. 0. 0. 0. 0. 0.
20.971 11 INS -384 1349 -461 -110100 272629 -641738 890 -4355 1644
21.022 11 WINDTUNNEL 0 0.974612 -0.223883 4.864981 -1.456931 0.
21.071 11 GPS_INT 392433324 30036712 500219742 519906205 43768656 46532 1336 78 59 72 0 0 0 0 5 3
21.138 11 WP_MOVED_ENU 4 1245 -372 209
21.171 11 ROTORCRAFT_FP 1349 -384 516 272629 -110100 487174 -665 -1881 -3154 15 -148 768 -3469 6463 140
21.176 11 POS_CTRL 0. 0. 0. 0. 0. 0. 0. 16 0. 0. 0. 0. 0. 0. 0. 0. 0. 0. 0. 0. 0. 0. 0. 0. 0.
21.177 11 STATE_FILTER_STATUS 3 3 0
21.190 11 ROTORCRAFT_STATUS 0 111 0 29 3 13 1 1 4 5 110 207
21.221 11 INS -371 1200 -517 -110100 272629 -408753 144 -2521 1103
21.244 11 LINK_REPORT 11 -1 11392 0 10983442 196580 0 1396. 26. 679032 2.07
21.273 11 WINDTUNNEL 0 0.974612 -0.223883 4.864981 -1.456931 0.
21.321 11 GPS_INT 392433374 30036629 500219817 519906216 43768530 47396 2200 10 -45 26 0 0 0 0 5 3
21.421 11 ROTORCRAFT_FP 1057 -332 555 -1509948 414187 284894 -887 -1774 -3196 15 -148 768 -3469 6586 140
21.424 11 POS_CTRL 0. 0. 0. 0. 0. 0. 0. 16 0. 0. 0. 0. 0. 0. 0. 0. 0. 0. 0. 0. 0. 0. 0. 0. 0.
21.471 11 INS -325 1031 -561 429915 -1567619 -252474 1997 -3002 1436
21.522 11 WINDTUNNEL 0 0.974612 -0.223883 4.864981 -1.456931 0.
21.573 11 GPS_INT 392433371 30036559 500219838 519906233 43768429 47505 2309 -24 -329 81 0 0 0 0 5 3
21.671 11 ROTORCRAFT_FP 862 -281 579 -1803549 440401 183362 -721 -348 -3448 15 -148 768 -3469 6151 140
21.677 11 POS_CTRL 0. 0. 0. 0. 0. 0. 0. 16 0. 0. 0. 0. 0. 0. 0. 0. 0. 0. 0. 0. 0. 0. 0. 0. 0.
21.721 11 INS -266 806 -582 414187 -1829763 -178681 -381 -270 -44
21.775 11 WINDTUNNEL 0 0.974612 -0.223883 4.864981 -1.456931 0.
21.777 11 ROTORCRAFT_NAV_STATUS 1 1 3. 3. 5 1 0
21.821 11 GPS_INT 392433366 30036467 500219857 519906253 43768296 47580 2384 -8 -350 65 0 0 0 0 5 3
21.824 11 ENERGY 11.1 4.508 167 50.038799
21.849 11 DL_VALUE 57 0.
21.926 11 ROTORCRAFT_FP 627 -232 596 -1772091 298843 186556 -132 260 -3482 15 -148 768 -3469 6149 141
21.927 11 POS_CTRL 0. 0. 0. 0. 0. 0. 0. 16 0. 0. 0. 0. 0. 0. 0. 0. 0. 0. 0. 0. 0. 0. 0. 0. 0.
21.971 11 INS -227 599 -600 288358 -1756363 -195545 -677 1002 -717
22.022 11 WINDTUNNEL 0 0.974612 -0.223883 4.864981 -1.456931 0.
22.071 11 GPS_INT 392433366 30036386 500219871 519906265 43768179 47661 2465 13 -394 74 0 0 0 0 5 3
22.171 11 ROTORCRAFT_FP 432 -204 621 -1525676 209715 241600 244 600 -3482 15 -148 768 -3469 6168 141
22.177 11 POS_CTRL 0. 0. 0. 0. 0. 0. 0. 16 0. 0. 0. 0. 0. 0. 0. 0. 0. 0. 0. 0. 0. 0. 0. 0. 0.
22.221 11 INS -197 386 -627 188743 -1431304 -254112 -1413 2446 -301
22.245 11 LINK_REPORT 11 -1 11393 0 10984798 196603 0 1356. 23. 679090 2.07
22.273 11 WINDTUNNEL 0 0.974612 -0.223883 4.864981 -1.456931 0.
22.321 11 GPS_INT 392433372 30036312 500219887 519906274 43768071 47785 2589 24 -245 60 0 0 0 0 5 3
22.390 11 ROTORCRAFT_STATUS 0 111 0 30 3 13 1 1 4 5 110 208
22.421 11 ROTORCRAFT_FP 263 -181 653 -1153432 152043 274188 325 554 -3422 15 -148 768 -3469 6102 141
22.427 11 POS_CTRL 0. 0. 0. 0. 0. 0. 0. 16 0. 0. 0. 0. 0. 0. 0. 0. 0. 0. 0. 0. 0. 0. 0. 0. 0.
22.437 11 WP_MOVED_ENU 5 -844 107 204
22.471 11 INS -179 245 -660 141557 -1111489 -274850 56 673 69
22.523 11 WINDTUNNEL 0 0.974612 -0.223883 4.864981 -1.456931 0.
22.574 11 GPS_INT 392433378 30036263 500219901 519906280 43767999 47908 2712 26 -186 56 0 0 0 0 5 3
22.671 11 ROTORCRAFT_FP 148 -163 686 -865074 120586 267414 315 547 -3374 15 -148 768 -3469 6050 141
22.677 11 POS_CTRL 0. 0. 0. 0. 0. 0. 0. 16 0. 0. 0. 0. 0. 0. 0. 0. 0. 0. 0. 0. 0. 0. 0. 0. 0.
22.686 11 ALIVE 199,46,77,35,184,175,54,147,117,161,102,180,3,122,23,240
22.721 11 INS -161 122 -693 99614 -791674 -268160 -453 2073 139
22.772 11 WINDTUNNEL 0 0.974612 -0.223883 4.864981 -1.456931 0.
22.822 11 GPS_INT 392433385 30036222 500219915 519906285 43767939 48044 2848 26 -129 50 0 0 0 0 5 3
22.922 11 ROTORCRAFT_FP 58 -151 719 -597687 99614 259198 301 516 -3389 15 -148 768 -3469 5972 142
22.926 11 POS_CTRL 0. 0. 0. 0. 0. 0. 0. 16 0. 0. 0. 0. 0. 0. 0. 0. 0. 0. 0. 0. 0. 0. 0. 0. 0.
22.949 11 DL_VALUE 58 1.
22.971 11 INS -151 48 -725 62914 -550501 -253031 1481 1085 248
23.022 11 WINDTUNNEL 0 0.974612 -0.223883 4.864981 -1.456931 0.
23.074 11 GPS_INT 392433391 30036198 500219926 519906288 43767902 48156 2960 27 -86 45 0 0 0 0 5 3
23.171 11 ROTORCRAFT_FP 2 -143 749 -393215 47185 237423 242 424 -3431 15 -148 768 -3469 5887 142
23.175 11 POS_CTRL 0. 0. 0. 0. 0. 0. 0. 16 0. 0. 0. 0. 0. 0. 0. 0. 0. 0. 0. 0. 0. 0. 0. 0. 0.
23.221 11 INS -143 -7 -754 52428 -346029 -230249 -1931 1399 540
23.245 11 LINK_REPORT 11 -1 11394 0 10986178 196627 0 1380. 24. 679150 2.07
23.273 11 WINDTUNNEL 0 0.974612 -0.223883 4.864981 -1.456931 0.
23.322 11 GPS_INT 392433398 30036180 500219937 519906290 43767876 48273 3077 24 -52 36 0 0 0 0 5 3
23.388 11 ROTORCRAFT_NAV_STATUS 3 3 0.1 0.1 5 1 0
23.423 11 ROTORCRAFT_FP -35 -140 775 -230686 20971 200454 194 355 -3446 15 -148 768 -3469 5828 142
23.429 11 POS_CTRL 0. 0. 0. 0. 0. 0. 0. 16 0. 0. 0. 0. 0. 0. 0. 0. 0. 0. 0. 0. 0. 0. 0. 0. 0.
23.471 11 INS -140 -38 -779 20971 -214957 -191394 -755 1358 728
23.522 11 WINDTUNNEL 0 0.974612 -0.223883 4.864981 -1.456931 0.
23.571 11 GPS_INT 392433403 30036171 500219945 519906291 43767862 48361 3165 21 -32 29 0 0 0 0 5 3
23.588 11 ROTORCRAFT_STATUS 0 111 0 29 3 13 1 1 4 5 111 209
23.671 11 ROTORCRAFT_FP -53 -138 797 -136314 5242 165371 166 277 -3436 15 -148 768 -3469 5781 142
23.677 11 POS_CTRL 0. 0. 0. 0. 0. 0. 0. 16 0. 0. 0. 0. 0. 0. 0. 0. 0. 0. 0. 0. 0. 0. 0. 0. 0.
23.721 11 INS -138 -56 -801 5242 -120586 -160398 -310 1322 702
23.736 11 WP_MOVED_ENU 6 980 -312 209
23.772 11 WINDTUNNEL 0 0.974612 -0.223883 4.864981 -1.456931 0.
23.822 11 GPS_INT 392433408 30036165 500219951 519906291 43767852 48443 3247 17 -15 22 0 0 0 0 5 3
23.921 11 ROTORCRAFT_FP -69 -138 816 -68157 0 145237 162 230 -3447 15 -148 768 -3469 5722 143
23.925 11 POS_CTRL 0. 0. 0. 0. 0. 0. 0. 16 0. 0. 0. 0. 0. 0. 0. 0. 0. 0. 0. 0. 0. 0. 0. 0. 0.
23.971 11 INS -138 -69 -818 5242 -68157 -131459 -475 517 -214
24.030 11 WINDTUNNEL 0 0.974612 -0.223883 4.864981 -1.456931 0.
24.049 11 DL_VALUE 59 0.
24.075 11 GPS_INT 392433412 30036162 500219956 519906291 43767848 48502 3307 14 -6 18 0 0 0 0 5 3
24.221 11 INS -138 -71 -830 0 -15728 -83660 -1107 1096 452
24.236 11 ROTORCRAFT_FP -71 -138 829 -26214 0 102772 135 210 -3446 15 -148 768 -3469 5715 143
24.242 11 POS_CTRL 0. 0. 0. 0. 0. 0. 0. 16 0. 0. 0. 0. 0. 0. 0. 0. 0. 0. 0. 0. 0. 0. 0. 0. 0.
24.245 11 LINK_REPORT 11 -1 11395 0 10987556 196651 0 1378. 24. 679209 2.07
24.273 11 WINDTUNNEL 0 0.974612 -0.223883 4.864981 -1.456931 0.
24.321 11 GPS_INT 392433415 30036162 500219960 519906291 43767847 48552 3356 9 0 12 0 0 0 0 5 3
24.324 11 ENERGY 11.1 4.124 170 45.776402
24.421 11 ROTORCRAFT_FP -71 -135 839 0 0 71302 126 187 -3468 15 -148 768 -3469 5708 143
24.424 11 POS_CTRL 0. 0. 0. 0. 0. 0. 0. 16 0. 0. 0. 0. 0. 0. 0. 0. 0. 0. 0. 0. 0. 0. 0. 0. 0.
24.439 11 STATE_FILTER_STATUS 3 3 0
24.471 11 INS -135 -71 -841 -5242 5242 -70099 -707 -356 523
24.522 11 WINDTUNNEL 0 0.974612 -0.223883 4.864981 -1.456931 0.
24.577 11 GPS_INT 392433417 30036162 500219962 519906292 43767848 48582 3386 6 4 8 0 0 0 0 5 3
24.748 11 ROTORCRAFT_FP -71 -138 846 20971 -5242 44006 125 179 -3446 15 -148 768 -3469 5712 143
24.753 11 POS_CTRL 0. 0. 0. 0. 0. 0. 0. 16 0. 0. 0. 0. 0. 0. 0. 0. 0. 0. 0. 0. 0. 0. 0. 0. 0.
24.755 11 INS -138 -71 -847 -5242 20971 -39396 508 -1005 557
24.776 11 WINDTUNNEL 0 0.974612 -0.223883 4.864981 -1.456931 0.
24.790 11 ALIVE 199,46,77,35,184,175,54,147,117,161,102,180,3,122,23,240
24.792 11 ROTORCRAFT_STATUS 0 111 0 30 3 13 1 1 4 5 112 210
24.826 11 GPS_INT 392433418 30036164 500219964 519906291 43767850 48602 3406 3 8 3 0 0 0 0 5 3
24.956 11 ROTORCRAFT_FP -66 -138 849 36700 -5242 20053 89 164 -3467 15 -148 768 -3469 5718 144
24.958 11 POS_CTRL 0. 0. 0. 0. 0. 0. 0. 16 0. 0. 0. 0. 0. 0. 0. 0. 0. 0. 0. 0. 0. 0. 0. 0. 0.
24.975 11 INS -138 -64 -850 -15728 47185 -19929 685 -1059 92
24.980 11 ROTORCRAFT_NAV_STATUS 4 4 0.3 0.3 5 1 0
25.027 11 WINDTUNNEL 0 0.974612 -0.223883 4.864981 -1.456931 0.
25.039 11 WP_MOVED_ENU 7 1297 -366 721
25.152 11 DL_VALUE 60 1.
25.158 11 GPS_INT 392433418 30036166 500219964 519906291 43767853 48609 3413 2 10 0 0 0 0 0 5 3
25.175 11 ROTORCRAFT_FP -58 -138 850 47185 -10485 4959 76 139 -3463 15 -148 768 -3469 5732 144
25.178 11 POS_CTRL 0. 0. 0. 0. 0. 0. 0. 16 0. 0. 0. 0. 0. 0. 0. 0. 0. 0. 0. 0. 0. 0. 0. 0. 0.
25.215 11 DATALINK_REPORT 0 12512 5245 1412 0
25.225 11 INS -138 -56 -850 -15728 52428 -487 1364 -1154 168
25.246 11 LINK_REPORT 11 -1 11396 0 10989002 196679 0 1446. 28. 679269 2.07
25.362 11 WINDTUNNEL 0 0.974612 -0.223883 4.864981 -1.456931 0.
25.364 11 INS_REF 392433170 30036171 500219735 519906340 43767889 45278 82 0.
25.365 11 GPS_INT 392433418 30036168 500219964 519906291 43767856 48612 3416 0 10 -1 0 0 0 0 5 3
25.425 11 ROTORCRAFT_FP -51 -140 852 52428 -15728 7473 73 142 -3451 15 -148 768 -3469 5713 144
25.430 11 POS_CTRL 0. 0. 0. 0. 0. 0. 0. 16 0. 0. 0. 0. 0. 0. 0. 0. 0. 0. 0. 0. 0. 0. 0. 0. 0.
25.434 11 BLOCK 20 11
25.515 11 WIND_INFO 11 42 0. 0. 0.
25.581 11 INS -140 -51 -852 -15728 52428 -7362 91 -988 -506
25.582 11 WINDTUNNEL 0 0.974612 -0.223883 4.864981 -1.456931 0.
25.583 11 GPS_INT 392433419 30036172 500219964 519906290 43767861 48609 3413 0 11 -3 0 0 0 0 5 3
25.678 11 ROTORCRAFT_FP -46 -143 851 47185 -15728 -14518 66 123 -3459 -51 -140 851 -3469 3897 144
25.683 11 POS_CTRL 0. 0. 0. 0. 0. 0. 0. 16 0. 0. 0. 0. 0. 0. 0. 0. 0. 0. 0. 0. 0. 0. 0. 0. 0.
25.726 11 INS -143 -46 -850 -15728 47185 83455 913 86 3119
25.777 11 WINDTUNNEL 0 0.974612 -0.223883 4.864981 -1.456931 0.
25.826 11 GPS_INT 392433417 30036174 500219961 519906290 43767865 48582 3386 -18 8 -27 0 0 0 0 5 3
25.976 11 INS -145 -38 -821 -15728 47185 328618 -851 -219 700
25.978 11 ROTORCRAFT_FP -40 -143 828 47185 -15728 -299976 54 45 -3466 -51 -140 828 -3469 5087 145
25.982 11 POS_CTRL 0. 0. 0. 0. 0. 0. 0. 16 0. 0. 0. 0. 0. 0. 0. 0. 0. 0. 0. 0. 0. 0. 0. 0. 0.
25.983 11 PONG 
25.990 11 ROTORCRAFT_STATUS 0 111 0 29 3 13 1 1 4 5 112 212
26.027 11 WINDTUNNEL 0 0.974612 -0.223883 4.864981 -1.456931 0.
26.076 11 GPS_INT 392433408 30036175 500219949 519906289 43767868 48429 3234 -41 3 -57 0 0 0 0 5 3
26.175 11 ROTORCRAFT_FP -33 -145 786 15728 -20971 -399804 0 13 -3450 -51 -140 786 -3469 5522 145
26.180 11 POS_CTRL 0. 0. 0. 0. 0. 0. 0. 16 0. 0. 0. 0. 0. 0. 0. 0. 0. 0. 0. 0. 0. 0. 0. 0. 0.
26.225 11 INS -145 -33 -775 -15728 15728 416048 759 -250 391
26.247 11 LINK_REPORT 11 -1 11397 0 10990373 196702 0 1371. 23. 679332 83.63
26.252 11 DL_VALUE 61 0.3
26.277 11 WINDTUNNEL 0 0.974612 -0.223883 4.864981 -1.456931 0.
26.390 11 GPS_INT 392433399 30036175 500219936 519906288 43767869 48270 3074 -47 -2 -64 0 0 0 0 5 3
26.390 11 WP_MOVED_ENU 8 -215 -1331 721
26.425 11 ROTORCRAFT_FP -35 -148 738 -10485 -10485 -385971 27 0 -3471 -51 -140 738 -3469 5610 145
26.430 11 POS_CTRL 0. 0. 0. 0. 0. 0. 0. 16 0. 0. 0. 0. 0. 0. 0. 0. 0. 0. 0. 0. 0. 0. 0. 0. 0.
26.475 11 INS -148 -35 -726 -5242 -20971 407511 852 -1224 1
26.590 11 WINDTUNNEL 0 0.974612 -0.223883 4.864981 -1.456931 0.
26.592 11 GPS_INT 392433390 30036174 500219923 519906288 43767868 48113 2917 -47 -7 -62 0 0 0 0 5 3
26.593 11 ROTORCRAFT_NAV_STATUS 1 1 0.2 0.1 22 1 0
26.675 11 ROTORCRAFT_FP -38 -148 688 -41943 -5242 -389862 54 4 -3461 -51 -140 688 -3469 5660 145
26.681 11 POS_CTRL 0. 0. 0. 0. 0. 0. 0. 16 0. 0. 0. 0. 0. 0. 0. 0. 0. 0. 0. 0. 0. 0. 0. 0. 0.
26.776 11 WINDTUNNEL 0 0.974612 -0.223883 4.864981 -1.456931 0.
26.795 11 INS -148 -40 -677 -5242 -41943 399165 1022 -103 -301
26.826 11 GPS_INT 392433374 30036170 500219902 519906288 43767865 47851 2655 -45 -13 -57 0 0 0 0 5 3
26.828 11 ENERGY 11.1 4.101 172 45.521099
26.891 11 ALIVE 199,46,77,35,184,175,54,147,117,161,102,180,3,122,23,240
27.004 11 AUTOPILOT_VERSION 50600 v5.6.0_stable-39-ga52ba85-dirty
27.004 11 ROTORCRAFT_FP -43 -145 634 -52428 5242 -394145 78 46 -3460 -51 -140 634 -3469 5691 146
27.007 11 POS_CTRL 0. 0. 0. 0. 0. 0. 0. 16 0. 0. 0. 0. 0. 0. 0. 0. 0. 0. 0. 0. 0. 0. 0. 0. 0.
27.009 11 INS -145 -43 -625 5242 -52428 392495 182 -567 304
27.026 11 WINDTUNNEL 0 0.974612 -0.223883 4.864981 -1.456931 0.
27.079 11 GPS_INT 392433363 30036167 500219889 519906288 43767861 47679 2483 -43 -15 -53 0 0 0 0 5 3
27.175 11 ROTORCRAFT_FP -53 -145 593 -62914 15728 -364058 71 87 -3451 -51 -140 593 -3469 5615 146
27.179 11 POS_CTRL 0. 0. 0. 0. 0. 0. 0. 16 0. 0. 0. 0. 0. 0. 0. 0. 0. 0. 0. 0. 0. 0. 0. 0. 0.
27.190 11 ROTORCRAFT_STATUS 0 111 0 30 3 13 1 1 4 5 111 213
27.225 11 INS -145 -56 -583 15728 -62914 374350 617 -1465 109
27.248 11 LINK_REPORT 11 -1 11398 0 10991836 196729 0 1463. 27. 679392 83.63
27.277 11 WINDTUNNEL 0 0.974612 -0.223883 4.864981 -1.456931 0.
27.414 11 GPS_INT 392433353 30036163 500219877 519906289 43767857 47515 2320 -44 -14 -54 0 0 0 0 5 3
27.414 11 DL_VALUE 62 0.3
27.425 11 ROTORCRAFT_FP -58 -143 548 -47185 10485 -363609 100 85 -3460 -51 -140 548 -3469 5586 146
27.428 11 POS_CTRL 0. 0. 0. 0. 0. 0. 0. 16 0. 0. 0. 0. 0. 0. 0. 0. 0. 0. 0. 0. 0. 0. 0. 0. 0.
27.475 11 INS -140 -61 -538 10485 -47185 375497 -76 -761 286
27.614 11 WINDTUNNEL 0 0.974612 -0.223883 4.864981 -1.456931 0.
27.617 11 GPS_INT 392433344 30036161 500219866 519906290 43767854 47373 2177 -47 -13 -55 0 0 0 0 5 3
27.618 11 STATE_FILTER_STATUS 3 3 0
27.637 11 WP_MOVED_ENU 9 -1167 192 724
27.675 11 ROTORCRAFT_FP -64 -140 504 -36700 10485 -362617 82 120 -3456 -51 -140 504 -3469 5550 146
27.681 11 POS_CTRL 0. 0. 0. 0. 0. 0. 0. 16 0. 0. 0. 0. 0. 0. 0. 0. 0. 0. 0. 0. 0. 0. 0. 0. 0.
27.776 11 WINDTUNNEL 0 0.974612 -0.223883 4.864981 -1.456931 0.
27.819 11 INS -140 -66 -493 10485 -36700 385427 125 -901 -112
27.827 11 GPS_INT 392433328 30036157 500219847 519906290 43767850 47127 1932 -47 -8 -58 0 0 0 0 5 3
27.925 11 ROTORCRAFT_FP -69 -140 451 -20971 5242 -424853 85 112 -3450 -51 -140 451 -3469 5634 147
28.024 11 INS -140 -69 -440 5242 -20971 423757 -714 -61 74
28.026 11 WINDTUNNEL 0 0.974612 -0.223883 4.864981 -1.456931 0.
28.078 11 GPS_INT 392433317 30036156 500219833 519906291 43767849 46950 1755 -47 -5 -59 0 0 0 0 5 3
28.229 11 ROTORCRAFT_FP -69 -140 403 -5242 0 -404496 91 86 -3458 -51 -140 403 -3469 5592 147
28.231 11 ROTORCRAFT_NAV_STATUS 3 3 0.3 0.1 22 1 0
28.235 11 POS_CTRL 0. 0. 0. 0. 0. 0. 0. 16 0. 0. 0. 0. 0. 0. 0. 0. 0. 0. 0. 0. 0. 0. 0. 0. 0.
28.236 11 INS -140 -69 -393 0 -5242 402740 255 -240 -85
28.248 11 LINK_REPORT 11 -1 11399 0 10993074 196752 0 1238. 23. 679450 83.63
28.277 11 WINDTUNNEL 0 0.974612 -0.223883 4.864981 -1.456931 0.
28.327 11 GPS_INT 392433304 30036155 500219817 519906291 43767849 46746 1550 -48 -3 -60 0 0 0 0 5 3
28.435 11 ROTORCRAFT_STATUS 0 111 0 30 3 13 1 1 4 5 111 214
28.435 11 ROTORCRAFT_FP -69 -138 355 0 0 -409591 81 77 -3443 -51 -140 355 -3469 5576 147
28.439 11 POS_CTRL 0. 0. 0. 0. 0. 0. 0. 16 0. 0. 0. 0. 0. 0. 0. 0. 0. 0. 0. 0. 0. 0. 0. 0. 0.
28.452 11 DL_VALUE 63 0.
28.476 11 INS -138 -69 -348 0 5242 387900 -165 -955 -493
28.527 11 WINDTUNNEL 0 0.974612 -0.223883 4.864981 -1.456931 0.
28.639 11 GPS_INT 392433294 30036154 500219805 519906291 43767849 46582 1387 -48 -2 -61 0 0 0 0 5 3
28.675 11 ROTORCRAFT_FP -66 -140 308 5242 0 -401667 45 89 -3457 -51 -140 308 -3469 5546 147
28.679 11 POS_CTRL 0. 0. 0. 0. 0. 0. 0. 16 0. 0. 0. 0. 0. 0. 0. 0. 0. 0. 0. 0. 0. 0. 0. 0. 0.
28.725 11 INS -138 -69 -294 -5242 0 431854 1098 -1102 209
28.843 11 WINDTUNNEL 0 0.974612 -0.223883 4.864981 -1.456931 0.
28.851 11 GPS_INT 392433284 30036153 500219792 519906291 43767850 46422 1227 -49 -3 -63 0 0 0 0 5 3
28.927 11 ROTORCRAFT_FP -66 -138 249 0 -10485 -444826 35 82 -3471 -51 -140 249 -3469 5632 148
28.947 11 POS_CTRL 0. 0. 0. 0. 0. 0. 0. 16 0. 0. 0. 0. 0. 0. 0. 0. 0. 0. 0. 0. 0. 0. 0. 0. 0.
28.947 11 WP_MOVED_ENU 10 325 1128 724
28.975 11 INS -138 -66 -239 -10485 -5242 438529 -866 321 -65
28.991 11 ALIVE 199,46,77,35,184,175,54,147,117,161,102,180,3,122,23,240
29.027 11 WINDTUNNEL 0 0.974612 -0.223883 4.864981 -1.456931 0.
29.086 11 GPS_INT 392433268 30036152 500219770 519906291 43767850 46146 951 -46 -4 -64 0 0 0 0 5 3
29.176 11 ROTORCRAFT_FP -69 -140 198 -5242 -15728 -413330 93 56 -3472 -51 -140 198 -3469 5590 148
29.183 11 POS_CTRL 0. 0. 0. 0. 0. 0. 0. 16 0. 0. 0. 0. 0. 0. 0. 0. 0. 0. 0. 0. 0. 0. 0. 0. 0.
29.225 11 INS -138 -66 -188 -15728 -5242 409575 -724 494 -72
29.249 11 LINK_REPORT 11 -1 11400 0 10994454 196776 0 1380. 24. 679510 83.63
29.277 11 WINDTUNNEL 0 0.974612 -0.223883 4.864981 -1.456931 0.
29.326 11 GPS_INT 392433257 30036151 500219755 519906290 43767849 45964 768 -45 -4 -61 0 0 0 0 5 3
29.328 11 ENERGY 11.1 3.997 175 44.366703
29.425 11 ROTORCRAFT_FP -69 -140 148 0 -10485 -400070 92 78 -3477 -51 -140 148 -3469 5569 148
29.429 11 POS_CTRL 0. 0. 0. 0. 0. 0. 0. 16 0. 0. 0. 0. 0. 0. 0. 0. 0. 0. 0. 0. 0. 0. 0. 0. 0.
29.476 11 INS -140 -69 -138 -5242 0 394763 330 -1115 -33
29.526 11 WINDTUNNEL 0 0.974612 -0.223883 4.864981 -1.456931 0.
29.551 11 DL_VALUE 64 0.
29.588 11 GPS_INT 392433245 30036150 500219739 519906290 43767849 45760 565 -46 -3 -60 0 0 0 0 5 3
29.589 11 ROTORCRAFT_STATUS 0 111 0 26 3 13 1 1 4 5 112 215
29.676 11 ROTORCRAFT_FP -69 -140 100 0 -5242 -392706 98 58 -3483 -51 -140 100 -3469 5538 148
29.681 11 POS_CTRL 0. 0. 0. 0. 0. 0. 0. 16 0. 0. 0. 0. 0. 0. 0. 0. 0. 0. 0. 0. 0. 0. 0. 0. 0.
29.726 11 INS -140 -69 -90 -5242 -5242 394981 956 -229 81
29.776 11 ROTORCRAFT_NAV_STATUS 4 4 0.3 0.1 22 1 0
29.778 11 WINDTUNNEL 0 0.974612 -0.223883 4.864981 -1.456931 0.
29.826 11 GPS_INT 392433234 30036149 500219725 519906290 43767849 45582 386 -46 -4 -59 0 0 0 0 5 3
29.925 11 ROTORCRAFT_FP -69 -140 51 -5242 -5242 -381980 123 109 -3457 -51 -140 51 -3469 5514 149
29.928 11 POS_CTRL 0. 0. 0. 0. 0. 0. 0. 16 0. 0. 0. 0. 0. 0. 0. 0. 0. 0. 0. 0. 0. 0. 0. 0. 0.
29.976 11 INS -140 -71 -41 5242 0 385443 373 -790 -108
30.026 11 WINDTUNNEL 0 0.974612 -0.223883 4.864981 -1.456931 0.
30.080 11 GPS_INT 392433222 30036148 500219710 519906290 43767849 45385 190 -43 -3 -57 0 0 0 0 5 3
30.176 11 ROTORCRAFT_FP -69 -140 6 -5242 -20971 -326499 76 92 -3487 -51 -140 6 -3469 5413 149
30.182 11 POS_CTRL 0. 0. 0. 0. 0. 0. 0. 16 0. 0. 0. 0. 0. 0. 0. 0. 0. 0. 0. 0. 0. 0. 0. 0. 0.
30.226 11 INS -143 -69 0 -31457 -5242 270456 2558 -2497 -6624
30.235 11 WP_MOVED_ENU 0 10956 10549 768
30.250 11 LINK_REPORT 11 -1 11401 0 10995852 196801 0 1398. 25. 679569 83.63
30.276 11 WINDTUNNEL 0 0.974612 -0.223883 4.864981 -1.456931 0.
30.315 11 DATALINK_REPORT 0 12812 5371 1385 0
30.326 11 GPS_INT 392433216 30036148 500219701 519906289 43767849 45282 87 14 1 15 0 0 0 0 5 3
30.417 11 INS_REF 392433170 30036171 500219735 519906340 43767889 45278 82 0.
30.425 11 ROTORCRAFT_FP -69 -145 -10 47185 -73400 -126500 73 51 -3568 -51 -140 -10 -3469 0 149
30.429 11 POS_CTRL 0. 0. 0. 0. 0. 0. 0. 16 0. 0. 0. 0. 0. 0. 0. 0. 0. 0. 0. 0. 0. 0. 0. 0. 0.
30.476 11 INS -145 -69 9 -15728 5242 104314 123 -61 -1719
30.527 11 WINDTUNNEL 0 0.974612 -0.223883 4.864981 -1.456931 0.
30.578 11 GPS_INT 392433216 30036148 500219700 519906289 43767849 45274 78 0 1 1 0 0 0 0 5 3
30.651 11 DL_VALUE 0 0.
30.676 11 ROTORCRAFT_FP -69 -145 -5 0 0 -21335 69 92 -3568 -51 -140 -5 -3469 0 149
30.681 11 POS_CTRL 0. 0. 0. 0. 0. 0. 0. 16 0. 0. 0. 0. 0. 0. 0. 0. 0. 0. 0. 0. 0. 0. 0. 0. 0.
30.726 11 INS -145 -69 5 0 0 12859 -48 -63 -5
30.779 11 WINDTUNNEL 0 0.974612 -0.223883 4.864981 -1.456931 0.
30.780 11 STATE_FILTER_STATUS 3 3 0
30.788 11 ROTORCRAFT_STATUS 0 111 0 29 3 13 1 0 4 5 117 216
30.826 11 GPS_INT 392433216 30036148 500219700 519906289 43767849 45273 78 0 0 0 0 0 0 0 5 3
30.902 11 PONG 
30.926 11 ROTORCRAFT_FP -69 -145 -2 0 0 6673 68 93 -3567 -51 -140 -2 -3469 0 150
30.929 11 POS_CTRL 0. 0. 0. 0. 0. 0. 0. 16 0. 0. 0. 0. 0. 0. 0. 0. 0. 0. 0. 0. 0. 0. 0. 0. 0.
30.976 11 INS -145 -69 2 0 0 -7629 12 -14 74
31.026 11 WINDTUNNEL 0 0.974612 -0.223883 4.864981 -1.456931 0.
31.080 11 GPS_INT 392433216 30036148 500219700 519906289 43767849 45273 78 0 0 0 0 0 0 0 5 3
31.089 11 ALIVE 199,46,77,35,184,175,54,147,117,161,102,180,3,122,23,240
31.176 11 ROTORCRAFT_FP -69 -145 -2 0 0 4498 68 93 -3567 -51 -140 -2 -3469 0 150
31.180 11 POS_CTRL 0. 0. 0. 0. 0. 0. 0. 16 0. 0. 0. 0. 0. 0. 0. 0. 0. 0. 0. 0. 0. 0. 0. 0. 0.
31.226 11 INS -145 -69 2 0 0 -3035 -47 -61 -4
31.250 11 LINK_REPORT 11 -1 11402 0 10997282 196828 0 1430. 27. 679630 1.89
31.276 11 WINDTUNNEL 0 0.974612 -0.223883 4.864981 -1.456931 0.
31.326 11 GPS_INT 392433216 30036148 500219700 519906289 43767849 45273 78 0 0 0 0 0 0 0 5 3
31.391 11 ROTORCRAFT_NAV_STATUS 1 1 0.3 0. 23 1 3
31.425 11 ROTORCRAFT_FP -69 -145 -2 0 0 -2719 68 93 -3567 -51 -140 -2 -3469 0 150
31.429 11 POS_CTRL 0. 0. 0. 0. 0. 0. 0. 16 0. 0. 0. 0. 0. 0. 0. 0. 0. 0. 0. 0. 0. 0. 0. 0. 0.
31.476 11 INS -145 -69 2 0 0 3660 -47 -61 -5
31.526 11 WINDTUNNEL 0 0.974612 -0.223883 4.864981 -1.456931 0.
31.535 11 WP_MOVED_ENU 1 15 -148 768
31.585 11 GPS_INT 392433216 30036148 500219700 519906289 43767849 45273 78 0 0 0 0 0 0 0 5 3
31.676 11 ROTORCRAFT_FP -69 -145 -2 0 0 -4467 68 94 -3567 -51 -140 -2 -3469 0 150
31.681 11 POS_CTRL 0. 0. 0. 0. 0. 0. 0. 16 0. 0. 0. 0. 0. 0. 0. 0. 0. 0. 0. 0. 0. 0. 0. 0. 0.
31.725 11 INS -145 -69 2 0 0 5061 -47 -61 72
31.750 11 DL_VALUE 1 13.
31.777 11 WINDTUNNEL 0 0.974612 -0.223883 4.864981 -1.456931 0.
31.826 11 GPS_INT 392433216 30036148 500219700 519906289 43767849 45273 78 0 0 0 0 0 0 0 5 3
31.828 11 ENERGY 11.8 0. 176 0.
31.932 11 ROTORCRAFT_FP -69 -145 -2 0 0 -5186 69 94 -3567 -51 -140 -2 -3469 0 150
31.932 11 POS_CTRL 0. 0. 0. 0. 0. 0. 0. 16 0. 0. 0. 0. 0. 0. 0. 0. 0. 0. 0. 0. 0. 0. 0. 0. 0.
31.976 11 INS -145 -69 2 0 0 5407 -47 -60 73
31.987 11 ROTORCRAFT_STATUS 0 111 0 30 3 13 0 0 4 5 118 218
32.026 11 WINDTUNNEL 0 0.974612 -0.223883 4.864981 -1.456931 0.
32.085 11 GPS_INT 392433216 30036148 500219700 519906289 43767849 45273 78 0 0 0 0 0 0 0 5 3
32.177 11 ROTORCRAFT_FP -69 -145 -2 0 0 -3186 69 94 -3567 -51 -140 -2 -3469 0 150
32.180 11 POS_CTRL 0. 0. 0. 0. 0. 0. 0. 16 0. 0. 0. 0. 0. 0. 0. 0. 0. 0. 0. 0. 0. 0. 0. 0. 0.
32.226 11 INS -145 -69 2 0 0 3315 -97 0 74
32.250 11 LINK_REPORT 11 -1 11403 0 10998680 196853 0 1398. 25. 679690 1.89
32.276 11 WINDTUNNEL 0 0.974612 -0.223883 4.864981 -1.456931 0.
32.326 11 GPS_INT 392433216 30036148 500219700 519906289 43767849 45273 78 0 0 0 0 0 0 0 5 3
32.428 11 ROTORCRAFT_FP -69 -145 -2 0 0 -5568 69 95 -3566 -51 -140 -2 -3469 0 150
32.431 11 POS_CTRL 0. 0. 0. 0. 0. 0. 0. 16 0. 0. 0. 0. 0. 0. 0. 0. 0. 0. 0. 0. 0. 0. 0. 0. 0.
32.476 11 INS -145 -69 2 0 0 4964 -48 -55 -4
32.526 11 WINDTUNNEL 0 0.974612 -0.223883 4.864981 -1.456931 0.
32.593 11 GPS_INT 392433216 30036148 500219700 519906289 43767849 45273 78 0 0 0 0 0 0 0 5 3
32.676 11 ROTORCRAFT_FP -69 -145 -2 0 0 -3345 69 96 -3566 -51 -140 -2 -3469 0 150
32.681 11 POS_CTRL 0. 0. 0. 0. 0. 0. 0. 16 0. 0. 0. 0. 0. 0. 0. 0. 0. 0. 0. 0. 0. 0. 0. 0. 0.
32.726 11 INS -145 -69 2 0 0 3417 -47 -57 73
32.776 11 WINDTUNNEL 0 0.974612 -0.223883 4.864981 -1.456931 0.
32.826 11 GPS_INT 392433216 30036148 500219700 519906289 43767849 45273 78 0 0 0 0 0 0 0 5 3
32.833 11 WP_MOVED_ENU 2 15 -148 768
32.850 11 DL_VALUE 2 1.
32.925 11 ROTORCRAFT_FP -69 -145 -2 0 0 -2330 70 96 -3566 -51 -140 -2 -3469 0 150
32.928 11 POS_CTRL 0. 0. 0. 0. 0. 0. 0. 16 0. 0. 0. 0. 0. 0. 0. 0. 0. 0. 0. 0. 0. 0. 0. 0. 0.
32.977 11 ROTORCRAFT_NAV_STATUS 2 2 0.3 0. 23 1 3
32.977 11 INS -145 -69 2 0 0 3405 -97 4 75
33.027 11 WINDTUNNEL 0 0.974612 -0.223883 4.864981 -1.456931 0.
33.085 11 GPS_INT 392433216 30036148 500219700 519906289 43767849 45273 78 0 0 0 0 0 0 0 5 3
33.176 11 ROTORCRAFT_FP -69 -145 -2 0 0 -4749 70 96 -3566 -51 -140 -2 -3469 0 150
33.182 11 POS_CTRL 0. 0. 0. 0. 0. 0. 0. 16 0. 0. 0. 0. 0. 0. 0. 0. 0. 0. 0. 0. 0. 0. 0. 0. 0.
33.187 11 ROTORCRAFT_STATUS 0 111 0 30 3 13 0 0 4 5 118 219
33.188 11 ALIVE 199,46,77,35,184,175,54,147,117,161,102,180,3,122,23,240
33.226 11 INS -145 -69 2 0 0 5457 -47 -56 72
33.251 11 LINK_REPORT 11 -1 11404 0 11000081 196878 0 1401. 25. 679748 1.89
33.278 11 WINDTUNNEL 0 0.974612 -0.223883 4.864981 -1.456931 0.
33.326 11 GPS_INT 392433216 30036148 500219700 519906289 43767849 45273 78 0 0 0 0 0 0 0 5 3
33.427 11 ROTORCRAFT_FP -69 -145 -2 0 0 -5355 70 96 -3566 -51 -140 -2 -3469 0 150
33.430 11 POS_CTRL 0. 0. 0. 0. 0. 0. 0. 16 0. 0. 0. 0. 0. 0. 0. 0. 0. 0. 0. 0. 0. 0. 0. 0. 0.
33.476 11 INS -145 -69 2 0 0 6008 -47 -55 72
33.527 11 WINDTUNNEL 0 0.974612 -0.223883 4.864981 -1.456931 0.
33.592 11 GPS_INT 392433216 30036148 500219700 519906289 43767849 45273 78 0 0 0 0 0 0 0 5 3
33.676 11 ROTORCRAFT_FP -69 -145 -2 0 0 -6276 70 96 -3566 -51 -140 -2 -3469 0 150
33.680 11 POS_CTRL 0. 0. 0. 0. 0. 0. 0. 16 0. 0. 0. 0. 0. 0. 0. 0. 0. 0. 0. 0. 0. 0. 0. 0. 0.
33.726 11 INS -145 -69 2 0 0 6042 -47 -54 72
33.777 11 WINDTUNNEL 0 0.974612 -0.223883 4.864981 -1.456931 0.
33.830 11 GPS_INT 392433216 30036148 500219700 519906289 43767849 45273 78 0 0 0 0 0 0 0 5 3
33.925 11 ROTORCRAFT_FP -69 -145 -2 0 0 -5646 71 96 -3566 -51 -140 -2 -3469 0 150
33.929 11 POS_CTRL 0. 0. 0. 0. 0. 0. 0. 16 0. 0. 0. 0. 0. 0. 0. 0. 0. 0. 0. 0. 0. 0. 0. 0. 0.
33.950 11 DL_VALUE 3 0.
33.976 11 INS -145 -69 2 0 0 5291 -46 -51 -5
33.978 11 STATE_FILTER_STATUS 3 3 0
34.029 11 WINDTUNNEL 0 0.974612 -0.223883 4.864981 -1.456931 0.
34.081 11 GPS_INT 392433216 30036148 500219700 519906289 43767849 45273 78 0 0 0 0 0 0 0 5 3
34.132 11 WP_MOVED_ENU 3 15 -148 768
34.176 11 ROTORCRAFT_FP -69 -145 -2 0 0 -5284 71 97 -3566 -51 -140 -2 -3469 0 150
34.183 11 POS_CTRL 0. 0. 0. 0. 0. 0. 0. 16 0. 0. 0. 0. 0. 0. 0. 0. 0. 0. 0. 0. 0. 0. 0. 0. 0.
34.226 11 INS -145 -69 2 0 0 4379 -46 -49 -6
34.251 11 LINK_REPORT 11 -1 11405 0 11001425 196901 0 1344. 23. 679808 1.89
34.276 11 WINDTUNNEL 0 0.974612 -0.223883 4.864981 -1.456931 0.
34.326 11 GPS_INT 392433216 30036148 500219700 519906289 43767849 45273 78 0 0 0 0 0 0 0 5 3
34.329 11 ENERGY 11.8 0. 176 0.
34.397 11 ROTORCRAFT_STATUS 0 111 0 29 3 13 0 0 4 5 118 220
34.432 11 ROTORCRAFT_FP -69 -145 -2 0 0 -6085 72 98 -3566 -51 -140 -2 -3469 0 150
34.436 11 POS_CTRL 0. 0. 0. 0. 0. 0. 0. 16 0. 0. 0. 0. 0. 0. 0. 0. 0. 0. 0. 0. 0. 0. 0. 0. 0.
34.476 11 INS -145 -69 2 0 0 5296 -47 -47 -6
34.527 11 WINDTUNNEL 0 0.974612 -0.223883 4.864981 -1.456931 0.
34.589 11 ROTORCRAFT_NAV_STATUS 4 4 0.3 0. 23 1 3
34.589 11 GPS_INT 392433216 30036148 500219700 519906289 43767849 45273 78 0 0 0 0 0 0 0 5 3
34.675 11 ROTORCRAFT_FP -69 -145 -2 0 0 -3396 72 98 -3565 -51 -140 -2 -3469 0 150
34.680 11 POS_CTRL 0. 0. 0. 0. 0. 0. 0. 16 0. 0. 0. 0. 0. 0. 0. 0. 0. 0. 0. 0. 0. 0. 0. 0. 0.
34.726 11 INS -145 -69 2 0 0 3534 -96 13 -3
34.791 11 WINDTUNNEL 0 0.974612 -0.223883 4.864981 -1.456931 0.
34.835 11 GPS_INT 392433216 30036148 500219700 519906289 43767849 45273 78 0 0 0 0 0 0 0 5 3
34.933 11 ROTORCRAFT_FP -69 -145 -2 0 0 -5397 72 99 -3565 -51 -140 -2 -3469 0 150
34.938 11 POS_CTRL 0. 0. 0. 0. 0. 0. 0. 16 0. 0. 0. 0. 0. 0. 0. 0. 0. 0. 0. 0. 0. 0. 0. 0. 0.
34.984 11 INS -145 -69 2 0 0 5946 -46 -47 72
35.035 11 WINDTUNNEL 0 0.974612 -0.223883 4.864981 -1.456931 0.
35.058 11 DL_VALUE 4 13.
35.094 11 GPS_INT 392433216 30036148 500219700 519906289 43767849 45273 78 0 0 0 0 0 0 0 5 3
35.184 11 ROTORCRAFT_FP -69 -145 -2 0 0 -6159 73 99 -3565 -51 -140 -2 -3469 0 150
35.188 11 POS_CTRL 0. 0. 0. 0. 0. 0. 0. 16 0. 0. 0. 0. 0. 0. 0. 0. 0. 0. 0. 0. 0. 0. 0. 0. 0.
35.234 11 INS -145 -69 2 0 0 5843 -96 16 -3
35.252 11 LINK_REPORT 11 -1 11406 0 11002804 196925 0 1379. 24. 679867 1.89
35.284 11 WINDTUNNEL 0 0.974612 -0.223883 4.864981 -1.456931 0.
35.297 11 ALIVE 199,46,77,35,184,175,54,147,117,161,102,180,3,122,23,240
35.334 11 GPS_INT 392433216 30036148 500219700 519906289 43767849 45273 78 0 0 0 0 0 0 0 5 3
35.427 11 DATALINK_REPORT 0 13116 5497 1377 0
35.433 11 ROTORCRAFT_FP -69 -145 -2 0 0 -6674 74 99 -3565 -51 -140 -2 -3469 0 150
35.437 11 POS_CTRL 0. 0. 0. 0. 0. 0. 0. 16 0. 0. 0. 0. 0. 0. 0. 0. 0. 0. 0. 0. 0. 0. 0. 0. 0.
35.439 11 WP_MOVED_ENU 4 -51 -140 209
35.484 11 INS -145 -69 2 0 0 7031 -96 15 74
35.516 11 WIND_INFO 11 42 0. 0. 0.
35.523 11 INS_REF 392433170 30036171 500219735 519906340 43767889 45278 82 0.
35.535 11 WINDTUNNEL 0 0.974612 -0.223883 4.864981 -1.456931 0.
35.584 11 GPS_INT 392433216 30036148 500219700 519906289 43767849 45273 78 0 0 0 0 0 0 0 5 3
35.594 11 ROTORCRAFT_STATUS 0 111 0 30 3 13 0 0 4 5 118 221
35.684 11 ROTORCRAFT_FP -69 -145 -2 0 0 -8384 74 100 -3565 -51 -140 -2 -3469 0 150
35.690 11 POS_CTRL 0. 0. 0. 0. 0. 0. 0. 16 0. 0. 0. 0. 0. 0. 0. 0. 0. 0. 0. 0. 0. 0. 0. 0. 0.
35.734 11 INS -145 -69 3 0 0 9116 -45 -43 72
35.784 11 WINDTUNNEL 0 0.974612 -0.223883 4.864981 -1.456931 0.
35.834 11 GPS_INT 392433216 30036148 500219700 519906289 43767849 45273 78 0 0 0 0 0 0 0 5 3
35.902 11 PONG 
35.933 11 ROTORCRAFT_FP -69 -145 -2 0 0 -6098 74 100 -3565 -51 -140 -2 -3469 0 150
35.937 11 POS_CTRL 0. 0. 0. 0. 0. 0. 0. 16 0. 0. 0. 0. 0. 0. 0. 0. 0. 0. 0. 0. 0. 0. 0. 0. 0.
35.984 11 INS -145 -69 2 0 0 5953 -45 -41 72
36.035 11 WINDTUNNEL 0 0.974612 -0.223883 4.864981 -1.456931 0.
36.095 11 GPS_INT 392433216 30036148 500219700 519906289 43767849 45273 78 0 0 0 0 0 0 0 5 3
36.157 11 DL_VALUE 5 583.
36.184 11 ROTORCRAFT_NAV_STATUS 6 6 0.3 0. 23 1 3
36.188 11 ROTORCRAFT_FP -69 -145 -2 0 0 -7041 75 100 -3565 -51 -140 -2 -3469 0 150
36.192 11 POS_CTRL 0. 0. 0. 0. 0. 0. 0. 16 0. 0. 0. 0. 0. 0. 0. 0. 0. 0. 0. 0. 0. 0. 0. 0. 0.
36.234 11 INS -145 -69 2 0 0 8013 -44 -40 71
36.252 11 LINK_REPORT 11 -1 11407 0 11004264 196953 0 1460. 28. 679929 2.28
36.284 11 WINDTUNNEL 0 0.974612 -0.223883 4.864981 -1.456931 0.
36.334 11 GPS_INT 392433216 30036148 500219700 519906289 43767849 45273 78 0 0 0 0 0 0 0 5 3
36.433 11 ROTORCRAFT_FP -69 -145 -2 0 0 -7766 76 101 -3565 -51 -140 -2 -3469 0 150
36.438 11 POS_CTRL 0. 0. 0. 0. 0. 0. 0. 16 0. 0. 0. 0. 0. 0. 0. 0. 0. 0. 0. 0. 0. 0. 0. 0. 0.
36.484 11 INS -145 -69 2 0 0 7467 -44 -39 71
36.535 11 WINDTUNNEL 0 0.974612 -0.223883 4.864981 -1.456931 0.
36.587 11 GPS_INT 392433216 30036148 500219700 519906289 43767849 45273 78 0 0 0 0 0 0 0 5 3
36.684 11 ROTORCRAFT_FP -69 -145 -2 0 0 -7015 76 101 -3565 -51 -140 -2 -3469 0 150
36.688 11 POS_CTRL 0. 0. 0. 0. 0. 0. 0. 16 0. 0. 0. 0. 0. 0. 0. 0. 0. 0. 0. 0. 0. 0. 0. 0. 0.
36.735 11 INS -145 -69 2 0 0 6406 -43 -37 71
36.737 11 WP_MOVED_ENU 5 -844 107 204
36.784 11 WINDTUNNEL 0 0.974612 -0.223883 4.864981 -1.456931 0.
36.792 11 ROTORCRAFT_STATUS 0 111 0 30 3 13 0 0 4 5 118 222
36.840 11 GPS_INT 392433216 30036148 500219700 519906289 43767849 45273 78 0 0 0 0 0 0 0 5 3
36.841 11 ENERGY 11.8 0. 176 0.
36.933 11 ROTORCRAFT_FP -69 -145 -2 0 0 -7299 77 101 -3565 -51 -140 -2 -3469 0 150
36.939 11 POS_CTRL 0. 0. 0. 0. 0. 0. 0. 16 0. 0. 0. 0. 0. 0. 0. 0. 0. 0. 0. 0. 0. 0. 0. 0. 0.
36.984 11 INS -145 -69 2 0 0 5999 -43 -36 70
37.042 11 WINDTUNNEL 0 0.974612 -0.223883 4.864981 -1.456931 0.
37.096 11 GPS_INT 392433216 30036148 500219700 519906289 43767849 45273 78 0 0 0 0 0 0 0 5 3
37.184 11 ROTORCRAFT_FP -69 -145 -2 0 0 -5225 78 102 -3566 -51 -140 -2 -3469 0 150
37.186 11 STATE_FILTER_STATUS 3 3 0
37.190 11 POS_CTRL 0. 0. 0. 0. 0. 0. 0. 16 0. 0. 0. 0. 0. 0. 0. 0. 0. 0. 0. 0. 0. 0. 0. 0. 0.
37.234 11 INS -145 -69 2 0 0 6037 -42 -32 -7
37.253 11 LINK_REPORT 11 -1 11408 0 11005640 196977 0 1376. 24. 679989 2.28
37.257 11 DL_VALUE 6 82.
37.285 11 WINDTUNNEL 0 0.974612 -0.223883 4.864981 -1.456931 0.
37.342 11 GPS_INT 392433216 30036148 500219700 519906289 43767849 45273 78 0 0 0 0 0 0 0 5 3
37.404 11 ALIVE 199,46,77,35,184,175,54,147,117,161,102,180,3,122,23,240
37.433 11 ROTORCRAFT_FP -69 -145 -2 0 0 -7948 78 102 -3566 -51 -140 -2 -3469 0 150
37.437 11 POS_CTRL 0. 0. 0. 0. 0. 0. 0. 16 0. 0. 0. 0. 0. 0. 0. 0. 0. 0. 0. 0. 0. 0. 0. 0. 0.
37.484 11 INS -145 -69 2 0 0 5737 -42 -30 -7
37.535 11 WINDTUNNEL 0 0.974612 -0.223883 4.864981 -1.456931 0.
37.587 11 GPS_INT 392433216 30036148 500219700 519906289 43767849 45273 78 0 0 0 0 0 0 0 5 3
37.684 11 ROTORCRAFT_FP -69 -145 -2 0 0 -5000 78 103 -3566 -51 -140 -2 -3469 0 150
37.688 11 POS_CTRL 0. 0. 0. 0. 0. 0. 0. 16 0. 0. 0. 0. 0. 0. 0. 0. 0. 0. 0. 0. 0. 0. 0. 0. 0.
37.734 11 INS -145 -69 2 0 0 4630 -42 -29 -7
37.783 11 ROTORCRAFT_NAV_STATUS 7 7 0.3 0. 23 1 3
37.785 11 WINDTUNNEL 0 0.974612 -0.223883 4.864981 -1.456931 0.
37.834 11 GPS_INT 392433216 30036148 500219700 519906289 43767849 45273 78 0 0 0 0 0 0 0 5 3
37.933 11 ROTORCRAFT_FP -69 -145 -2 0 0 -6003 79 103 -3566 -51 -140 -2 -3469 0 150
37.937 11 POS_CTRL 0. 0. 0. 0. 0. 0. 0. 16 0. 0. 0. 0. 0. 0. 0. 0. 0. 0. 0. 0. 0. 0. 0. 0. 0.
37.984 11 INS -145 -69 2 0 0 6271 -42 -31 70
37.992 11 ROTORCRAFT_STATUS 0 111 0 29 3 13 0 0 4 5 118 224
38.034 11 AUTOPILOT_VERSION 50600 v5.6.0_stable-39-ga52ba85-dirty
38.036 11 WINDTUNNEL 0 0.974612 -0.223883 4.864981 -1.456931 0.
38.037 11 WP_MOVED_ENU 6 980 -312 209
38.089 11 GPS_INT 392433216 30036148 500219700 519906289 43767849 45273 78 0 0 0 0 0 0 0 5 3
38.184 11 ROTORCRAFT_FP -69 -145 -2 0 0 -4170 79 103 -3566 -51 -140 -2 -3469 0 150
38.188 11 POS_CTRL 0. 0. 0. 0. 0. 0. 0. 16 0. 0. 0. 0. 0. 0. 0. 0. 0. 0. 0. 0. 0. 0. 0. 0. 0.
38.236 11 INS -145 -69 2 0 0 4556 -42 -27 -7
38.253 11 LINK_REPORT 11 -1 11409 0 11007083 197003 0 1443. 26. 680049 2.28
38.285 11 WINDTUNNEL 0 0.974612 -0.223883 4.864981 -1.456931 0.
38.334 11 GPS_INT 392433216 30036148 500219700 519906289 43767849 45273 78 0 0 0 0 0 0 0 5 3
38.357 11 DL_VALUE 7 13.
38.434 11 ROTORCRAFT_FP -69 -145 -2 0 0 -5549 79 103 -3566 -51 -140 -2 -3469 0 150
38.436 11 POS_CTRL 0. 0. 0. 0. 0. 0. 0. 16 0. 0. 0. 0. 0. 0. 0. 0. 0. 0. 0. 0. 0. 0. 0. 0. 0.
38.484 11 INS -145 -69 2 0 0 6624 -41 -28 70
38.535 11 WINDTUNNEL 0 0.974612 -0.223883 4.864981 -1.456931 0.
38.593 11 GPS_INT 392433216 30036148 500219700 519906289 43767849 45273 78 0 0 0 0 0 0 0 5 3
38.684 11 ROTORCRAFT_FP -69 -145 -2 0 0 -8081 79 104 -3566 -51 -140 -2 -3469 0 150
38.689 11 POS_CTRL 0. 0. 0. 0. 0. 0. 0. 16 0. 0. 0. 0. 0. 0. 0. 0. 0. 0. 0. 0. 0. 0. 0. 0. 0.
38.736 11 INS -145 -69 2 0 0 8622 -41 -30 148
38.785 11 WINDTUNNEL 0 0.974612 -0.223883 4.864981 -1.456931 0.
38.834 11 GPS_INT 392433216 30036148 500219700 519906289 43767849 45273 78 0 0 0 0 0 0 0 5 3
38.933 11 ROTORCRAFT_FP -69 -145 -2 0 0 -7249 80 104 -3566 -51 -140 -2 -3469 0 150
38.938 11 POS_CTRL 0. 0. 0. 0. 0. 0. 0. 16 0. 0. 0. 0. 0. 0. 0. 0. 0. 0. 0. 0. 0. 0. 0. 0. 0.
38.984 11 INS -145 -69 3 0 0 6816 -41 -27 69
39.035 11 WINDTUNNEL 0 0.974612 -0.223883 4.864981 -1.456931 0.
39.095 11 GPS_INT 392433216 30036148 500219700 519906289 43767849 45273 78 0 0 0 0 0 0 0 5 3
39.184 11 ROTORCRAFT_FP -69 -145 -2 0 0 -7678 80 104 -3566 -51 -140 -2 -3469 0 150
39.190 11 POS_CTRL 0. 0. 0. 0. 0. 0. 0. 16 0. 0. 0. 0. 0. 0. 0. 0. 0. 0. 0. 0. 0. 0. 0. 0. 0.
39.192 11 ROTORCRAFT_STATUS 0 111 0 29 3 13 0 0 4 5 118 225
39.234 11 INS -145 -69 2 0 0 7547 -41 -26 69
39.254 11 LINK_REPORT 11 -1 11410 0 11008421 197025 0 1338. 22. 680108 2.28
39.285 11 WINDTUNNEL 0 0.974612 -0.223883 4.864981 -1.456931 0.
39.335 11 GPS_INT 392433216 30036148 500219700 519906289 43767849 45273 78 0 0 0 0 0 0 0 5 3
39.336 11 WP_MOVED_ENU 7 1297 -366 721
39.337 11 ENERGY 11.8 0. 176 0.
39.382 11 ROTORCRAFT_NAV_STATUS 9 9 0.3 0. 23 1 3
39.437 11 ROTORCRAFT_FP -69 -145 -2 0 0 -7415 80 105 -3566 -51 -140 -2 -3469 0 150
39.438 11 POS_CTRL 0. 0. 0. 0. 0. 0. 0. 16 0. 0. 0. 0. 0. 0. 0. 0. 0. 0. 0. 0. 0. 0. 0. 0. 0.
39.456 11 DL_VALUE 8 0.645
39.484 11 INS -145 -69 3 0 0 7903 -41 -25 70
39.497 11 ALIVE 199,46,77,35,184,175,54,147,117,161,102,180,3,122,23,240
39.536 11 WINDTUNNEL 0 0.974612 -0.223883 4.864981 -1.456931 0.
39.599 11 GPS_INT 392433216 30036148 500219700 519906289 43767849 45273 78 0 0 0 0 0 0 0 5 3
39.686 11 ROTORCRAFT_FP -69 -145 -2 0 0 -5101 80 105 -3566 -51 -140 -2 -3469 0 150
39.690 11 POS_CTRL 0. 0. 0. 0. 0. 0. 0. 16 0. 0. 0. 0. 0. 0. 0. 0. 0. 0. 0. 0. 0. 0. 0. 0. 0.
39.735 11 INS -145 -69 2 0 0 4301 -42 -24 70
39.786 11 WINDTUNNEL 0 0.974612 -0.223883 4.864981 -1.456931 0.
39.842 11 GPS_INT 392433216 30036148 500219700 519906289 43767849 45273 78 0 0 0 0 0 0 0 5 3
39.935 11 ROTORCRAFT_FP -69 -145 -2 0 0 -4289 81 105 -3565 -51 -140 -2 -3469 0 150
39.939 11 POS_CTRL 0. 0. 0. 0. 0. 0. 0. 16 0. 0. 0. 0. 0. 0. 0. 0. 0. 0. 0. 0. 0. 0. 0. 0. 0.
39.985 11 INS -145 -69 2 0 0 4274 -41 -22 70
40.035 11 WINDTUNNEL 0 0.974612 -0.223883 4.864981 -1.456931 0.
40.087 11 GPS_INT 392433216 30036148 500219700 519906289 43767849 45273 78 0 0 0 0 0 0 0 5 3
40.184 11 ROTORCRAFT_FP -69 -145 -2 0 0 -6012 81 105 -3566 -51 -140 -2 -3469 0 150
40.187 11 POS_CTRL 0. 0. 0. 0. 0. 0. 0. 16 0. 0. 0. 0. 0. 0. 0. 0. 0. 0. 0. 0. 0. 0. 0. 0. 0.
40.234 11 INS -145 -69 2 0 0 5380 19 28 72
40.254 11 LINK_REPORT 11 -1 11411 0 11009819 197050 0 1398. 25. 680168 2.28
40.286 11 WINDTUNNEL 0 0.974612 -0.223883 4.864981 -1.456931 0.
40.335 11 GPS_INT 392433216 30036148 500219700 519906289 43767849 45273 78 0 0 0 0 0 0 0 5 3
40.384 11 STATE_FILTER_STATUS 3 3 0
40.402 11 ROTORCRAFT_STATUS 0 111 0 30 3 13 0 0 4 5 118 226
40.435 11 ROTORCRAFT_FP -69 -145 -2 0 0 -5517 82 106 -3566 -51 -140 -2 -3469 0 150
40.441 11 POS_CTRL 0. 0. 0. 0. 0. 0. 0. 16 0. 0. 0. 0. 0. 0. 0. 0. 0. 0. 0. 0. 0. 0. 0. 0. 0.
40.484 11 INS -145 -69 2 0 0 6614 -40 -21 70
40.523 11 DATALINK_REPORT 0 13421 5626 1423 0
40.535 11 WINDTUNNEL 0 0.974612 -0.223883 4.864981 -1.456931 0.
40.556 11 DL_VALUE 9 0.
40.599 11 GPS_INT 392433216 30036148 500219700 519906289 43767849 45273 78 0 0 0 0 0 0 0 5 3
40.622 11 INS_REF 392433170 30036171 500219735 519906340 43767889 45278 82 0.
40.634 11 WP_MOVED_ENU 8 -215 -1331 721
40.684 11 ROTORCRAFT_FP -69 -145 -2 0 0 -8335 82 106 -3566 -51 -140 -2 -3469 0 150
40.690 11 POS_CTRL 0. 0. 0. 0. 0. 0. 0. 16 0. 0. 0. 0. 0. 0. 0. 0. 0. 0. 0. 0. 0. 0. 0. 0. 0.
40.734 11 INS -145 -69 3 0 0 7877 -40 -20 69
40.785 11 WINDTUNNEL 0 0.974612 -0.223883 4.864981 -1.456931 0.
40.835 11 GPS_INT 392433216 30036148 500219700 519906289 43767849 45273 78 0 0 0 0 0 0 0 5 3
40.904 11 PONG 
40.936 11 ROTORCRAFT_FP -69 -145 -3 0 0 -7222 82 106 -3566 -51 -140 -3 -3469 0 150
40.939 11 POS_CTRL 0. 0. 0. 0. 0. 0. 0. 16 0. 0. 0. 0. 0. 0. 0. 0. 0. 0. 0. 0. 0. 0. 0. 0. 0.
40.983 11 ROTORCRAFT_NAV_STATUS 10 10 0.3 0. 23 1 3
40.984 11 INS -145 -69 2 0 0 7087 -91 40 72
41.036 11 WINDTUNNEL 0 0.974612 -0.223883 4.864981 -1.456931 0.
41.088 11 GPS_INT 392433216 30036148 500219700 519906289 43767849 45273 78 0 0 0 0 0 0 0 5 3
41.186 11 ROTORCRAFT_FP -69 -145 -2 0 0 -3313 82 106 -3565 -51 -140 -2 -3469 0 150
41.193 11 POS_CTRL 0. 0. 0. 0. 0. 0. 0. 16 0. 0. 0. 0. 0. 0. 0. 0. 0. 0. 0. 0. 0. 0. 0. 0. 0.
41.235 11 INS -145 -69 2 0 0 3301 -40 -17 -7
41.255 11 LINK_REPORT 11 -1 11412 0 11011266 197078 0 1447. 28. 680228 2.56
41.285 11 WINDTUNNEL 0 0.974612 -0.223883 4.864981 -1.456931 0.
41.335 11 GPS_INT 392433216 30036148 500219700 519906289 43767849 45273 78 0 0 0 0 0 0 0 5 3
41.434 11 ROTORCRAFT_FP -69 -145 -2 0 0 -4924 83 106 -3565 -51 -140 -2 -3469 0 150
41.437 11 POS_CTRL 0. 0. 0. 0. 0. 0. 0. 16 0. 0. 0. 0. 0. 0. 0. 0. 0. 0. 0. 0. 0. 0. 0. 0. 0.
41.487 11 INS -145 -69 2 0 0 3485 -40 -16 -7
41.536 11 WINDTUNNEL 0 0.974612 -0.223883 4.864981 -1.456931 0.
41.587 11 GPS_INT 392433216 30036148 500219700 519906289 43767849 45273 78 0 0 0 0 0 0 0 5 3
41.593 11 ROTORCRAFT_STATUS 0 111 0 29 3 13 0 0 4 5 119 227
41.609 11 ALIVE 199,46,77,35,184,175,54,147,117,161,102,180,3,122,23,240
41.655 11 DL_VALUE 10 2.
41.684 11 ROTORCRAFT_FP -69 -145 -2 0 0 -6248 82 106 -3565 -51 -140 -2 -3469 0 150
41.689 11 POS_CTRL 0. 0. 0. 0. 0. 0. 0. 16 0. 0. 0. 0. 0. 0. 0. 0. 0. 0. 0. 0. 0. 0. 0. 0. 0.
41.734 11 INS -145 -69 2 0 0 7246 -40 -19 70
41.785 11 WINDTUNNEL 0 0.974612 -0.223883 4.864981 -1.456931 0.
41.835 11 GPS_INT 392433216 30036148 500219700 519906289 43767849 45273 78 0 0 0 0 0 0 0 5 3
41.838 11 ENERGY 11.9 0. 176 0.
41.937 11 WP_MOVED_ENU 9 -1167 192 724
41.937 11 ROTORCRAFT_FP -69 -145 -2 0 0 -7784 83 106 -3565 -51 -140 -2 -3469 0 150
41.938 11 POS_CTRL 0. 0. 0. 0. 0. 0. 0. 16 0. 0. 0. 0. 0. 0. 0. 0. 0. 0. 0. 0. 0. 0. 0. 0. 0.
41.984 11 INS -145 -69 2 0 0 7512 -39 -18 69
42.035 11 WINDTUNNEL 0 0.974612 -0.223883 4.864981 -1.456931 0.
42.092 11 GPS_INT 392433216 30036148 500219700 519906289 43767849 45273 78 0 0 0 0 0 0 0 5 3
42.184 11 ROTORCRAFT_FP -69 -145 -2 0 0 -6797 83 107 -3565 -51 -140 -2 -3469 0 150
42.188 11 POS_CTRL 0. 0. 0. 0. 0. 0. 0. 16 0. 0. 0. 0. 0. 0. 0. 0. 0. 0. 0. 0. 0. 0. 0. 0. 0.
42.234 11 INS -145 -69 2 0 0 7525 -89 42 71
42.256 11 LINK_REPORT 11 -1 11413 0 11012666 197103 0 1400. 25. 680287 2.56
42.291 11 WINDTUNNEL 0 0.974612 -0.223883 4.864981 -1.456931 0.
42.335 11 GPS_INT 392433216 30036148 500219700 519906289 43767849 45273 78 0 0 0 0 0 0 0 5 3
42.434 11 ROTORCRAFT_FP -69 -145 -2 0 0 -6586 83 107 -3565 -51 -140 -2 -3469 0 150
42.437 11 POS_CTRL 0. 0. 0. 0. 0. 0. 0. 16 0. 0. 0. 0. 0. 0. 0. 0. 0. 0. 0. 0. 0. 0. 0. 0. 0.
42.490 11 INS -145 -69 2 0 0 6430 -39 -17 68
42.536 11 WINDTUNNEL 0 0.974612 -0.223883 4.864981 -1.456931 0.
42.589 11 ROTORCRAFT_NAV_STATUS 12 12 0.3 0. 23 1 3
42.600 11 GPS_INT 392433216 30036148 500219700 519906289 43767849 45273 78 0 0 0 0 0 0 0 5 3
42.684 11 ROTORCRAFT_FP -69 -145 -2 0 0 -6168 84 107 -3565 -51 -140 -2 -3469 0 150
42.689 11 POS_CTRL 0. 0. 0. 0. 0. 0. 0. 16 0. 0. 0. 0. 0. 0. 0. 0. 0. 0. 0. 0. 0. 0. 0. 0. 0.
42.734 11 INS -145 -69 2 0 0 6059 -39 -12 -9
42.755 11 DL_VALUE 11 1.
42.785 11 WINDTUNNEL 0 0.974612 -0.223883 4.864981 -1.456931 0.
42.801 11 ROTORCRAFT_STATUS 0 111 0 30 3 13 0 0 4 5 119 228
42.835 11 GPS_INT 392433216 30036148 500219700 519906289 43767849 45273 78 0 0 0 0 0 0 0 5 3
42.936 11 ROTORCRAFT_FP -69 -145 -2 0 0 -7432 84 107 -3565 -51 -140 -2 -3469 0 150
42.941 11 POS_CTRL 0. 0. 0. 0. 0. 0. 0. 16 0. 0. 0. 0. 0. 0. 0. 0. 0. 0. 0. 0. 0. 0. 0. 0. 0.
42.985 11 INS -145 -69 2 0 0 6458 -40 -14 69
43.036 11 WINDTUNNEL 0 0.974612 -0.223883 4.864981 -1.456931 0.
43.103 11 GPS_INT 392433216 30036148 500219700 519906289 43767849 45273 78 0 0 0 0 0 0 0 5 3
43.186 11 ROTORCRAFT_FP -69 -145 -2 0 0 -7395 84 108 -3566 -51 -140 -2 -3469 0 150
43.192 11 POS_CTRL 0. 0. 0. 0. 0. 0. 0. 16 0. 0. 0. 0. 0. 0. 0. 0. 0. 0. 0. 0. 0. 0. 0. 0. 0.
43.236 11 WP_MOVED_ENU 10 325 1128 724
43.238 11 INS -145 -69 2 0 0 8073 -90 47 70
43.258 11 LINK_REPORT 11 -1 11414 0 11014044 197127 0 1378. 24. 680347 2.56
43.286 11 WINDTUNNEL 0 0.974612 -0.223883 4.864981 -1.456931 0.
43.337 11 GPS_INT 392433216 30036148 500219700 519906289 43767849 45273 78 0 0 0 0 0 0 0 5 3
43.435 11 ROTORCRAFT_FP -69 -145 -2 0 0 -7274 85 108 -3566 -51 -140 -2 -3469 0 150
43.447 11 POS_CTRL 0. 0. 0. 0. 0. 0. 0. 16 0. 0. 0. 0. 0. 0. 0. 0. 0. 0. 0. 0. 0. 0. 0. 0. 0.
43.485 11 INS -145 -69 2 0 0 6899 -40 -12 68
43.536 11 WINDTUNNEL 0 0.974612 -0.223883 4.864981 -1.456931 0.
43.608 11 STATE_FILTER_STATUS 3 3 0
43.608 11 GPS_INT 392433216 30036148 500219700 519906289 43767849 45273 78 0 0 0 0 0 0 0 5 3
43.685 11 ROTORCRAFT_FP -69 -145 -2 0 0 -6200 85 109 -3565 -51 -140 -2 -3469 0 150
43.689 11 POS_CTRL 0. 0. 0. 0. 0. 0. 0. 16 0. 0. 0. 0. 0. 0. 0. 0. 0. 0. 0. 0. 0. 0. 0. 0. 0.
43.696 11 ALIVE 199,46,77,35,184,175,54,147,117,161,102,180,3,122,23,240
43.734 11 INS -145 -69 2 0 0 5717 -39 -10 68
43.787 11 WINDTUNNEL 0 0.974612 -0.223883 4.864981 -1.456931 0.
43.841 11 GPS_INT 392433216 30036148 500219700 519906289 43767849 45273 78 0 0 0 0 0 0 0 5 3
43.855 11 DL_VALUE 12 5.
43.949 11 ROTORCRAFT_FP -69 -145 -2 0 0 -3957 85 109 -3566 -51 -140 -2 -3469 0 150
43.955 11 POS_CTRL 0. 0. 0. 0. 0. 0. 0. 16 0. 0. 0. 0. 0. 0. 0. 0. 0. 0. 0. 0. 0. 0. 0. 0. 0.
43.984 11 INS -145 -69 2 0 0 5138 -39 -8 69
43.990 11 ROTORCRAFT_STATUS 0 111 0 30 3 13 0 0 4 5 119 230
44.037 11 WINDTUNNEL 0 0.974612 -0.223883 4.864981 -1.456931 0.
44.087 11 GPS_INT 392433216 30036148 500219700 519906289 43767849 45273 78 0 0 0 0 0 0 0 5 3
44.182 11 ROTORCRAFT_NAV_STATUS 14 14 0.3 0. 23 1 3
44.184 11 ROTORCRAFT_FP -69 -145 -2 0 0 -5619 86 110 -3565 -51 -140 -2 -3469 0 150
44.188 11 POS_CTRL 0. 0. 0. 0. 0. 0. 0. 16 0. 0. 0. 0. 0. 0. 0. 0. 0. 0. 0. 0. 0. 0. 0. 0. 0.
44.243 11 INS -145 -69 2 0 0 5109 -39 -6 69
44.257 11 LINK_REPORT 11 -1 11415 0 11015436 197152 0 1392. 25. 680407 2.56
44.285 11 WINDTUNNEL 0 0.974612 -0.223883 4.864981 -1.456931 0.
44.336 11 GPS_INT 392433216 30036148 500219700 519906289 43767849 45273 78 0 0 0 0 0 0 0 5 3
44.337 11 ENERGY 11.9 0. 176 0.
44.439 11 ROTORCRAFT_FP -69 -145 -2 0 0 -5466 87 110 -3565 -51 -140 -2 -3469 0 150
44.439 11 POS_CTRL 0. 0. 0. 0. 0. 0. 0. 16 0. 0. 0. 0. 0. 0. 0. 0. 0. 0. 0. 0. 0. 0. 0. 0. 0.
44.531 11 WP_MOVED_ENU 0 10956 10549 768
44.536 11 WINDTUNNEL 0 0.974612 -0.223883 4.864981 -1.456931 0.
44.588 11 GPS_INT 392433216 30036148 500219700 519906289 43767849 45273 78 0 0 0 0 0 0 0 5 3
44.689 11 ROTORCRAFT_FP -69 -145 -2 0 0 -7542 87 110 -3565 -51 -140 -2 -3469 0 150
44.693 11 POS_CTRL 0. 0. 0. 0. 0. 0. 0. 16 0. 0. 0. 0. 0. 0. 0. 0. 0. 0. 0. 0. 0. 0. 0. 0. 0.
44.742 11 INS -145 -69 2 0 0 7887 -38 -6 68
44.786 11 WINDTUNNEL 0 0.974612 -0.223883 4.864981 -1.456931 0.
44.837 11 GPS_INT 392433216 30036148 500219700 519906289 43767849 45273 78 0 0 0 0 0 0 0 5 3
44.938 11 ROTORCRAFT_FP -69 -145 -2 0 0 -5308 87 110 -3565 -51 -140 -2 -3469 0 150
44.942 11 POS_CTRL 0. 0. 0. 0. 0. 0. 0. 16 0. 0. 0. 0. 0. 0. 0. 0. 0. 0. 0. 0. 0. 0. 0. 0. 0.
44.956 11 DL_VALUE 13 0.
44.988 11 INS -145 -69 2 0 0 4768 -38 -2 -9
45.037 11 WINDTUNNEL 0 0.974612 -0.223883 4.864981 -1.456931 0.
45.087 11 GPS_INT 392433216 30036148 500219700 519906289 43767849 45273 78 0 0 0 0 0 0 0 5 3
45.189 11 ROTORCRAFT_FP -69 -145 -2 0 0 -3793 87 110 -3565 -51 -140 -2 -3469 0 150
45.194 11 POS_CTRL 0. 0. 0. 0. 0. 0. 0. 16 0. 0. 0. 0. 0. 0. 0. 0. 0. 0. 0. 0. 0. 0. 0. 0. 0.
45.196 11 ROTORCRAFT_STATUS 0 111 0 30 3 13 0 0 4 5 119 231
45.237 11 INS -145 -69 2 0 0 4575 -37 -5 67
45.258 11 LINK_REPORT 11 -1 11416 0 11016771 197175 0 1335. 23. 680466 2.56
45.288 11 WINDTUNNEL 0 0.974612 -0.223883 4.864981 -1.456931 0.
45.337 11 GPS_INT 392433216 30036148 500219700 519906289 43767849 45273 78 0 0 0 0 0 0 0 5 3
45.437 11 ROTORCRAFT_FP -69 -145 -2 0 0 -5679 87 111 -3565 -51 -140 -2 -3469 0 150
45.440 11 POS_CTRL 0. 0. 0. 0. 0. 0. 0. 16 0. 0. 0. 0. 0. 0. 0. 0. 0. 0. 0. 0. 0. 0. 0. 0. 0.
45.487 11 INS -145 -69 2 0 0 5763 -37 -3 67
45.517 11 WIND_INFO 11 42 0. 0. 0.
45.547 11 WINDTUNNEL 0 0.974612 -0.223883 4.864981 -1.456931 0.
45.587 11 GPS_INT 392433216 30036148 500219700 519906289 43767849 45273 78 0 0 0 0 0 0 0 5 3
45.624 11 DATALINK_REPORT 0 13727 5752 1382 0
45.687 11 ROTORCRAFT_FP -69 -145 -2 0 0 -4760 88 111 -3565 -51 -140 -2 -3469 0 150
45.691 11 POS_CTRL 0. 0. 0. 0. 0. 0. 0. 16 0. 0. 0. 0. 0. 0. 0. 0. 0. 0. 0. 0. 0. 0. 0. 0. 0.
45.725 11 INS_REF 392433170 30036171 500219735 519906340 43767889 45278 82 0.
45.737 11 INS -145 -69 2 0 0 5082 -37 -2 67
45.784 11 ROTORCRAFT_NAV_STATUS 15 15 0.3 0. 23 1 3
45.789 11 WINDTUNNEL 0 0.974612 -0.223883 4.864981 -1.456931 0.
45.797 11 ALIVE 199,46,77,35,184,175,54,147,117,161,102,180,3,122,23,240
45.832 11 WP_MOVED_ENU 1 15 -148 768
45.839 11 GPS_INT 392433216 30036148 500219700 519906289 43767849 45273 78 0 0 0 0 0 0 0 5 3
45.909 11 PONG 
45.938 11 ROTORCRAFT_FP -69 -145 -2 0 0 -6599 88 111 -3566 -51 -140 -2 -3469 0 150
45.944 11 POS_CTRL 0. 0. 0. 0. 0. 0. 0. 16 0. 0. 0. 0. 0. 0. 0. 0. 0. 0. 0. 0. 0. 0. 0. 0. 0.
45.988 11 INS -145 -69 2 0 0 7515 -38 -1 67
46.038 11 WINDTUNNEL 0 0.974612 -0.223883 4.864981 -1.456931 0.
46.057 11 DL_VALUE 14 0.5
46.087 11 GPS_INT 392433216 30036148 500219700 519906289 43767849 45273 78 0 0 0 0 0 0 0 5 3
46.186 11 ROTORCRAFT_FP -69 -145 -2 0 0 -6235 89 112 -3565 -51 -140 -2 -3469 0 150
46.190 11 POS_CTRL 0. 0. 0. 0. 0. 0. 0. 16 0. 0. 0. 0. 0. 0. 0. 0. 0. 0. 0. 0. 0. 0. 0. 0. 0.
46.237 11 INS -145 -69 2 0 0 5519 -37 1 67
46.259 11 LINK_REPORT 11 -1 11417 0 11018208 197202 0 1437. 27. 680528 3.17
46.289 11 WINDTUNNEL 0 0.974612 -0.223883 4.864981 -1.456931 0.
46.337 11 GPS_INT 392433216 30036148 500219700 519906289 43767849 45273 78 0 0 0 0 0 0 0 5 3
46.389 11 ROTORCRAFT_STATUS 0 111 0 29 3 13 0 0 4 5 119 232
46.437 11 ROTORCRAFT_FP -69 -145 -2 0 0 -6502 89 112 -3565 -51 -140 -2 -3469 0 150
46.443 11 POS_CTRL 0. 0. 0. 0. 0. 0. 0. 16 0. 0. 0. 0. 0. 0. 0. 0. 0. 0. 0. 0. 0. 0. 0. 0. 0.
46.488 11 INS -145 -69 2 0 0 7295 -37 2 67
46.537 11 WINDTUNNEL 0 0.974612 -0.223883 4.864981 -1.456931 0.
46.588 11 GPS_INT 392433216 30036148 500219700 519906289 43767849 45273 78 0 0 0 0 0 0 0 5 3
46.687 11 ROTORCRAFT_FP -69 -145 -3 0 0 -8410 90 112 -3565 -51 -140 -3 -3469 0 150
46.693 11 POS_CTRL 0. 0. 0. 0. 0. 0. 0. 16 0. 0. 0. 0. 0. 0. 0. 0. 0. 0. 0. 0. 0. 0. 0. 0. 0.
46.737 11 INS -145 -69 2 0 0 7953 -37 4 67
46.785 11 STATE_FILTER_STATUS 3 3 0
46.787 11 WINDTUNNEL 0 0.974612 -0.223883 4.864981 -1.456931 0.
46.837 11 GPS_INT 392433216 30036148 500219700 519906289 43767849 45273 78 0 0 0 0 0 0 0 5 3
46.840 11 ENERGY 11.9 0. 176 0.
46.942 11 ROTORCRAFT_FP -69 -145 -2 0 0 -7607 90 113 -3565 -51 -140 -2 -3469 0 150
46.943 11 POS_CTRL 0. 0. 0. 0. 0. 0. 0. 16 0. 0. 0. 0. 0. 0. 0. 0. 0. 0. 0. 0. 0. 0. 0. 0. 0.
46.987 11 INS -145 -69 3 0 0 7385 -37 3 67
47.038 11 WINDTUNNEL 0 0.974612 -0.223883 4.864981 -1.456931 0.
47.087 11 GPS_INT 392433216 30036148 500219700 519906289 43767849 45273 78 0 0 0 0 0 0 0 5 3
47.131 11 WP_MOVED_ENU 2 15 -148 768
47.156 11 DL_VALUE 15 1.169371
47.187 11 ROTORCRAFT_FP -69 -145 -2 0 0 -5677 90 113 -3565 -51 -140 -2 -3469 0 150
47.194 11 POS_CTRL 0. 0. 0. 0. 0. 0. 0. 16 0. 0. 0. 0. 0. 0. 0. 0. 0. 0. 0. 0. 0. 0. 0. 0. 0.
47.237 11 INS -145 -69 2 0 0 5707 23 54 67
47.259 11 LINK_REPORT 11 -1 11418 0 11019595 197227 0 1387. 25. 680587 3.17
47.288 11 WINDTUNNEL 0 0.974612 -0.223883 4.864981 -1.456931 0.
47.337 11 GPS_INT 392433216 30036148 500219700 519906289 43767849 45273 78 0 0 0 0 0 0 0 5 3
47.387 11 ROTORCRAFT_NAV_STATUS 17 17 0.3 0. 23 1 3
47.447 11 ROTORCRAFT_FP -69 -145 -2 0 0 -4918 90 113 -3565 -51 -140 -2 -3469 0 150
47.451 11 POS_CTRL 0. 0. 0. 0. 0. 0. 0. 16 0. 0. 0. 0. 0. 0. 0. 0. 0. 0. 0. 0. 0. 0. 0. 0. 0.
47.494 11 INS -145 -69 2 0 0 5255 -37 5 66
47.545 11 WINDTUNNEL 0 0.974612 -0.223883 4.864981 -1.456931 0.
47.591 11 GPS_INT 392433216 30036148 500219700 519906289 43767849 45273 78 0 0 0 0 0 0 0 5 3
47.602 11 ROTORCRAFT_STATUS 0 111 0 30 3 13 0 0 4 5 119 233
47.688 11 ROTORCRAFT_FP -69 -145 -2 0 0 -4893 90 113 -3565 -51 -140 -2 -3469 0 150
47.691 11 POS_CTRL 0. 0. 0. 0. 0. 0. 0. 16 0. 0. 0. 0. 0. 0. 0. 0. 0. 0. 0. 0. 0. 0. 0. 0. 0.
47.737 11 INS -145 -69 2 0 0 5040 -37 5 66
47.788 11 WINDTUNNEL 0 0.974612 -0.223883 4.864981 -1.456931 0.
47.847 11 GPS_INT 392433216 30036148 500219700 519906289 43767849 45273 78 0 0 0 0 0 0 0 5 3
47.912 11 ALIVE 199,46,77,35,184,175,54,147,117,161,102,180,3,122,23,240
47.946 11 ROTORCRAFT_FP -69 -145 -2 0 0 -2165 90 113 -3565 -51 -140 -2 -3469 0 150
47.949 11 POS_CTRL 0. 0. 0. 0. 0. 0. 0. 16 0. 0. 0. 0. 0. 0. 0. 0. 0. 0. 0. 0. 0. 0. 0. 0. 0.
47.987 11 INS -145 -69 2 0 0 1051 -36 9 -11
48.038 11 WINDTUNNEL 0 0.974612 -0.223883 4.864981 -1.456931 0.
48.087 11 GPS_INT 392433216 30036148 500219700 519906289 43767849 45273 78 0 0 0 0 0 0 0 5 3
48.187 11 ROTORCRAFT_FP -69 -145 -2 0 0 -1948 91 113 -3565 -51 -140 -2 -3469 0 150
48.191 11 POS_CTRL 0. 0. 0. 0. 0. 0. 0. 16 0. 0. 0. 0. 0. 0. 0. 0. 0. 0. 0. 0. 0. 0. 0. 0. 0.
48.237 11 INS -145 -69 2 0 0 2175 -35 9 -11
48.256 11 DL_VALUE 16 0.85
48.260 11 LINK_REPORT 11 -1 11419 0 11020977 197251 0 1382. 24. 680647 3.17
48.289 11 WINDTUNNEL 0 0.974612 -0.223883 4.864981 -1.456931 0.
48.337 11 GPS_INT 392433216 30036148 500219700 519906289 43767849 45273 78 0 0 0 0 0 0 0 5 3
48.431 11 WP_MOVED_ENU 3 15 -148 768
48.437 11 ROTORCRAFT_FP -69 -145 -2 0 0 -2758 91 113 -3565 -51 -140 -2 -3469 0 150
48.442 11 POS_CTRL 0. 0. 0. 0. 0. 0. 0. 16 0. 0. 0. 0. 0. 0. 0. 0. 0. 0. 0. 0. 0. 0. 0. 0. 0.
48.491 11 INS -145 -69 2 0 0 2579 -35 9 -11
48.538 11 WINDTUNNEL 0 0.974612 -0.223883 4.864981 -1.456931 0.
48.587 11 GPS_INT 392433216 30036148 500219700 519906289 43767849 45273 78 0 0 0 0 0 0 0 5 3
48.687 11 ROTORCRAFT_FP -69 -145 -2 0 0 -4183 92 113 -3565 -51 -140 -2 -3469 0 150
48.693 11 POS_CTRL 0. 0. 0. 0. 0. 0. 0. 16 0. 0. 0. 0. 0. 0. 0. 0. 0. 0. 0. 0. 0. 0. 0. 0. 0.
48.737 11 INS -145 -69 2 0 0 4766 -33 6 66
48.788 11 ROTORCRAFT_STATUS 0 111 0 29 3 13 0 0 4 5 119 234
48.790 11 WINDTUNNEL 0 0.974612 -0.223883 4.864981 -1.456931 0.
48.837 11 GPS_INT 392433216 30036148 500219700 519906289 43767849 45273 78 0 0 0 0 0 0 0 5 3
48.941 11 ROTORCRAFT_FP -69 -145 -2 0 0 -5002 92 113 -3565 -51 -140 -2 -3469 0 150
48.942 11 POS_CTRL 0. 0. 0. 0. 0. 0. 0. 16 0. 0. 0. 0. 0. 0. 0. 0. 0. 0. 0. 0. 0. 0. 0. 0. 0.
48.983 11 ROTORCRAFT_NAV_STATUS 18 18 0.3 0. 23 1 3
48.989 11 INS -145 -69 2 0 0 5705 -33 7 66
49.038 11 WINDTUNNEL 0 0.974612 -0.223883 4.864981 -1.456931 0.
49.087 11 GPS_INT 392433216 30036148 500219700 519906289 43767849 45273 78 0 0 0 0 0 0 0 5 3
49.137 11 AUTOPILOT_VERSION 50600 v5.6.0_stable-39-ga52ba85-dirty
49.190 11 ROTORCRAFT_FP -69 -145 -2 0 0 -5376 92 113 -3565 -51 -140 -2 -3469 0 150
49.199 11 POS_CTRL 0. 0. 0. 0. 0. 0. 0. 16 0. 0. 0. 0. 0. 0. 0. 0. 0. 0. 0. 0. 0. 0. 0. 0. 0.
49.238 11 INS -145 -69 2 0 0 5386 -84 67 68
49.261 11 LINK_REPORT 11 -1 11420 0 11022386 197275 0 1409. 24. 680705 3.17
49.289 11 WINDTUNNEL 0 0.974612 -0.223883 4.864981 -1.456931 0.
49.339 11 GPS_INT 392433216 30036148 500219700 519906289 43767849 45273 78 0 0 0 0 0 0 0 5 3
49.340 11 ENERGY 11.9 0. 176 0.
49.356 11 DL_VALUE 17 363.
49.449 11 ROTORCRAFT_FP -69 -145 -2 0 0 -6914 92 113 -3566 -51 -140 -2 -3469 0 150
49.451 11 POS_CTRL 0. 0. 0. 0. 0. 0. 0. 16 0. 0. 0. 0. 0. 0. 0. 0. 0. 0. 0. 0. 0. 0. 0. 0. 0.
49.489 11 INS -145 -69 2 0 0 7003 -33 8 67
49.540 11 WINDTUNNEL 0 0.974612 -0.223883 4.864981 -1.456931 0.
49.593 11 GPS_INT 392433216 30036148 500219700 519906289 43767849 45273 78 0 0 0 0 0 0 0 5 3
49.689 11 ROTORCRAFT_FP -69 -145 -2 0 0 -6730 92 113 -3566 -51 -140 -2 -3469 0 150
49.693 11 POS_CTRL 0. 0. 0. 0. 0. 0. 0. 16 0. 0. 0. 0. 0. 0. 0. 0. 0. 0. 0. 0. 0. 0. 0. 0. 0.
49.736 11 WP_MOVED_ENU 4 -51 -140 209
49.740 11 INS -145 -69 2 0 0 5621 -33 8 67
49.788 11 WINDTUNNEL 0 0.974612 -0.223883 4.864981 -1.456931 0.
49.837 11 GPS_INT 392433216 30036148 500219700 519906289 43767849 45273 78 0 0 0 0 0 0 0 5 3
49.943 11 ROTORCRAFT_FP -69 -145 -2 0 0 -5353 92 113 -3566 -51 -140 -2 -3469 0 150
49.944 11 POS_CTRL 0. 0. 0. 0. 0. 0. 0. 16 0. 0. 0. 0. 0. 0. 0. 0. 0. 0. 0. 0. 0. 0. 0. 0. 0.
49.984 11 STATE_FILTER_STATUS 3 3 0
49.992 11 ROTORCRAFT_STATUS 0 111 0 30 3 13 0 0 4 5 119 236
49.992 11 INS -145 -69 2 0 0 5578 -92 -43 65
49.996 11 ALIVE 199,46,77,35,184,175,54,147,117,161,102,180,3,122,23,240
50.040 11 WINDTUNNEL 0 0.974612 -0.223883 4.864981 -1.456931 0.
50.089 11 GPS_INT 392433216 30036148 500219700 519906289 43767849 45273 78 0 0 0 0 0 0 0 5 3
50.187 11 ROTORCRAFT_FP -69 -145 -2 0 0 -4841 93 113 -3566 -51 -140 -2 -3469 0 150
50.191 11 POS_CTRL 0. 0. 0. 0. 0. 0. 0. 16 0. 0. 0. 0. 0. 0. 0. 0. 0. 0. 0. 0. 0. 0. 0. 0. 0.
50.237 11 INS -145 -69 2 0 0 3946 -31 8 67
50.262 11 LINK_REPORT 11 -1 11421 0 11023796 197301 0 1410. 26. 680763 3.17
50.289 11 WINDTUNNEL 0 0.974612 -0.223883 4.864981 -1.456931 0.
50.338 11 GPS_INT 392433216 30036148 500219700 519906289 43767849 45273 78 0 0 0 0 0 0 0 5 3
50.439 11 ROTORCRAFT_FP -69 -145 -2 0 0 -5135 93 113 -3566 -51 -140 -2 -3469 0 150
50.448 11 POS_CTRL 0. 0. 0. 0. 0. 0. 0. 16 0. 0. 0. 0. 0. 0. 0. 0. 0. 0. 0. 0. 0. 0. 0. 0. 0.
50.463 11 DL_VALUE 18 237.
50.487 11 INS -145 -69 2 0 0 5771 -81 68 69
50.538 11 WINDTUNNEL 0 0.974612 -0.223883 4.864981 -1.456931 0.
50.583 11 ROTORCRAFT_NAV_STATUS 20 20 0.3 0. 23 1 3
50.588 11 GPS_INT 392433216 30036148 500219700 519906289 43767849 45273 78 0 0 0 0 0 0 0 5 3
50.687 11 ROTORCRAFT_FP -69 -145 -2 0 0 -7635 93 112 -3566 -51 -140 -2 -3469 0 150
50.692 11 POS_CTRL 0. 0. 0. 0. 0. 0. 0. 16 0. 0. 0. 0. 0. 0. 0. 0. 0. 0. 0. 0. 0. 0. 0. 0. 0.
50.726 11 DATALINK_REPORT 0 14029 5882 44452 0
50.737 11 INS -145 -69 2 0 0 6014 -31 8 67
50.789 11 WINDTUNNEL 0 0.974612 -0.223883 4.864981 -1.456931 0.
50.825 11 INS_REF 392433170 30036171 500219735 519906340 43767889 45278 82 0.
50.838 11 GPS_INT 392433216 30036148 500219700 519906289 43767849 45273 78 0 0 0 0 0 0 0 5 3
50.915 11 PONG 
50.936 11 ROTORCRAFT_FP -69 -145 -2 0 0 -6783 93 113 -3566 -51 -140 -2 -3469 0 150
50.943 11 POS_CTRL 0. 0. 0. 0. 0. 0. 0. 16 0. 0. 0. 0. 0. 0. 0. 0. 0. 0. 0. 0. 0. 0. 0. 0. 0.
50.987 11 INS -145 -69 2 0 0 7461 -31 6 144
51.031 11 WP_MOVED_ENU 5 -844 107 204
51.039 11 WINDTUNNEL 0 0.974612 -0.223883 4.864981 -1.456931 0.
51.090 11 GPS_INT 392433216 30036148 500219700 519906289 43767849 45273 78 0 0 0 0 0 0 0 5 3
51.187 11 ROTORCRAFT_STATUS 0 111 0 29 3 13 0 0 4 5 119 237
51.190 11 ROTORCRAFT_FP -69 -145 -2 0 0 -9326 93 113 -3566 -51 -140 -2 -3469 0 150
51.196 11 POS_CTRL 0. 0. 0. 0. 0. 0. 0. 16 0. 0. 0. 0. 0. 0. 0. 0. 0. 0. 0. 0. 0. 0. 0. 0. 0.
51.237 11 INS -145 -69 3 0 0 11328 -31 9 66
51.262 11 LINK_REPORT 11 -1 11422 0 11025233 197328 0 1437. 27. 680824 1.81
51.289 11 WINDTUNNEL 0 0.974612 -0.223883 4.864981 -1.456931 0.
51.337 11 GPS_INT 392433216 30036148 500219700 519906289 43767849 45273 78 0 0 0 0 0 0 0 5 3
51.436 11 ROTORCRAFT_FP -69 -145 -3 0 0 -9683 93 113 -3566 -51 -140 -3 -3469 0 150
51.440 11 POS_CTRL 0. 0. 0. 0. 0. 0. 0. 16 0. 0. 0. 0. 0. 0. 0. 0. 0. 0. 0. 0. 0. 0. 0. 0. 0.
51.495 11 INS -145 -69 3 0 0 8486 -31 9 66
51.538 11 WINDTUNNEL 0 0.974612 -0.223883 4.864981 -1.456931 0.
51.555 11 DL_VALUE 19 30.
51.588 11 GPS_INT 392433216 30036148 500219700 519906289 43767849 45273 78 0 0 0 0 0 0 0 5 3
51.686 11 ROTORCRAFT_FP -69 -145 -2 0 0 -7618 94 113 -3566 -51 -140 -2 -3469 0 150
51.690 11 POS_CTRL 0. 0. 0. 0. 0. 0. 0. 16 0. 0. 0. 0. 0. 0. 0. 0. 0. 0. 0. 0. 0. 0. 0. 0. 0.
