3.767 11 LINK_REPORT 11 -1 10569 0 9918517 177516 0 1381. 24. 630342 1.72
3.780 11 WINDTUNNEL 0 0.487306 -0.111941 4.9868 -1.484915 0.
3.830 11 GPS_INT 392433210 30036181 500219703 519906293 43767898 45277 81 0 0 0 0 0 0 0 5 3
3.930 11 ROTORCRAFT_FP 15 -133 -2 0 0 -3485 78 139 -5531 23 -133 -2 -5637 0 507
3.936 11 POS_CTRL 0. 0. 0. 0. 0. 0. 0. 16 0. 0. 0. 0. 0. 0. 0. 0. 0. 0. 0. 0. 0. 0. 0. 0. 0.
3.980 11 INS -133 15 2 0 0 3548 -69 77 6
4.031 11 WINDTUNNEL 0 0.487306 -0.111941 4.9868 -1.484915 0.
4.080 11 GPS_INT 392433210 30036181 500219703 519906293 43767898 45277 81 0 0 0 0 0 0 0 5 3
4.180 11 ROTORCRAFT_FP 15 -133 -2 0 0 -1978 78 139 -5531 23 -133 -2 -5637 0 507
4.184 11 POS_CTRL 0. 0. 0. 0. 0. 0. 0. 16 0. 0. 0. 0. 0. 0. 0. 0. 0. 0. 0. 0. 0. 0. 0. 0. 0.
4.204 11 DL_VALUE 4 13.
4.228 11 LINK_REPORT 11 -1 10570 0 9919895 177540 0 1378. 24. 630402 1.72
4.230 11 INS -133 15 2 0 0 2188 8 93 8
4.281 11 WINDTUNNEL 0 0.487306 -0.111941 4.9868 -1.484915 0.
4.329 11 GPS_INT 392433210 30036181 500219703 519906293 43767898 45277 81 0 0 0 0 0 0 0 5 3
4.430 11 ROTORCRAFT_FP 15 -133 -2 0 0 -2491 79 139 -5531 23 -133 -2 -5637 0 507
4.433 11 POS_CTRL 0. 0. 0. 0. 0. 0. 0. 16 0. 0. 0. 0. 0. 0. 0. 0. 0. 0. 0. 0. 0. 0. 0. 0. 0.
4.480 11 INS -133 15 2 0 0 2278 -69 76 6
4.530 11 WINDTUNNEL 0 0.487306 -0.111941 4.9868 -1.484915 0.
4.580 11 GPS_INT 392433210 30036181 500219703 519906293 43767898 45277 81 0 0 0 0 0 0 0 5 3
4.624 11 DATALINK_REPORT 0 20146 52588 1390 0
4.680 11 ROTORCRAFT_FP 15 -133 -2 0 0 -2952 79 138 -5531 23 -133 -2 -5637 0 507
4.683 11 POS_CTRL 0. 0. 0. 0. 0. 0. 0. 16 0. 0. 0. 0. 0. 0. 0. 0. 0. 0. 0. 0. 0. 0. 0. 0. 0.
4.721 11 WP_MOVED_ENU 6 980 -312 209
4.724 11 INS_REF 392433170 30036171 500219735 519906340 43767889 45278 82 0.
4.730 11 INS -133 15 2 0 0 2757 -67 75 7
4.731 11 STATE_FILTER_STATUS 3 3 0
4.782 11 WINDTUNNEL 0 0.487306 -0.111941 4.9868 -1.484915 0.
4.830 11 GPS_INT 392433210 30036181 500219703 519906293 43767898 45277 81 0 0 0 0 0 0 0 5 3
4.905 11 ROTORCRAFT_STATUS 0 188 0 30 3 13 0 0 4 5 112 4730
4.930 11 ROTORCRAFT_FP 15 -133 -2 0 0 -3117 79 138 -5531 23 -133 -2 -5637 0 507
4.934 11 POS_CTRL 0. 0. 0. 0. 0. 0. 0. 16 0. 0. 0. 0. 0. 0. 0. 0. 0. 0. 0. 0. 0. 0. 0. 0. 0.
4.980 11 INS -133 15 2 0 0 2989 -67 74 7
5.030 11 WINDTUNNEL 0 0.487306 -0.111941 4.9868 -1.484915 0.
5.080 11 GPS_INT 392433210 30036181 500219703 519906293 43767898 45277 81 0 0 0 0 0 0 0 5 3
5.180 11 ROTORCRAFT_FP 15 -133 -2 0 0 -1984 79 138 -5531 23 -133 -2 -5637 0 507
5.186 11 POS_CTRL 0. 0. 0. 0. 0. 0. 0. 16 0. 0. 0. 0. 0. 0. 0. 0. 0. 0. 0. 0. 0. 0. 0. 0. 0.
5.205 11 ALIVE 199,46,77,35,184,175,54,147,117,161,102,180,3,122,23,240
5.229 11 LINK_REPORT 11 -1 10571 0 9921327 177566 0 1432. 26. 630462 1.72
5.230 11 INS -133 15 2 0 0 2767 -50 -3 5
5.283 11 WINDTUNNEL 0 0.487306 -0.111941 4.9868 -1.484915 0.
5.304 11 DL_VALUE 5 583.
5.329 11 ROTORCRAFT_NAV_STATUS 23 23 0.1 0. 23 1 3
5.330 11 GPS_INT 392433210 30036181 500219703 519906293 43767898 45277 81 0 0 0 0 0 0 0 5 3
5.415 11 PONG 
5.430 11 ROTORCRAFT_FP 15 -133 -2 0 0 -2603 79 137 -5531 23 -133 -2 -5637 0 507
5.435 11 POS_CTRL 0. 0. 0. 0. 0. 0. 0. 16 0. 0. 0. 0. 0. 0. 0. 0. 0. 0. 0. 0. 0. 0. 0. 0. 0.
5.480 11 INS -133 15 2 0 0 2848 -67 73 7
5.531 11 WINDTUNNEL 0 0.487306 -0.111941 4.9868 -1.484915 0.
5.580 11 GPS_INT 392433210 30036181 500219703 519906293 43767898 45277 81 0 0 0 0 0 0 0 5 3
5.583 11 ENERGY 11.2 0. 620 0.
5.680 11 ROTORCRAFT_FP 15 -133 -2 0 0 -1851 79 137 -5531 23 -133 -2 -5637 0 507
5.684 11 POS_CTRL 0. 0. 0. 0. 0. 0. 0. 16 0. 0. 0. 0. 0. 0. 0. 0. 0. 0. 0. 0. 0. 0. 0. 0. 0.
5.730 11 INS -133 15 2 0 0 1480 -67 72 7
5.783 11 WINDTUNNEL 0 0.487306 -0.111941 4.9868 -1.484915 0.
5.831 11 GPS_INT 392433210 30036181 500219703 519906293 43767898 45277 81 0 0 0 0 0 0 0 5 3
5.930 11 ROTORCRAFT_FP 15 -133 -2 0 0 -2075 79 136 -5531 23 -133 -2 -5637 0 507
5.933 11 POS_CTRL 0. 0. 0. 0. 0. 0. 0. 16 0. 0. 0. 0. 0. 0. 0. 0. 0. 0. 0. 0. 0. 0. 0. 0. 0.
5.980 11 INS -133 15 2 0 0 3391 10 85 87
6.020 11 WP_MOVED_ENU 7 1297 -366 721
6.030 11 WINDTUNNEL 0 0.487306 -0.111941 4.9868 -1.484915 0.
6.080 11 GPS_INT 392433210 30036181 500219703 519906293 43767898 45277 81 0 0 0 0 0 0 0 5 3
6.106 11 ROTORCRAFT_STATUS 0 188 0 30 3 13 0 0 4 5 112 4731
6.180 11 ROTORCRAFT_FP 15 -133 -2 0 0 -3485 80 136 -5531 23 -133 -2 -5637 0 507
6.184 11 POS_CTRL 0. 0. 0. 0. 0. 0. 0. 16 0. 0. 0. 0. 0. 0. 0. 0. 0. 0. 0. 0. 0. 0. 0. 0. 0.
6.229 11 LINK_REPORT 11 -1 10572 0 9922731 177592 0 1404. 26. 630523 2.6
6.230 11 INS -133 15 2 0 0 2837 12 87 8
6.285 11 WINDTUNNEL 0 0.487306 -0.111941 4.9868 -1.484915 0.
6.329 11 GPS_INT 392433210 30036181 500219703 519906293 43767898 45277 81 0 0 0 0 0 0 0 5 3
6.404 11 DL_VALUE 6 82.
6.430 11 ROTORCRAFT_FP 15 -133 -2 0 0 -1210 79 135 -5531 23 -133 -2 -5637 0 507
6.433 11 POS_CTRL 0. 0. 0. 0. 0. 0. 0. 16 0. 0. 0. 0. 0. 0. 0. 0. 0. 0. 0. 0. 0. 0. 0. 0. 0.
6.479 11 INS -133 15 2 0 0 1107 -64 69 6
6.531 11 WINDTUNNEL 0 0.487306 -0.111941 4.9868 -1.484915 0.
6.580 11 GPS_INT 392433210 30036181 500219703 519906293 43767898 45277 81 0 0 0 0 0 0 0 5 3
6.680 11 ROTORCRAFT_FP 15 -133 -2 0 0 -702 80 135 -5532 23 -133 -2 -5637 0 507
6.683 11 POS_CTRL 0. 0. 0. 0. 0. 0. 0. 16 0. 0. 0. 0. 0. 0. 0. 0. 0. 0. 0. 0. 0. 0. 0. 0. 0.
6.730 11 INS -133 15 2 0 0 1073 12 82 86
6.781 11 WINDTUNNEL 0 0.487306 -0.111941 4.9868 -1.484915 0.
6.829 11 GPS_INT 392433210 30036181 500219703 519906293 43767898 45277 81 0 0 0 0 0 0 0 5 3
6.929 11 ROTORCRAFT_NAV_STATUS 24 24 0.1 0. 23 1 3
6.931 11 ROTORCRAFT_FP 15 -133 -2 0 0 -2141 80 134 -5532 23 -133 -2 -5637 0 507
6.936 11 POS_CTRL 0. 0. 0. 0. 0. 0. 0. 16 0. 0. 0. 0. 0. 0. 0. 0. 0. 0. 0. 0. 0. 0. 0. 0. 0.
6.980 11 INS -133 15 2 0 0 2061 -63 66 6
7.030 11 WINDTUNNEL 0 0.487306 -0.111941 4.9868 -1.484915 0.
7.080 11 GPS_INT 392433210 30036181 500219703 519906293 43767898 45277 81 0 0 0 0 0 0 0 5 3
7.180 11 ROTORCRAFT_FP 15 -133 -2 0 0 -2600 80 134 -5532 23 -133 -2 -5637 0 507
7.185 11 POS_CTRL 0. 0. 0. 0. 0. 0. 0. 16 0. 0. 0. 0. 0. 0. 0. 0. 0. 0. 0. 0. 0. 0. 0. 0. 0.
7.230 11 INS -133 15 2 0 0 2093 13 82 7
7.232 11 LINK_REPORT 11 -1 10573 0 9924109 177615 0 1378. 23. 630582 2.6
7.283 11 WINDTUNNEL 0 0.487306 -0.111941 4.9868 -1.484915 0.
7.305 11 ALIVE 199,46,77,35,184,175,54,147,117,161,102,180,3,122,23,240
7.305 11 ROTORCRAFT_STATUS 0 188 0 29 3 13 0 0 4 5 112 4732
7.319 11 WP_MOVED_ENU 8 -215 -1331 721
7.333 11 GPS_INT 392433210 30036181 500219703 519906293 43767898 45277 81 0 0 0 0 0 0 0 5 3
7.430 11 ROTORCRAFT_FP 15 -133 -2 0 0 -2657 80 133 -5532 23 -133 -2 -5637 0 507
7.435 11 POS_CTRL 0. 0. 0. 0. 0. 0. 0. 16 0. 0. 0. 0. 0. 0. 0. 0. 0. 0. 0. 0. 0. 0. 0. 0. 0.
7.480 11 INS -133 15 2 0 0 2459 -63 64 6
7.498 11 BLOCK 3 11
7.503 11 DL_VALUE 7 13.
7.530 11 WINDTUNNEL 0 0.487306 -0.111941 4.9868 -1.484915 0.
7.580 11 GPS_INT 392433210 30036181 500219703 519906293 43767898 45277 81 0 0 0 0 0 0 0 5 3
7.680 11 ROTORCRAFT_FP 15 -133 -2 0 0 -2723 79 133 -5532 23 -133 -2 -5532 0 507
7.686 11 POS_CTRL 0. 0. 0. 0. 0. 0. 0. 16 0. 0. 0. 0. 0. 0. 0. 0. 0. 0. 0. 0. 0. 0. 0. 0. 0.
7.730 11 INS -133 15 2 0 0 2380 -63 62 6
7.784 11 WINDTUNNEL 0 0.487306 -0.111941 4.9868 -1.484915 0.
7.830 11 GPS_INT 392433210 30036181 500219703 519906293 43767898 45277 81 0 0 0 0 0 0 0 5 3
7.930 11 ROTORCRAFT_FP 15 -133 -2 0 0 -1413 80 132 -5532 23 -133 -2 -5532 0 507
7.931 11 STATE_FILTER_STATUS 3 3 0
7.935 11 POS_CTRL 0. 0. 0. 0. 0. 0. 0. 16 0. 0. 0. 0. 0. 0. 0. 0. 0. 0. 0. 0. 0. 0. 0. 0. 0.
7.980 11 INS -133 15 2 0 0 633 -104 -107 0
8.031 11 WINDTUNNEL 0 0.487306 -0.111941 4.9868 -1.484915 0.
8.081 11 GPS_INT 392433210 30036181 500219703 519906293 43767898 45277 81 0 0 0 0 0 0 0 5 3
8.083 11 ENERGY 11.2 0. 620 0.
8.180 11 ROTORCRAFT_FP 15 -133 -2 0 0 550 81 133 -5532 23 -133 -2 -5532 0 507
8.185 11 POS_CTRL 0. 0. 0. 0. 0. 0. 0. 16 0. 0. 0. 0. 0. 0. 0. 0. 0. 0. 0. 0. 0. 0. 0. 0. 0.
8.230 11 INS -133 15 2 0 0 -785 -138 44 83
8.232 11 LINK_REPORT 11 -1 10574 0 9925519 177641 0 1410. 26. 630643 2.6
8.285 11 WINDTUNNEL 0 0.487306 -0.111941 4.9868 -1.484915 0.
8.330 11 GPS_INT 392433210 30036181 500219703 519906293 43767898 45277 81 0 0 0 0 0 0 0 5 3
8.430 11 ROTORCRAFT_FP 15 -133 -2 0 0 -448 82 132 -5531 23 -133 -2 -5532 0 507
8.436 11 POS_CTRL 0. 0. 0. 0. 0. 0. 0. 16 0. 0. 0. 0. 0. 0. 0. 0. 0. 0. 0. 0. 0. 0. 0. 0. 0.
8.480 11 INS -133 15 2 0 0 97 52 -70 -75
8.503 11 ROTORCRAFT_STATUS 0 188 0 30 3 13 0 1 4 5 109 4733
8.528 11 ROTORCRAFT_NAV_STATUS 1 1 0.1 0. 3 1 3
8.531 11 WINDTUNNEL 0 0.487306 -0.111941 4.9868 -1.484915 0.
8.580 11 GPS_INT 392433210 30036181 500219703 519906293 43767898 45277 82 0 0 0 0 0 0 0 5 3
8.602 11 DL_VALUE 8 0.645
8.618 11 WP_MOVED_ENU 9 -1167 192 724
8.680 11 ROTORCRAFT_FP 15 -133 -2 0 0 -215 82 131 -5532 23 -133 -2 -5532 0 507
8.684 11 POS_CTRL 0. 0. 0. 0. 0. 0. 0. 16 0. 0. 0. 0. 0. 0. 0. 0. 0. 0. 0. 0. 0. 0. 0. 0. 0.
8.730 11 INS -133 15 2 0 0 -817 -13 -180 388
8.785 11 WINDTUNNEL 0 0.487306 -0.111941 4.9868 -1.484915 0.
8.830 11 GPS_INT 392433210 30036181 500219703 519906293 43767898 45277 81 0 0 0 0 0 0 0 5 3
8.929 11 ROTORCRAFT_FP 15 -133 -2 0 0 2933 81 132 -5532 23 -133 -2 -5532 0 507
8.935 11 POS_CTRL 0. 0. 0. 0. 0. 0. 0. 16 0. 0. 0. 0. 0. 0. 0. 0. 0. 0. 0. 0. 0. 0. 0. 0. 0.
8.980 11 INS -133 15 2 0 0 -1832 -24 -90 1
9.031 11 WINDTUNNEL 0 0.487306 -0.111941 4.9868 -1.484915 0.
9.080 11 GPS_INT 392433210 30036181 500219703 519906293 43767898 45277 82 0 0 0 0 0 0 0 5 3
9.180 11 ROTORCRAFT_FP 15 -133 -2 0 0 2222 81 132 -5532 23 -133 -2 -5532 0 507
9.183 11 POS_CTRL 0. 0. 0. 0. 0. 0. 0. 16 0. 0. 0. 0. 0. 0. 0. 0. 0. 0. 0. 0. 0. 0. 0. 0. 0.
9.232 11 INS -133 15 2 0 0 -1680 69 -148 0
9.232 11 LINK_REPORT 11 -1 10575 0 9926897 177665 0 1378. 24. 630702 2.6
9.287 11 WINDTUNNEL 0 0.487306 -0.111941 4.9868 -1.484915 0.
9.331 11 GPS_INT 392433210 30036181 500219703 519906293 43767898 45277 81 0 0 0 0 0 0 0 5 3
9.405 11 ALIVE 199,46,77,35,184,175,54,147,117,161,102,180,3,122,23,240
9.430 11 ROTORCRAFT_FP 15 -133 -2 0 0 3009 82 134 -5532 23 -133 -2 -5532 0 507
9.436 11 POS_CTRL 0. 0. 0. 0. 0. 0. 0. 16 0. 0. 0. 0. 0. 0. 0. 0. 0. 0. 0. 0. 0. 0. 0. 0. 0.
9.480 11 INS -133 15 2 0 0 -2890 51 -69 3
9.531 11 WINDTUNNEL 0 0.487306 -0.111941 4.9868 -1.484915 0.
9.580 11 GPS_INT 392433210 30036181 500219703 519906293 43767898 45277 82 0 0 0 0 0 0 0 5 3
9.786 11 ROTORCRAFT_FP 15 -133 -2 0 0 2403 82 134 -5530 23 -133 -2 -5532 0 507
9.790 11 POS_CTRL 0. 0. 0. 0. 0. 0. 0. 16 0. 0. 0. 0. 0. 0. 0. 0. 0. 0. 0. 0. 0. 0. 0. 0. 0.
9.790 11 ROTORCRAFT_STATUS 0 188 0 30 3 13 0 1 4 5 112 4734
9.790 11 DL_VALUE 9 0.
9.790 11 DATALINK_REPORT 0 20449 52717 1413 0
9.790 11 INS -133 15 2 0 0 -3294 -117 -26 3
9.790 11 WINDTUNNEL 0 0.487306 -0.111941 4.9868 -1.484915 0.
9.826 11 INS_REF 392433170 30036171 500219735 519906340 43767889 45278 82 0.
9.831 11 GPS_INT 392433210 30036181 500219703 519906293 43767898 45277 81 0 0 0 0 0 0 0 5 3
9.976 11 WP_MOVED_ENU 10 325 1128 724
9.978 11 ROTORCRAFT_FP 15 -133 -2 0 0 487 82 134 -5529 23 -133 -2 -5532 0 507
9.982 11 POS_CTRL 0. 0. 0. 0. 0. 0. 0. 16 0. 0. 0. 0. 0. 0. 0. 0. 0. 0. 0. 0. 0. 0. 0. 0. 0.
9.983 11 INS -133 15 2 0 0 -27 -40 -6 -73
10.031 11 WINDTUNNEL 0 0.487306 -0.111941 4.9868 -1.484915 0.
10.074 11 WIND_INFO 11 42 0. 0. 0.
10.080 11 GPS_INT 392433210 30036181 500219703 519906293 43767898 45277 81 0 0 0 0 0 0 0 5 3
10.128 11 ROTORCRAFT_NAV_STATUS 3 3 0.1 0. 3 1 3
10.180 11 ROTORCRAFT_FP 15 -133 -2 0 0 827 81 135 -5530 23 -133 -2 -5532 0 507
10.183 11 POS_CTRL 0. 0. 0. 0. 0. 0. 0. 16 0. 0. 0. 0. 0. 0. 0. 0. 0. 0. 0. 0. 0. 0. 0. 0. 0.
10.230 11 LINK_REPORT 11 -1 10576 0 9928309 177691 0 1412. 26. 630763 2.6
10.289 11 INS -133 15 2 0 0 -1737 -25 -81 -75
10.289 11 WINDTUNNEL 0 0.487306 -0.111941 4.9868 -1.484915 0.
10.330 11 GPS_INT 392433210 30036181 500219703 519906293 43767898 45277 81 0 0 0 0 0 0 0 5 3
10.489 11 ROTORCRAFT_FP 15 -133 -2 0 0 1453 82 136 -5530 23 -133 -2 -5532 0 507
10.493 11 POS_CTRL 0. 0. 0. 0. 0. 0. 0. 16 0. 0. 0. 0. 0. 0. 0. 0. 0. 0. 0. 0. 0. 0. 0. 0. 0.
10.493 11 INS -133 15 2 0 0 -958 -27 -81 1
10.494 11 PONG 
10.533 11 WINDTUNNEL 0 0.487306 -0.111941 4.9868 -1.484915 0.
10.582 11 GPS_INT 392433210 30036181 500219703 519906293 43767898 45277 81 0 0 0 0 0 0 0 5 3
10.585 11 ENERGY 11.2 0. 620 0.
10.682 11 ROTORCRAFT_FP 15 -133 -2 0 0 2576 81 136 -5530 23 -133 -2 -5532 0 507
10.687 11 POS_CTRL 0. 0. 0. 0. 0. 0. 0. 16 0. 0. 0. 0. 0. 0. 0. 0. 0. 0. 0. 0. 0. 0. 0. 0. 0.
10.723 11 AUTOPILOT_VERSION 50600 v5.6.0_stable-39-ga52ba85-dirty
10.732 11 INS -133 15 2 0 0 -2557 -178 -114 -1
10.784 11 WINDTUNNEL 0 0.487306 -0.111941 4.9868 -1.484915 0.
10.897 11 DL_VALUE 10 2.
10.899 11 GPS_INT 392433210 30036181 500219703 519906293 43767898 45277 81 0 0 0 0 0 0 0 5 3
10.904 11 ROTORCRAFT_STATUS 0 188 0 27 3 13 0 1 4 5 112 4736
10.932 11 ROTORCRAFT_FP 15 -133 -2 0 0 1997 81 138 -5531 23 -133 -2 -5532 0 507
10.938 11 POS_CTRL 0. 0. 0. 0. 0. 0. 0. 16 0. 0. 0. 0. 0. 0. 0. 0. 0. 0. 0. 0. 0. 0. 0. 0. 0.
10.982 11 INS -133 15 2 0 0 -1264 47 -62 2
11.102 11 WINDTUNNEL 0 0.487306 -0.111941 4.9868 -1.484915 0.
11.105 11 GPS_INT 392433210 30036181 500219703 519906293 43767898 45277 81 0 0 0 0 0 0 0 5 3
11.132 11 STATE_FILTER_STATUS 3 3 0
11.182 11 ROTORCRAFT_FP 15 -133 -2 0 0 1813 81 138 -5531 23 -133 -2 -5532 0 507
11.187 11 POS_CTRL 0. 0. 0. 0. 0. 0. 0. 16 0. 0. 0. 0. 0. 0. 0. 0. 0. 0. 0. 0. 0. 0. 0. 0. 0.
11.230 11 LINK_REPORT 11 -1 10577 0 9929725 177717 0 1416. 26. 630823 80.
11.287 11 WINDTUNNEL 0 0.487306 -0.111941 4.9868 -1.484915 0.
11.309 11 WP_MOVED_ENU 0 10956 10549 768
11.311 11 INS -133 15 2 0 0 -891 -45 -2 4
11.333 11 GPS_INT 392433210 30036181 500219703 519906293 43767898 45277 81 0 0 0 0 0 0 0 5 3
11.482 11 INS -133 15 2 0 0 138 30 20 -72
11.506 11 ALIVE 199,46,77,35,184,175,54,147,117,161,102,180,3,122,23,240
11.513 11 ROTORCRAFT_FP 15 -133 -2 0 0 -1069 81 138 -5531 23 -133 -2 -5532 0 507
11.519 11 POS_CTRL 0. 0. 0. 0. 0. 0. 0. 16 0. 0. 0. 0. 0. 0. 0. 0. 0. 0. 0. 0. 0. 0. 0. 0. 0.
11.533 11 WINDTUNNEL 0 0.487306 -0.111941 4.9868 -1.484915 0.
11.583 11 GPS_INT 392433210 30036181 500219703 519906293 43767898 45277 81 0 0 0 0 0 0 0 5 3
11.682 11 ROTORCRAFT_FP 15 -133 -2 0 0 2235 81 139 -5533 23 -133 -2 -5532 0 507
11.688 11 POS_CTRL 0. 0. 0. 0. 0. 0. 0. 16 0. 0. 0. 0. 0. 0. 0. 0. 0. 0. 0. 0. 0. 0. 0. 0. 0.
11.730 11 ROTORCRAFT_NAV_STATUS 4 4 0.1 0. 3 1 3
11.732 11 INS -133 15 2 0 0 -870 47 -61 81
11.790 11 WINDTUNNEL 0 0.487306 -0.111941 4.9868 -1.484915 0.
11.903 11 DL_VALUE 11 1.
11.923 11 GPS_INT 392433210 30036181 500219703 519906293 43767898 45277 81 0 0 0 0 0 0 0 5 3
11.932 11 ROTORCRAFT_FP 15 -133 -2 0 0 1384 81 139 -5530 23 -133 -2 -5532 0 507
11.936 11 POS_CTRL 0. 0. 0. 0. 0. 0. 0. 16 0. 0. 0. 0. 0. 0. 0. 0. 0. 0. 0. 0. 0. 0. 0. 0. 0.
11.983 11 INS -133 15 2 0 0 -1127 89 111 10
12.128 11 WINDTUNNEL 0 0.487306 -0.111941 4.9868 -1.484915 0.
12.132 11 GPS_INT 392433210 30036181 500219703 519906293 43767898 45277 81 0 0 0 0 0 0 0 5 3
12.133 11 ROTORCRAFT_STATUS 0 188 0 29 3 13 0 1 4 5 112 4737
12.183 11 ROTORCRAFT_FP 15 -133 -2 0 0 1233 81 140 -5531 23 -133 -2 -5532 0 507
12.187 11 POS_CTRL 0. 0. 0. 0. 0. 0. 0. 16 0. 0. 0. 0. 0. 0. 0. 0. 0. 0. 0. 0. 0. 0. 0. 0. 0.
12.230 11 LINK_REPORT 11 -1 10578 0 9931126 177742 0 1401. 25. 630883 80.
12.232 11 INS -133 15 2 0 0 -2134 -179 -105 -79
12.274 11 BLOCK 13 11
12.287 11 WINDTUNNEL 0 0.487306 -0.111941 4.9868 -1.484915 0.
12.334 11 GPS_INT 392433210 30036181 500219703 519906293 43767898 45277 81 0 0 0 0 0 0 0 5 3
12.433 11 ROTORCRAFT_FP 15 -133 -1 -5242 -5242 127230 63 107 -5509 -844 107 204 -5509 7324 507
12.437 11 POS_CTRL 0. 0. 0. 0. 0. 0. 0. 16 0. 0. 0. 0. 0. 0. 0. 0. 0. 0. 0. 0. 0. 0. 0. 0. 0.
12.536 11 INS -133 15 -3 -5242 -5242 -280661 -1477 -194 -4295
12.538 11 WP_MOVED_ENU 1 30 -135 768
12.539 11 WINDTUNNEL 0 0.487306 -0.111941 4.9868 -1.484915 0.
12.583 11 GPS_INT 392433216 30036181 500219710 519906292 43767898 45368 173 50 0 56 0 0 0 0 5 3
12.742 11 ROTORCRAFT_FP 15 -135 41 -36700 -31457 457725 -50 -8 -5355 -844 107 204 -5355 6285 507
12.747 11 POS_CTRL 0. 0. 0. 0. 0. 0. 0. 16 0. 0. 0. 0. 0. 0. 0. 0. 0. 0. 0. 0. 0. 0. 0. 0. 0.
12.748 11 INS -135 15 -53 -31457 -36700 -456960 -878 1104 804
12.789 11 WINDTUNNEL 0 0.487306 -0.111941 4.9868 -1.484915 0.
12.833 11 GPS_INT 392433230 30036180 500219724 519906290 43767895 45563 368 60 -10 57 0 0 0 0 5 3
12.939 11 ROTORCRAFT_FP 5 -145 94 -94371 -73400 383819 -7 29 -5136 -844 107 204 -5136 5937 507
12.943 11 POS_CTRL 0. 0. 0. 0. 0. 0. 0. 16 0. 0. 0. 0. 0. 0. 0. 0. 0. 0. 0. 0. 0. 0. 0. 0. 0.
12.988 11 INS -145 2 -103 -73400 -104857 -372530 925 230 792
13.009 11 DL_VALUE 12 5.
13.039 11 WINDTUNNEL 0 0.487306 -0.111941 4.9868 -1.484915 0.
13.151 11 GPS_INT 392433243 30036177 500219735 519906288 43767888 45732 536 52 -17 41 0 0 0 0 5 3
13.153 11 ENERGY 10.7 4.265 621 45.635498
13.188 11 ROTORCRAFT_FP -10 -153 133 -131071 -89128 272958 -15 -3 -4841 -844 107 204 -4841 5851 507
13.191 11 POS_CTRL 0. 0. 0. 0. 0. 0. 0. 16 0. 0. 0. 0. 0. 0. 0. 0. 0. 0. 0. 0. 0. 0. 0. 0. 0.
13.231 11 LINK_REPORT 11 -1 10579 0 9932480 177765 0 1354. 23. 630944 80.
13.238 11 INS -156 -12 -140 -89128 -136314 -255164 3 780 482
13.335 11 ROTORCRAFT_NAV_STATUS 1 1 0.2 3.4 13 0 0
13.339 11 GPS_INT 392433255 30036171 500219743 519906283 43767878 45869 673 41 -25 21 0 0 0 0 5 3
13.356 11 WINDTUNNEL 0 0.487306 -0.111941 4.9868 -1.484915 0.
13.359 11 ROTORCRAFT_STATUS 0 188 0 30 3 13 1 1 4 5 108 4738
13.438 11 ROTORCRAFT_FP -25 -163 162 -162529 -99614 210623 6 -79 -4799 -844 107 204 -4679 5814 507
13.443 11 POS_CTRL 0. 0. 0. 0. 0. 0. 0. 16 0. 0. 0. 0. 0. 0. 0. 0. 0. 0. 0. 0. 0. 0. 0. 0. 0.
13.561 11 INS -166 -28 -167 -104857 -167772 -196334 1016 -104 420
13.562 11 WINDTUNNEL 0 0.487306 -0.111941 4.9868 -1.484915 0.
13.589 11 GPS_INT 392433265 30036162 500219748 519906279 43767865 45960 765 30 -40 11 0 0 0 0 5 3
13.612 11 ALIVE 199,46,77,35,184,175,54,147,117,161,102,180,3,122,23,240
13.766 11 ROTORCRAFT_FP -51 -174 178 -267386 -62914 104653 94 -882 -4794 -844 107 204 -4679 6065 507
13.769 11 POS_CTRL 0. 0. 0. 0. 0. 0. 0. 16 0. 0. 0. 0. 0. 0. 0. 0. 0. 0. 0. 0. 0. 0. 0. 0. 0.
13.771 11 INS -174 -51 -180 -62914 -267386 -93177 -27 -1350 92
13.792 11 WINDTUNNEL 0 0.487306 -0.111941 4.9868 -1.484915 0.
13.822 11 WP_MOVED_ENU 2 35 -135 768
13.843 11 GPS_INT 392433270 30036148 500219750 519906278 43767844 46001 806 11 -81 10 0 0 0 0 5 3
13.971 11 ROTORCRAFT_FP -87 -174 185 -471858 26214 52755 99 -1200 -4717 -844 107 204 -4679 6277 507
13.977 11 POS_CTRL 0. 0. 0. 0. 0. 0. 0. 16 0. 0. 0. 0. 0. 0. 0. 0. 0. 0. 0. 0. 0. 0. 0. 0. 0.
13.988 11 INS -171 -125 -187 104857 -639630 -51416 2219 -2252 184
14.040 11 WINDTUNNEL 0 0.487306 -0.111941 4.9868 -1.484915 0.
14.175 11 GPS_INT 392433270 30036121 500219754 519906282 43767805 46020 824 -8 -139 21 0 0 0 0 5 3
14.177 11 DL_VALUE 13 0.
14.188 11 ROTORCRAFT_FP -202 -153 189 -875560 225443 27350 186 -1060 -4724 -844 107 204 -4679 6291 507
14.193 11 POS_CTRL 0. 0. 0. 0. 0. 0. 0. 16 0. 0. 0. 0. 0. 0. 0. 0. 0. 0. 0. 0. 0. 0. 0. 0. 0.
14.232 11 LINK_REPORT 11 -1 10580 0 9933881 177790 0 1401. 25. 631003 80.
14.238 11 INS -148 -217 -190 246415 -912260 -24923 2083 -3005 1117
14.384 11 WINDTUNNEL 0 0.487306 -0.111941 4.9868 -1.484915 0.
14.385 11 STATE_FILTER_STATUS 3 3 0
14.385 11 GPS_INT 392433266 30036088 500219759 519906289 43767757 46026 830 -25 -181 33 0 0 0 0 5 3
14.438 11 ROTORCRAFT_FP -312 -117 190 -1038089 340786 23031 201 -547 -4703 -844 107 204 -4679 6184 508
14.442 11 POS_CTRL 0. 0. 0. 0. 0. 0. 0. 16 0. 0. 0. 0. 0. 0. 0. 0. 0. 0. 0. 0. 0. 0. 0. 0. 0.
14.489 11 INS -104 -345 -190 356515 -1048575 -20185 820 -234 -660
14.508 11 ROTORCRAFT_STATUS 0 188 0 27 3 13 1 1 4 5 108 4739
14.539 11 WINDTUNNEL 0 0.487306 -0.111941 4.9868 -1.484915 0.
14.589 11 GPS_INT 392433254 30036020 500219774 519906309 43767660 46030 835 -39 -203 47 0 0 0 0 5 3
14.688 11 ROTORCRAFT_FP -453 -69 192 -1022360 377487 38688 192 222 -4674 -844 107 204 -4679 6146 508
14.692 11 POS_CTRL 0. 0. 0. 0. 0. 0. 0. 16 0. 0. 0. 0. 0. 0. 0. 0. 0. 0. 0. 0. 0. 0. 0. 0. 0.
14.738 11 INS -61 -468 -193 372244 -1006632 -41487 -768 1032 290
14.791 11 WINDTUNNEL 0 0.487306 -0.111941 4.9868 -1.484915 0.
14.832 11 DATALINK_REPORT 0 20753 52844 1385 0
14.839 11 GPS_INT 392433245 30035975 500219785 519906324 43767595 46042 847 -36 -183 47 0 0 0 0 5 3
14.932 11 INS_REF 392433170 30036171 500219735 519906340 43767889 45278 82 0.
14.935 11 ROTORCRAFT_NAV_STATUS 2 2 2.3 1.3 13 0 0
14.939 11 ROTORCRAFT_FP -560 -25 196 -875560 335544 54750 170 311 -4649 -844 107 204 -4679 6146 508
14.942 11 POS_CTRL 0. 0. 0. 0. 0. 0. 0. 16 0. 0. 0. 0. 0. 0. 0. 0. 0. 0. 0. 0. 0. 0. 0. 0. 0.
14.988 11 INS -15 -586 -198 325058 -838860 -55070 157 1091 -3
15.039 11 WINDTUNNEL 0 0.487306 -0.111941 4.9868 -1.484915 0.
15.089 11 GPS_INT 392433236 30035931 500219797 519906340 43767532 46064 868 -29 -150 44 0 0 0 0 5 3
15.120 11 WP_MOVED_ENU 3 30 -135 768
15.188 11 ROTORCRAFT_FP -663 12 202 -707788 283115 64946 173 394 -4631 -844 107 204 -4679 6127 508
15.192 11 POS_CTRL 0. 0. 0. 0. 0. 0. 0. 16 0. 0. 0. 0. 0. 0. 0. 0. 0. 0. 0. 0. 0. 0. 0. 0. 0.
15.208 11 DL_VALUE 14 0.5
15.233 11 LINK_REPORT 11 -1 10581 0 9935322 177817 0 1441. 27. 631063 80.
15.238 11 INS 17 -675 -204 283115 -686816 -70097 -1978 2058 -119
15.296 11 WINDTUNNEL 0 0.487306 -0.111941 4.9868 -1.484915 0.
15.339 11 GPS_INT 392433230 30035899 500219807 519906352 43767486 46090 894 -33 -150 44 0 0 0 0 5 3
15.417 11 PONG 
15.438 11 ROTORCRAFT_FP -734 46 210 -545259 235929 83271 174 536 -4648 -844 107 204 -4679 6110 509
15.444 11 POS_CTRL 0. 0. 0. 0. 0. 0. 0. 16 0. 0. 0. 0. 0. 0. 0. 0. 0. 0. 0. 0. 0. 0. 0. 0. 0.
15.488 11 INS 48 -742 -212 230686 -519044 -81993 378 716 -530
15.539 11 WINDTUNNEL 0 0.487306 -0.111941 4.9868 -1.484915 0.
15.589 11 GPS_INT 392433226 30035875 500219816 519906361 43767453 46123 928 -16 -87 37 0 0 0 0 5 3
15.591 11 ENERGY 10.7 4.475 624 47.8825
15.688 11 ROTORCRAFT_FP -785 71 220 -387972 188743 88888 98 440 -4641 -844 107 204 -4679 6040 509
15.692 11 POS_CTRL 0. 0. 0. 0. 0. 0. 0. 16 0. 0. 0. 0. 0. 0. 0. 0. 0. 0. 0. 0. 0. 0. 0. 0. 0.
15.707 11 ROTORCRAFT_STATUS 0 188 0 29 3 13 1 1 4 5 107 4740
15.710 11 ALIVE 199,46,77,35,184,175,54,147,117,161,102,180,3,122,23,240
15.738 11 INS 76 -798 -221 167772 -346029 -87025 -519 1212 648
15.794 11 WINDTUNNEL 0 0.487306 -0.111941 4.9868 -1.484915 0.
15.839 11 GPS_INT 392433222 30035857 500219826 519906369 43767426 46168 973 -7 -57 31 0 0 0 0 5 3
15.938 11 ROTORCRAFT_FP -826 89 230 -251658 125829 89635 82 403 -4666 -844 107 204 -4679 5989 509
15.944 11 POS_CTRL 0. 0. 0. 0. 0. 0. 0. 16 0. 0. 0. 0. 0. 0. 0. 0. 0. 0. 0. 0. 0. 0. 0. 0. 0.
15.989 11 INS 92 -832 -232 115343 -235929 -83256 -60 612 -675
16.039 11 WINDTUNNEL 0 0.487306 -0.111941 4.9868 -1.484915 0.
16.089 11 GPS_INT 392433221 30035846 500219832 519906374 43767411 46203 1007 -3 -37 23 0 0 0 0 5 3
16.188 11 ROTORCRAFT_FP -847 102 239 -157286 78643 69235 73 312 -4667 -844 107 204 -4679 5966 509
16.193 11 POS_CTRL 0. 0. 0. 0. 0. 0. 0. 16 0. 0. 0. 0. 0. 0. 0. 0. 0. 0. 0. 0. 0. 0. 0. 0. 0.
16.233 11 LINK_REPORT 11 -1 10582 0 9936698 177841 0 1376. 24. 631124 1.98
16.238 11 INS 104 -852 -240 62914 -136314 -65298 -1344 860 -3
16.293 11 WINDTUNNEL 0 0.487306 -0.111941 4.9868 -1.484915 0.
16.309 11 DL_VALUE 15 1.169371
16.339 11 GPS_INT 392433220 30035839 500219836 519906378 43767400 46233 1038 0 -21 15 0 0 0 0 5 3
16.419 11 WP_MOVED_ENU 4 23 -133 209
16.438 11 ROTORCRAFT_FP -862 112 245 -89128 47185 55391 86 236 -4683 -844 107 204 -4679 5948 510
16.442 11 POS_CTRL 0. 0. 0. 0. 0. 0. 0. 16 0. 0. 0. 0. 0. 0. 0. 0. 0. 0. 0. 0. 0. 0. 0. 0. 0.
16.489 11 INS 110 -865 -246 36700 -89128 -55098 -1624 1049 -11
16.536 11 ROTORCRAFT_NAV_STATUS 4 4 3.6 0.1 13 0 0
16.541 11 WINDTUNNEL 0 0.487306 -0.111941 4.9868 -1.484915 0.
16.589 11 GPS_INT 392433221 30035835 500219839 519906379 43767394 46255 1060 1 -12 10 0 0 0 0 5 3
16.688 11 ROTORCRAFT_FP -870 112 252 -52428 20971 44238 76 221 -4683 -844 107 204 -4679 5922 510
16.692 11 POS_CTRL 0. 0. 0. 0. 0. 0. 0. 16 0. 0. 0. 0. 0. 0. 0. 0. 0. 0. 0. 0. 0. 0. 0. 0. 0.
16.739 11 INS 115 -872 -252 15728 -47185 -32700 -1739 -432 -173
16.797 11 WINDTUNNEL 0 0.487306 -0.111941 4.9868 -1.484915 0.
16.839 11 GPS_INT 392433221 30035833 500219841 519906380 43767391 46270 1075 1 -5 3 0 0 0 0 5 3
16.906 11 ROTORCRAFT_STATUS 0 188 0 30 3 13 1 1 4 5 107 4742
16.940 11 ROTORCRAFT_FP -875 115 251 -15728 0 6307 99 190 -4658 -844 107 204 -4679 5972 510
16.944 11 POS_CTRL 0. 0. 0. 0. 0. 0. 0. 16 0. 0. 0. 0. 0. 0. 0. 0. 0. 0. 0. 0. 0. 0. 0. 0. 0.
16.988 11 INS 115 -875 -251 -5242 -15728 -220 742 -216 -81
17.040 11 WINDTUNNEL 0 0.487306 -0.111941 4.9868 -1.484915 0.
17.089 11 GPS_INT 392433222 30035832 500219841 519906380 43767390 46276 1080 2 0 0 0 0 0 0 5 3
17.188 11 ROTORCRAFT_FP -875 112 253 5242 -15728 5235 108 152 -4663 -844 107 204 -4679 5961 510
17.194 11 POS_CTRL 0. 0. 0. 0. 0. 0. 0. 16 0. 0. 0. 0. 0. 0. 0. 0. 0. 0. 0. 0. 0. 0. 0. 0. 0.
17.234 11 LINK_REPORT 11 -1 10583 0 9938076 177865 0 1378. 24. 631183 1.98
17.238 11 INS 112 -872 -253 -15728 10485 -2562 -1235 115 388
17.297 11 WINDTUNNEL 0 0.487306 -0.111941 4.9868 -1.484915 0.
17.339 11 GPS_INT 392433222 30035833 500219841 519906379 43767392 46272 1076 0 4 -5 0 0 0 0 5 3
17.408 11 DL_VALUE 16 0.85
17.439 11 ROTORCRAFT_FP -870 112 251 26214 -15728 -24202 157 103 -4668 -844 107 204 -4679 6005 511
17.445 11 POS_CTRL 0. 0. 0. 0. 0. 0. 0. 16 0. 0. 0. 0. 0. 0. 0. 0. 0. 0. 0. 0. 0. 0. 0. 0. 0.
17.489 11 INS 112 -870 -250 -15728 31457 24165 -1434 415 379
17.537 11 STATE_FILTER_STATUS 3 3 0
17.540 11 WINDTUNNEL 0 0.487306 -0.111941 4.9868 -1.484915 0.
17.589 11 GPS_INT 392433222 30035834 500219839 519906379 43767394 46259 1064 -2 7 -5 0 0 0 0 5 3
17.688 11 ROTORCRAFT_FP -867 112 248 36700 -5242 -33976 136 118 -4697 -844 107 204 -4679 6037 511
17.693 11 POS_CTRL 0. 0. 0. 0. 0. 0. 0. 16 0. 0. 0. 0. 0. 0. 0. 0. 0. 0. 0. 0. 0. 0. 0. 0. 0.
17.718 11 WP_MOVED_ENU 5 -844 107 204
17.738 11 INS 110 -865 -246 -5242 36700 45395 235 1193 -185
17.796 11 WINDTUNNEL 0 0.487306 -0.111941 4.9868 -1.484915 0.
17.813 11 ALIVE 199,46,77,35,184,175,54,147,117,161,102,180,3,122,23,240
17.822 11 BLOCK 15 11
17.839 11 GPS_INT 392433220 30035836 500219837 519906378 43767397 46236 1040 -6 6 -9 0 0 0 0 5 3
17.938 11 ROTORCRAFT_FP -862 110 239 10 -5 -40 35 41 -4647 -844 107 204 -4653 6129 511
17.942 11 POS_CTRL -3.296875 0.417969 -3.367188 0.417969 0.070312 0.070312 0. 16 0.004395 0.004395 0. 1.125 1.125 0. 18. 18. 0. 0.40913 0.40913 0. 0.04472 0.039999 -0.019999 0.045988 -0.013451
17.988 11 INS 110 -862 -237 -10485 15728 93592 805 -1322 246
18.039 11 WINDTUNNEL 0 0.487306 -0.111941 -3.228352 0.402228 0.140616
18.089 11 GPS_INT 392433218 30035837 500219834 519906378 43767398 46198 1002 -9 -1 -18 0 0 0 0 5 3
18.091 11 ENERGY 10.7 4.556 628 48.749203
18.106 11 ROTORCRAFT_STATUS 0 188 0 30 3 13 1 1 8 5 107 4743
18.135 11 ROTORCRAFT_NAV_STATUS 1 1 3.6 0. 15 3 0
18.188 11 ROTORCRAFT_FP -862 107 227 -10 -15 -40 52 19 -3525 -844 107 204 -4914 6183 511
18.192 11 POS_CTRL -3.175056 0.389985 -3.367188 0.429688 0.19619 0.192131 -0.039702 16 0.041652 0.041007 -0.007302 0.499965 0.487274 -0.111934 6.1e-05 -6.1e-05 0. 0.358645 0.350615 -0.075472 0.07211 -0.039999 -0.059999 -0.033015 -0.056206
18.234 11 LINK_REPORT 11 -1 10584 0 9939507 177892 0 1431. 27. 631244 1.98
18.238 11 INS 107 -865 -225 -26214 -26214 60010 1877 -915 -1025
18.298 11 WINDTUNNEL 0 0.487306 -0.111941 -3.106533 0.374244 0.3906
18.339 11 GPS_INT 392433217 30035836 500219830 519906377 43767396 46158 963 -1 -7 -12 0 0 0 0 5 3
18.438 11 ROTORCRAFT_FP -867 104 221 -7 -12 -10 250 240 -3084 -844 107 204 -3645 6149 512
18.442 11 POS_CTRL -3.053237 0.362002 -3.378906 0.40625 0.328661 0.325669 -0.044248 16 0.110882 0.109539 -0.017206 0.499965 0.487274 -0.111934 4.242684 -3.000061 -3. 0.511488 0.504711 -0.082989 0.058308 -0.029999 -0.049999 -0.029913 -0.047459
18.488 11 INS 104 -867 -221 -31457 -10485 11019 116 238 155
18.508 11 DL_VALUE 17 363.
18.539 11 WINDTUNNEL 0 0.487306 -0.111941 -2.984715 0.346261 0.640584
18.589 11 GPS_INT 392433217 30035835 500219828 519906376 43767395 46140 945 -1 2 -7 0 0 0 0 5 3
18.689 11 ROTORCRAFT_FP -865 102 217 20 -5 -16 317 251 -3307 -844 107 204 -2977 6196 512
18.692 11 POS_CTRL -2.931419 0.334018 -3.386719 0.398438 0.459835 0.4553 -0.06442 16 0.214295 0.211943 -0.031664 0.499969 0.487278 -0.111935 2.000008 6.1e-05 -2.000008 0.673698 0.665066 -0.107498 0.082462 0.08 -0.019999 0.082819 -0.016491
18.739 11 INS 102 -862 -216 0 62914 36315 527 1270 -141
18.799 11 WINDTUNNEL 0 0.487306 -0.111941 -2.862896 0.318277 0.890568
18.839 11 GPS_INT 392433215 30035838 500219826 519906376 43767400 46121 925 -6 17 -6 0 0 0 0 5 3
18.939 11 ROTORCRAFT_FP -855 102 212 63 -2 -19 134 251 -3016 -844 107 204 -2624 6209 512
18.944 11 POS_CTRL -2.8096 0.306034 -3.378906 0.398438 0.576756 0.569306 -0.092403 16 0.346791 0.342849 -0.052141 0.499965 0.487274 -0.111934 8e-06 0. 8e-06 0.830507 0.818342 -0.141624 0.250198 0.249998 -0.009998 0.255376 -0.007604
18.988 11 INS 102 -852 -210 -10485 146800 44585 1584 92 -426
19.019 11 WP_MOVED_ENU 6 980 -312 209
19.039 11 WINDTUNNEL 0 0.487306 -0.111941 -2.741077 0.290294 1.140552
19.089 11 GPS_INT 392433214 30035844 500219824 519906375 43767408 46097 901 -6 26 -10 0 0 0 0 5 3
19.189 11 ROTORCRAFT_FP -837 99 204 74 -12 -18 254 289 -2836 -844 107 204 -4561 6256 512
19.192 11 POS_CTRL -2.687781 0.278051 -3.277344 0.386719 0.599494 0.589562 -0.108668 16 0.504073 0.497862 -0.078882 1.140233 -1.137726 0.075566 26.172506 -26. 3.000008 0.412448 0.397602 -0.109661 0.294278 0.289999 -0.049999 0.292207 -0.047592
19.235 11 LINK_REPORT 11 -1 10585 0 9940841 177914 0 1334. 22. 631303 1.98
19.238 11 INS 99 -834 -204 -31457 162529 22450 483 580 -688
19.300 11 WINDTUNNEL 0 0.487306 -0.111941 -2.619258 0.26231 1.390536
19.305 11 ROTORCRAFT_STATUS 0 188 0 29 3 13 1 1 8 5 106 4744
19.338 11 GPS_INT 392433213 30035851 500219822 519906374 43767419 46079 883 0 35 -7 0 0 0 0 5 3
19.438 11 ROTORCRAFT_FP -816 97 202 199229 -41943 -4704 186 357 -3385 -844 107 204 -2947 6227 513
19.443 11 POS_CTRL -2.565963 0.250067 -3.199219 0.378906 0.64623 0.633256 -0.128839 16 0.665134 0.655986 -0.109933 0.325488 -0.325226 0.013066 13.152946 -13. 2. 0.749308 0.732483 -0.157898 795.297607 778.238281 -163.839844 0.3881 -0.074412
19.489 11 INS 94 -808 -201 -47185 209715 10231 25 1399 -130
19.541 11 WINDTUNNEL 0 0.487306 -0.111941 -2.497439 0.234326 1.64052
19.589 11 GPS_INT 392433213 30035862 500219819 519906372 43767435 46068 872 2 45 -10 0 0 0 0 5 3
19.608 11 DL_VALUE 18 237.
19.689 11 ROTORCRAFT_FP -785 89 199 117 -35 0 219 320 -3305 -844 107 204 -2665 6232 513
19.696 11 POS_CTRL -2.444144 0.222084 -3.089844 0.347656 0.657797 0.6457 -0.125573 16 0.832541 0.820151 -0.143097 0.492879 -0.450226 0.200566 15.811387 -15. 4.999996 0.764391 0.756676 -0.108332 0.480832 0.459999 -0.139999 0.464051 -0.130818
19.734 11 ROTORCRAFT_NAV_STATUS 2 2 3.3 0. 15 3 0
19.739 11 INS 87 -780 -199 -73400 246415 -4577 -688 993 76
19.804 11 WINDTUNNEL 0 0.487306 -0.111941 -2.375621 0.206343 1.890504
19.839 11 GPS_INT 392433215 30035874 500219817 519906369 43767451 46063 868 8 51 -9 0 0 0 0 5 3
19.911 11 ALIVE 199,46,77,35,184,175,54,147,117,161,102,180,3,122,23,240
19.932 11 DATALINK_REPORT 0 21058 52971 44253 0
19.938 11 ROTORCRAFT_FP -755 79 200 135 -40 14 330 378 -3221 -844 107 204 -2628 6210 513
19.942 11 POS_CTRL -2.322325 0.1941 -2.96875 0.316406 0.657894 0.646425 -0.122306 16 1.002256 0.986694 -0.175933 0.689853 -0.637726 0.263066 18.973726 -18.000061 6.000004 0.757245 0.751114 -0.096165 0.553623 0.529999 -0.16 0.530794 -0.154136
19.988 11 INS 79 -744 -200 -89128 293601 -32161 -912 813 -581
20.032 11 INS_REF 392433170 30036171 500219735 519906340 43767889 45278 82 0.
20.039 11 WINDTUNNEL 0 0.487306 -0.111941 -2.253802 0.178359 2.140488
20.075 11 WIND_INFO 11 42 0. 0. 0.
20.089 11 GPS_INT 392433218 30035889 500219815 519906365 43767473 46073 878 11 61 -5 0 0 0 0 5 3
20.189 11 ROTORCRAFT_FP -719 69 204 156 -38 27 310 233 -3122 -844 107 204 -3309 6141 513
20.192 11 POS_CTRL -2.200506 0.166117 -2.886719 0.289062 0.697139 0.686213 -0.122946 16 1.170307 1.152073 -0.205782 0.499965 0.487274 -0.111934 6.1e-05 -6.1e-05 -4e-06 1.198065 1.178017 -0.21826 0.628171 0.609999 -0.15 0.611324 -0.144932
20.236 11 LINK_REPORT 11 -1 10586 0 9942276 177940 0 1435. 26. 631363 1.98
20.239 11 INS 69 -709 -205 -73400 319815 -50743 1024 -121 -264
20.303 11 WINDTUNNEL 0 0.487306 -0.111941 -2.131983 0.150376 2.390472
20.318 11 WP_MOVED_ENU 7 1297 -366 721
20.339 11 GPS_INT 392433220 30035904 500219815 519906362 43767494 46093 898 8 56 -1 0 0 0 0 5 3
20.418 11 PONG 
20.439 11 ROTORCRAFT_FP -678 61 209 163 -33 22 269 343 -3154 -844 107 204 -3017 6138 514
20.444 11 POS_CTRL -2.078687 0.138133 -2.886719 0.289062 0.822006 0.808031 -0.15093 16 1.364098 1.34266 -0.240891 0.499969 0.487278 -0.111934 6.1e-05 6.1e-05 4e-06 1.381092 1.357012 -0.256777 0.653069 0.639999 -0.129999 0.644289 -0.12147
20.488 11 INS 58 -668 -210 -52428 340786 -43995 -1801 534 42
20.504 11 ROTORCRAFT_STATUS 0 188 0 30 3 13 1 1 8 5 107 4745
20.541 11 WINDTUNNEL 0 0.487306 -0.111941 -2.010164 0.122392 2.640456
20.589 11 GPS_INT 392433222 30035921 500219814 519906360 43767520 46109 913 4 68 -6 0 0 0 0 5 3
20.592 11 ENERGY 10.7 4.544 631 48.6208
20.689 11 ROTORCRAFT_FP -632 53 213 184 -28 23 366 453 -2808 -844 107 204 -3308 6144 514
20.693 11 POS_CTRL -1.956869 0.110149 -2.539062 0.21875 0.592236 0.582194 -0.108601 16 1.544776 1.520245 -0.274207 0.499967 0.487276 -0.111934 90.802017 89.000031 -18.000002 1.205526 1.184448 -0.224442 0.728353 0.719999 -0.109999 0.723292 -0.103347
20.706 11 DL_VALUE 19 30.
20.736 11 STATE_FILTER_STATUS 3 3 0
20.741 11 INS 53 -624 -213 -57671 382729 -54186 14 716 -446
20.802 11 WINDTUNNEL 0 0.487306 -0.111941 -1.888346 0.094409 2.89044
20.838 11 GPS_INT 392433224 30035938 500219814 519906357 43767544 46126 930 10 78 2 0 0 0 0 5 3
20.940 11 ROTORCRAFT_FP -586 46 219 199 -30 40 288 298 -2186 -844 107 204 -3367 6040 514
20.948 11 POS_CTRL -1.83505 0.082166 -2.367188 0.199219 0.544859 0.532138 -0.117053 16 1.681858 1.654554 -0.301823 0.499967 0.487276 -0.111934 26.076839 26.000031 -2. 1.199189 1.174686 -0.241179 0.789175 0.779999 -0.119999 0.789272 -0.116047
20.988 11 INS 43 -570 -221 -68157 408944 -93437 -243 -71 -344
21.039 11 WINDTUNNEL 0 0.487306 -0.111941 -1.76843 0.066862 3.136518
21.089 11 GPS_INT 392433227 30035960 500219815 519906354 43767575 46165 969 12 80 4 0 0 0 0 5 3
21.189 11 ROTORCRAFT_FP -529 38 228 408944 -73400 61378 194 279 -3030 -844 107 204 -3536 6017 514
21.192 11 POS_CTRL -1.713231 0.054182 -2.148438 0.167969 0.449835 0.435206 -0.113787 16 1.796018 1.765607 -0.329111 0.499965 0.487274 -0.111934 28.160225 27.999969 -3. 1.137998 1.111069 -0.246099 0.792463 0.779999 -0.139999 0.788509 -0.130061
21.236 11 LINK_REPORT 11 -1 10587 0 9943669 177966 0 1393. 26. 631424 1.92
21.239 11 INS 35 -522 -229 -68157 408944 -47881 -950 -806 718
21.308 11 WINDTUNNEL 0 0.487306 -0.111941 -1.646612 0.038879 3.386502
21.334 11 ROTORCRAFT_NAV_STATUS 4 4 2.3 0. 15 3 0
21.438 11 ROTORCRAFT_FP -486 30 232 191 -30 13 172 304 -3321 -844 107 204 -3585 6041 515
21.441 11 POS_CTRL -1.591413 0.026199 -1.976562 0.128906 0.398609 0.38515 -0.102708 16 1.895175 1.861704 -0.354606 0.499965 0.487274 -0.111934 23.537174 22.999969 -5. 1.116532 1.089842 -0.242668 0.759537 0.749998 -0.119999 0.753205 -0.117466
21.488 11 INS 30 -473 -233 -62914 387972 -21127 -226 -284 36
21.539 11 WINDTUNNEL 0 0.487306 -0.111941 -1.522889 0.010458 3.640392
21.589 11 GPS_INT 392433232 30035999 500219814 519906349 43767631 46199 1004 6 75 -7 0 0 0 0 5 3
21.615 11 WP_MOVED_ENU 8 -215 -1331 721
21.689 11 ROTORCRAFT_FP -435 23 234 186 -35 6 158 318 -3580 -844 107 204 -3770 6049 515
21.694 11 POS_CTRL -1.469594 -0.001785 -1.769531 0.097656 0.315992 0.299937 -0.099441 16 1.974251 1.937475 -0.379284 0.499967 0.487276 -0.111934 25.495127 25.000031 -4.999998 1.056592 1.027363 -0.246805 0.743301 0.729998 -0.139999 0.734026 -0.133039
21.703 11 ROTORCRAFT_STATUS 0 188 0 29 3 13 1 1 8 5 107 4746
21.739 11 INS 23 -427 -234 -78643 382729 -6603 -1907 -225 473
21.804 11 WINDTUNNEL 0 0.487306 -0.111941 -1.401071 -0.017526 3.890376
21.807 11 DL_VALUE 20 0.
21.829 11 AUTOPILOT_VERSION 50600 v5.6.0_stable-39-ga52ba85-dirty
21.839 11 GPS_INT 392433233 30036016 500219812 519906346 43767656 46200 1004 5 74 -9 0 0 0 0 5 3
21.938 11 ROTORCRAFT_FP -389 12 235 184 -40 5 134 311 -3818 -844 107 204 -3714 6045 515
21.942 11 POS_CTRL -1.347775 -0.029769 -1.648438 0.066406 0.31567 0.300663 -0.096175 16 2.048747 2.008789 -0.402658 0.499967 0.487276 -0.111934 3.1e-05 3.1e-05 -2e-06 1.078974 1.04948 -0.250551 0.737563 0.719999 -0.16 0.723292 -0.15261
21.990 11 INS 10 -384 -234 -83886 372244 -4099 -773 -129 301
22.010 11 ALIVE 199,46,77,35,184,175,54,147,117,161,102,180,3,122,23,240
22.039 11 WINDTUNNEL 0 0.487306 -0.111941 -1.279252 -0.045509 4.14036
22.089 11 GPS_INT 392433235 30036034 500219809 519906342 43767681 46198 1003 5 73 -11 0 0 0 0 5 3
22.189 11 ROTORCRAFT_FP -345 2 234 181 -40 16 127 327 -4206 -844 107 204 -3163 6022 515
22.192 11 POS_CTRL -1.225956 -0.057752 -1.367188 0.019531 0.160994 0.141231 -0.077283 16 2.100472 2.057334 -0.423506 0.112655 -0.012726 -0.111934 7.071043 4.999969 -4.999996 0.791229 0.754612 -0.237915 0.727804 0.709999 -0.16 0.711032 -0.157103
22.237 11 LINK_REPORT 11 -1 10588 0 9945050 177991 0 1381. 25. 631484 1.92
22.239 11 INS 0 -332 -235 -89128 367001 -41548 -201 -2735 -444
22.306 11 WINDTUNNEL 0 0.487306 -0.111941 -1.157433 -0.073493 4.390344
22.339 11 GPS_INT 392433237 30036053 500219808 519906338 43767709 46210 1015 12 72 -4 0 0 0 0 5 3
22.438 11 ROTORCRAFT_FP -296 -10 239 174 -43 19 140 281 -3749 -844 107 204 -1646 5985 516
22.441 11 POS_CTRL -1.104138 -0.085736 -1.179688 -0.027344 0.095485 0.07555 -0.058392 16 2.134744 2.088727 -0.440851 1.093772 -1.075226 0.200566 25.495127 -25.000031 5. 0.401396 0.379599 -0.130476 0.700926 0.679998 -0.169998 0.688801 -0.167153
22.488 11 INS -10 -289 -240 -94371 356515 -38050 -976 -180 697
22.539 11 WINDTUNNEL 0 0.487306 -0.111941 -1.035614 -0.101476 4.640328
22.589 11 GPS_INT 392433240 30036070 500219806 519906334 43767733 46223 1027 11 69 -7 0 0 0 0 5 3
22.689 11 ROTORCRAFT_FP -258 -17 242 168 -46 14 203 265 -3115 -844 107 204 -4153 5987 516
22.695 11 POS_CTRL -0.982319 -0.113719 -1.027344 -0.066406 0.065313 0.045025 -0.047313 16 2.155123 2.106873 -0.453474 0.637859 -0.637725 0.013066 18.110756 -17.999985 2. 0.51785 0.485769 -0.179434 0.684103 0.659998 -0.179998 0.669622 -0.170411
22.739 11 INS -23 -245 -243 -89128 346029 -37283 332 -886 -244
22.809 11 WINDTUNNEL 0 0.487306 -0.111941 -0.913796 -0.12946 4.890312
22.839 11 GPS_INT 392433243 30036088 500219804 519906330 43767759 46235 1039 11 67 -6 0 0 0 0 5 3
22.902 11 ROTORCRAFT_STATUS 0 188 0 30 3 13 1 1 8 5 107 4748
22.907 11 DL_VALUE 21 0.
22.914 11 WP_MOVED_ENU 9 -1167 192 724
22.934 11 ROTORCRAFT_NAV_STATUS 5 5 1.1 0. 15 3 0
22.941 11 ROTORCRAFT_FP -212 -30 245 168 -40 12 121 234 -3449 -844 107 204 -1600 5970 516
22.945 11 POS_CTRL -0.8605 -0.141703 -0.847656 -0.109375 0.034786 -0.012844 -0.032328 16 2.165144 2.114822 -0.464087 0.971161 -0.950225 0.200566 23.537205 -23. 5. 0.354488 0.336535 -0.111383 0.679115 0.659998 -0.16 0.660415 -0.155795
22.995 11 INS -33 -199 -246 -78643 335544 -33576 719 736 -356
23.046 11 WINDTUNNEL 0 0.487306 -0.111941 -0.791977 -0.157444 5.140296
23.095 11 GPS_INT 392433246 30036105 500219803 519906327 43767784 46248 1053 10 63 -4 0 0 0 0 5 3
23.098 11 ENERGY 10.7 4.331 634 46.341698
23.195 11 ROTORCRAFT_FP -168 -40 248 153 -38 17 169 221 -2775 -844 107 204 -4915 5942 516
23.199 11 POS_CTRL -0.738681 -0.169686 -0.679688 -0.15625 0.060505 -0.058994 -0.013436 16 2.160909 2.108917 -0.47117 0.829302 -0.762725 0.325566 21.189604 -19.999985 6.999996 0.34956 0.344862 -0.057117 0.618464 0.599998 -0.15 0.601353 -0.144331
23.238 11 LINK_REPORT 11 -1 10589 0 9946448 178016 0 1398. 25. 631543 1.92
23.245 11 INS -40 -163 -249 -73400 309329 -43808 616 351 -542
23.305 11 WINDTUNNEL 0 0.487306 -0.111941 -0.670158 -0.185427 5.39028
23.345 11 GPS_INT 392433248 30036119 500219801 519906323 43767804 46261 1065 11 59 -3 0 0 0 0 5 3
23.445 11 ROTORCRAFT_FP -133 -51 252 143 -35 20 147 238 -3319 -844 107 204 -1437 5916 517
23.448 11 POS_CTRL -0.616863 -0.19767 -0.539062 -0.1875 0.078462 -0.0778 -0.01017 16 2.149842 2.096601 -0.475484 0.788655 -0.762725 0.200566 20.615528 -20. 5.000004 0.335409 0.322361 -0.092644 0.577234 0.559999 -0.139999 0.569914 -0.133608
23.495 11 INS -51 -122 -253 -68157 293601 -52593 1038 -707 -997
23.546 11 WINDTUNNEL 0 0.487306 -0.111941 -0.548339 -0.213411 5.640264
23.595 11 GPS_INT 392433252 30036135 500219801 519906320 43767827 46284 1089 11 56 0 0 0 0 0 5 3
23.695 11 ROTORCRAFT_FP -99 -56 257 140 -33 16 198 247 -2957 -844 107 204 -2898 5906 517
23.700 11 POS_CTRL -0.495044 -0.225654 -0.539062 -0.1875 0.058252 0.044019 -0.038154 16 2.150976 2.096185 -0.482399 0.499966 0.487275 -0.111934 4e-06 0. -4e-06 0.847174 0.819056 -0.216454 0.555427 0.539999 -0.129999 0.541528 -0.12225
23.745 11 INS -58 -92 -258 -68157 283115 -32104 364 1142 386
23.808 11 WINDTUNNEL 0 0.487306 -0.111941 -0.426521 -0.241394 5.890248
23.846 11 GPS_INT 392433254 30036149 500219800 519906317 43767846 46296 1101 8 69 -7 0 0 0 0 5 3
23.941 11 STATE_FILTER_STATUS 3 3 0
23.945 11 ROTORCRAFT_FP -61 -66 259 140 -30 13 173 300 -2677 -844 107 204 -3192 5907 517
23.949 11 POS_CTRL -0.373225 -0.253637 -0.289062 -0.25 0.084241 -0.084163 -0.003637 16 2.151173 2.094974 -0.488497 0.499966 0.487275 -0.111934 65.969696 64.000008 -15.999996 0.714546 0.690512 -0.183765 0.562938 0.549999 -0.119999 0.553025 -0.119455
23.995 11 INS -69 -56 -259 -68157 288358 -31311 479 378 -150
24.012 11 DL_VALUE 22 107.
24.045 11 WINDTUNNEL 0 0.487306 -0.111941 -0.304702 -0.269378 6.140232
24.096 11 GPS_INT 392433255 30036162 500219799 519906315 43767865 46304 1109 8 56 -4 0 0 0 0 5 3
24.108 11 ROTORCRAFT_STATUS 0 188 0 29 3 13 1 1 8 5 107 4749
24.117 11 ALIVE 199,46,77,35,184,175,54,147,117,161,102,180,3,122,23,240
24.195 11 ROTORCRAFT_FP -28 -71 263 138 -33 27 198 245 -1795 -844 107 204 -3298 5849 517
24.201 11 POS_CTRL -0.251406 -0.281621 -0.15625 -0.269531 0.095921 -0.095156 -0.01209 16 2.122216 2.065135 -0.488896 0.499966 0.487275 -0.111934 6.000008 6.000008 0. 0.697605 0.670567 -0.192337 0.555427 0.539999 -0.129999 0.549972 -0.126248
24.219 11 WP_MOVED_ENU 10 325 1128 724
24.238 11 LINK_REPORT 11 -1 10590 0 9947838 178041 0 1390. 25. 631603 1.92
24.245 11 INS -74 -17 -264 -68157 283115 -56352 -285 529 -276
24.310 11 WINDTUNNEL 0 0.487306 -0.111941 -0.182883 -0.297362 6.390216
24.345 11 GPS_INT 392433258 30036176 500219798 519906312 43767886 46326 1130 12 54 -1 0 0 0 0 5 3
24.445 11 ROTORCRAFT_FP 10 -84 268 135 -33 17 176 164 -2312 -844 107 204 -3351 5841 518
24.449 11 POS_CTRL -0.129588 -0.309604 -0.019531 -0.308594 0.110061 -0.110056 -0.001011 16 2.09291 2.03499 -0.488967 0.499966 0.487275 -0.111935 18.681549 18.000004 -5.000008 0.671552 0.646622 -0.18128 0.545709 0.529999 -0.129999 0.530794 -0.123347
24.495 11 INS -84 15 -269 -68157 272629 -29305 -636 -438 374
24.539 11 ROTORCRAFT_NAV_STATUS 7 7 0.2 0. 15 3 0
24.547 11 WINDTUNNEL 0 0.487306 -0.111941 -0.061065 -0.325345 6.6402
24.595 11 GPS_INT 392433261 30036189 500219798 519906309 43767904 46338 1143 6 52 -5 0 0 0 0 5 3
24.695 11 ROTORCRAFT_FP 38 -89 270 125 -30 12 176 219 -2679 -844 107 204 -3411 5848 518
24.701 11 POS_CTRL -0.007769 -0.337588 0.109375 -0.339844 0.117166 -0.117144 0.002256 16 2.057211 1.998678 -0.487244 0.499966 0.487275 -0.111935 5.830954 4.999998 -3.000008 0.653219 0.628641 -0.177496 0.504478 0.489998 -0.119999 0.4932 -0.115847
24.746 11 INS -92 46 -271 -62914 256900 -26576 1622 370 145
24.810 11 WINDTUNNEL 0 0.487306 -0.111941 0.058851 -0.352892 6.886278
24.846 11 GPS_INT 392433263 30036202 500219796 519906306 43767923 46346 1151 7 49 -4 0 0 0 0 5 3
24.946 11 ROTORCRAFT_FP 71 -97 272 120 -28 6 135 201 -2734 -844 107 204 -3387 5848 518
24.951 11 POS_CTRL 0.11405 -0.365572 0.226562 -0.378906 0.1133 -0.112513 0.013335 16 2.025076 1.966453 -0.483728 0.499966 0.487275 -0.111934 15.811384 14.999998 -4.999992 0.645158 0.623606 -0.165363 0.4827 0.469999 -0.109999 0.474021 -0.106788
24.994 11 INS -102 76 -272 -57671 246415 -11882 701 -481 35
25.037 11 DATALINK_REPORT 0 21365 53099 1417 0
25.045 11 WINDTUNNEL 0 0.487306 -0.111941 0.18067 -0.380875 7.136262
25.095 11 GPS_INT 392433264 30036214 500219795 519906304 43767939 46350 1154 6 47 -6 0 0 0 0 5 3
25.111 11 DL_VALUE 23 -844.
25.138 11 INS_REF 392433170 30036171 500219735 519906340 43767889 45278 82 0.
25.195 11 ROTORCRAFT_FP 99 -107 273 117 -30 1 205 289 -2842 -844 107 204 -3048 5866 518
25.201 11 POS_CTRL 0.235869 -0.393555 0.226562 -0.378906 0.017355 0.009306 -0.014649 16 2.016496 1.957359 -0.484767 0.499966 0.487275 -0.111934 4e-06 -4e-06 0. 0.767528 0.742695 -0.193659 0.475393 0.459999 -0.119999 0.46405 -0.118503
25.239 11 LINK_REPORT 11 -1 10591 0 9949227 178065 0 1389. 24. 631663 1.92
25.245 11 INS -107 110 -272 -68157 241172 8607 -16 501 338
25.310 11 WINDTUNNEL 0 0.487306 -0.111941 0.304392 -0.409296 7.390152
25.311 11 ROTORCRAFT_STATUS 0 188 0 30 3 13 1 1 8 5 106 4750
25.345 11 GPS_INT 392433266 30036226 500219792 519906300 43767958 46345 1150 4 48 -12 0 0 0 0 5 3
25.418 11 PONG 
25.445 11 ROTORCRAFT_FP 133 -115 270 120 -35 -1 209 209 -2453 -844 107 204 -1235 5879 519
25.448 11 POS_CTRL 0.357687 -0.421539 0.507812 -0.449219 0.152656 -0.150125 0.02768 16 1.993924 1.934775 -0.482059 0.668521 -0.637725 0.200566 18.681549 -18.000008 5. 0.245638 0.238989 -0.056767 0.490407 0.469999 -0.139999 0.474021 -0.13142
25.494 11 INS -117 138 -270 -73400 251658 -1154 528 -1385 -97
25.518 11 WP_MOVED_ENU 0 10956 10549 768
25.548 11 WINDTUNNEL 0 0.487306 -0.111941 0.42621 -0.437279 7.640136
25.595 11 GPS_INT 392433267 30036238 500219790 519906297 43767974 46343 1147 8 48 -6 0 0 0 0 5 3
25.598 11 ENERGY 10.7 4.241 637 45.3787
25.695 11 ROTORCRAFT_FP 163 -125 272 117 -33 16 196 178 -1985 -844 107 204 -1015 5820 519
25.701 11 POS_CTRL 0.479506 -0.449522 0.617188 -0.476562 0.140312 -0.137681 0.02704 16 1.959907 1.901141 -0.476338 0.492879 -0.450225 0.200565 15.811393 -15.000008 4.999992 0.302758 0.297592 -0.055691 0.478016 0.459999 -0.129999 0.461761 -0.129756
25.745 11 INS -128 171 -272 -73400 241172 -29618 1034 -7 -251
25.807 11 WINDTUNNEL 0 0.487306 -0.111941 0.548029 -0.465263 7.89012
25.845 11 GPS_INT 392433270 30036251 500219788 519906294 43767992 46353 1157 8 46 -6 0 0 0 0 5 3
25.945 11 ROTORCRAFT_FP 194 -133 273 112 -33 4 215 153 -2268 -844 107 204 -951 5843 519
25.950 11 POS_CTRL 0.601325 -0.477506 0.75 -0.519531 0.154501 -0.148675 0.042025 16 1.927407 1.869642 -0.468335 0.668521 -0.637725 0.200566 18.681543 -18. 5.000008 0.224196 0.2209 -0.038305 0.458801 0.439999 -0.129999 0.443346 -0.125156
25.995 11 INS -133 199 -273 -62914 225443 -1929 1297 -357 126
26.046 11 WINDTUNNEL 0 0.487306 -0.111941 0.669848 -0.493247 8.140104
26.097 11 GPS_INT 392433272 30036261 500219787 519906291 43768007 46353 1158 5 44 -8 0 0 0 0 5 3
26.140 11 ROTORCRAFT_NAV_STATUS 9 9 0.7 0. 15 3 0
26.195 11 ROTORCRAFT_FP 217 -140 274 220200 -62914 12208 200 241 -2708 -844 107 204 -4927 5839 519
26.201 11 POS_CTRL 0.723144 -0.505489 0.839844 -0.546875 0.123821 -0.1167 0.041386 16 1.895832 1.8393 -0.459516 0.382097 -0.325225 0.200566 13.928391 -13. 5.000008 0.339467 0.337521 -0.036299 894.575684 860.15625 -245.757812 0.424167 -0.116098
26.211 11 DL_VALUE 24 0.3
26.218 11 ALIVE 199,46,77,35,184,175,54,147,117,161,102,180,3,122,23,240
26.240 11 LINK_REPORT 11 -1 10592 0 9950654 178092 0 1427. 27. 631723 1.73
26.246 11 INS -143 225 -274 -68157 220200 -11620 -973 876 -163
26.307 11 WINDTUNNEL 0 0.487306 -0.111941 0.791667 -0.52123 8.390088
26.345 11 GPS_INT 392433273 30036273 500219784 519906288 43768024 46350 1155 4 44 -11 0 0 0 0 5 3
26.445 11 ROTORCRAFT_FP 248 -151 271 110 -33 -8 194 212 -3717 -844 107 204 -3235 5885 520
26.452 11 POS_CTRL 0.844962 -0.533473 0.898438 -0.566406 0.062803 -0.053475 0.032933 16 1.873126 1.818292 -0.449907 0.468718 0.45682 -0.104939 0.999933 -0.974548 0.223877 0.643071 0.629057 -0.13352 0.44922 0.429998 -0.129999 0.435664 -0.125618
26.494 11 INS -151 253 -271 -68157 225443 16586 21 230 -925
26.506 11 ROTORCRAFT_STATUS 0 188 0 29 3 13 1 1 8 5 107 4751
26.547 11 WINDTUNNEL 0 0.487306 -0.111941 0.913485 -0.549214 8.640072
26.595 11 GPS_INT 392433274 30036283 500219782 519906285 43768039 46341 1146 5 44 -9 0 0 0 0 5 3
26.695 11 ROTORCRAFT_FP 276 -158 270 110 -33 -1 218 219 -3149 -844 107 204 -3105 5871 520
26.701 11 POS_CTRL 0.966781 -0.561457 0.988281 -0.589844 0.03561 -0.0215 0.028387 16 1.854495 1.801496 -0.440187 0.499965 0.487274 -0.111934 2.2e-05 -1.5e-05 1.5e-05 0.679144 0.665131 -0.137249 0.44922 0.429998 -0.129999 0.434901 -0.121159
26.745 11 INS -158 284 -269 -68157 225443 9166 -1739 815 225
26.810 11 WINDTUNNEL 0 0.487306 -0.111941 1.035304 -0.577197 8.890056
26.820 11 WP_MOVED_ENU 1 30 -135 768
26.845 11 GPS_INT 392433276 30036295 500219779 519906282 43768056 46337 1141 6 45 -7 0 0 0 0 5 3
26.945 11 ROTORCRAFT_FP 302 -163 269 112 -33 10 235 236 -2548 -844 107 204 -3189 5847 520
26.949 11 POS_CTRL 1.0886 -0.58944 1.148438 -0.636719 0.076261 -0.059838 0.047279 16 1.833149 1.78244 -0.428185 0.499967 0.487276 -0.111935 15.811422 15.000031 -5.000015 0.631589 0.621077 -0.114756 0.458801 0.439999 -0.129999 0.443346 -0.125157
26.995 11 INS -168 309 -269 -73400 235929 -19343 -813 129 -148
27.046 11 WINDTUNNEL 0 0.487306 -0.111941 1.157123 -0.605181 9.14004
27.096 11 GPS_INT 392433278 30036306 500219778 519906280 43768072 46341 1146 9 47 -6 0 0 0 0 5 3
27.141 11 STATE_FILTER_STATUS 3 3 0
27.196 11 ROTORCRAFT_FP 335 -176 271 117 -38 7 203 186 -3358 -844 107 204 -3124 5837 520
27.199 11 POS_CTRL 1.210419 -0.617424 1.257812 -0.667969 0.069289 -0.047394 0.050545 16 1.813499 1.765519 -0.41439 0.499967 0.487276 -0.111934 13.34169 13.000031 -2.999985 0.637548 0.628445 -0.107351 0.483838 0.459999 -0.15 0.460998 -0.14377
27.240 11 LINK_REPORT 11 -1 10593 0 9952010 178115 0 1356. 23. 631783 1.73
27.245 11 INS -176 343 -271 -78643 241172 -10957 1022 -51 -1012
27.313 11 WINDTUNNEL 0 0.487306 -0.111941 1.278942 -0.633165 9.390024
27.313 11 DL_VALUE 25 -4679.
27.345 11 GPS_INT 392433280 30036319 500219776 519906276 43768091 46347 1152 9 57 -7 0 0 0 0 5 3
27.445 11 ROTORCRAFT_FP 368 -184 271 110 -25 7 237 63 -2949 -844 107 204 -3104 5832 521
27.449 11 POS_CTRL 1.332237 -0.645407 1.386719 -0.707031 0.082254 -0.054481 0.061624 16 1.794152 1.749267 -0.398802 0.499965 0.487274 -0.111935 18.681517 17.999969 -5.000015 0.623247 0.61648 -0.091597 0.441473 0.429998 -0.099998 0.434138 -0.098225
27.495 11 INS -184 371 -272 -52428 225443 -18146 606 1189 -619
27.546 11 WINDTUNNEL 0 0.487306 -0.111941 1.40076 -0.661148 9.640008
27.597 11 GPS_INT 392433282 30036329 500219775 519906274 43768105 46356 1161 8 44 0 0 0 0 0 5 3
27.695 11 ROTORCRAFT_FP 391 -189 276 110 -23 22 285 233 -2510 -844 107 204 -3003 5785 521
27.702 11 POS_CTRL 1.454056 -0.673391 1.476562 -0.726562 0.057739 -0.022506 0.053172 16 1.77901 1.737103 -0.383862 0.499965 0.487274 -0.111935 10.198009 9.999969 -2. 0.651849 0.644806 -0.095566 0.439316 0.429998 -0.089998 0.433375 -0.08145
27.706 11 ROTORCRAFT_STATUS 0 188 0 29 3 13 1 1 8 5 106 4752
27.739 11 ROTORCRAFT_NAV_STATUS 10 10 1.4 0. 15 3 0
27.745 11 INS -192 399 -277 -47185 230686 -46614 -504 -491 -375
27.811 11 WINDTUNNEL 0 0.487306 -0.111941 1.522579 -0.689132 9.889992
27.846 11 GPS_INT 392433284 30036342 500219775 519906272 43768123 46380 1184 9 47 4 0 0 0 0 5 3
27.945 11 ROTORCRAFT_FP 422 -194 283 120 -17 26 276 92 -2249 -844 107 204 -2783 5730 521
27.949 11 POS_CTRL 1.575875 -0.701375 1.539062 -0.75 0.060988 0.036812 0.048625 16 1.773711 1.734886 -0.369083 0.499967 0.487276 -0.111934 3.4e-05 3.1e-05 1.5e-05 0.709938 0.703461 -0.095678 0.475183 0.469999 -0.07 0.474784 -0.061985
27.995 11 INS -194 427 -284 -31457 246415 -47145 412 -734 646
28.046 11 WINDTUNNEL 0 0.487306 -0.111941 1.644398 -0.717115 10.139976
28.096 11 GPS_INT 392433285 30036353 500219776 519906271 43768139 46395 1199 2 48 -1 0 0 0 0 5 3
28.098 11 ENERGY 10.7 4.153 640 44.437099
28.117 11 WP_MOVED_ENU 2 35 -135 768
28.195 11 ROTORCRAFT_FP 453 -197 284 125 -15 -7 306 265 -2407 -844 107 204 -8735 5826 521
28.201 11 POS_CTRL 1.697694 -0.729358 1.75 -0.769531 0.065953 -0.052306 0.040173 16 1.786601 1.749939 -0.360078 2.894681 -2.887724 0.200565 54.230957 -53.999969 4.999985 0.393715 -0.393641 -0.007679 0.493658 0.489998 -0.059999 0.498542 -0.054697
28.241 11 LINK_REPORT 11 -1 10594 0 9953408 178140 0 1398. 25. 631842 1.73
28.245 11 INS -199 458 -283 -31457 256900 9987 285 -228 -286
28.318 11 WINDTUNNEL 0 0.487306 -0.111941 1.766217 -0.745099 10.38996
28.318 11 ALIVE 199,46,77,35,184,175,54,147,117,161,102,180,3,122,23,240
28.346 11 GPS_INT 392433285 30036365 500219775 519906269 43768156 46392 1196 0 52 -5 0 0 0 0 5 3
28.410 11 DL_VALUE 26 5.
28.445 11 ROTORCRAFT_FP 486 -204 283 168 -23 -3 178 161 -3240 -844 107 204 -3368 5798 522
28.450 11 POS_CTRL 1.819512 -0.757342 1.867188 -0.789062 0.057264 -0.047675 0.031721 16 1.7729 1.737705 -0.351505 0.348018 0.33182 -0.104939 8.49201 8.025421 -2.776123 0.582757 0.573181 -0.105211 0.666106 0.659998 -0.089998 0.66652 -0.080631
28.495 11 INS -204 494 -283 -41943 267386 11573 488 -1944 -232
28.546 11 WINDTUNNEL 0 0.487306 -0.111941 1.888035 -0.773082 10.639944
28.596 11 GPS_INT 392433285 30036379 500219773 519906267 43768177 46384 1189 -2 50 -9 0 0 0 0 5 3
28.695 11 ROTORCRAFT_FP 519 -207 279 120 -20 -14 174 149 -2855 -844 107 204 -2021 5843 522
28.701 11 POS_CTRL 1.941331 -0.785325 2.019531 -0.808594 0.081588 -0.0782 0.023268 16 1.759066 1.725045 -0.344285 0.647475 -0.637726 -0.111935 18.000031 -18.000031 -1.5e-05 0.272774 0.247995 -0.113596 0.476759 0.469999 -0.08 0.479363 -0.070269
28.745 11 INS -207 524 -278 -41943 246415 36799 -1348 1596 344
28.809 11 WINDTUNNEL 0 0.487306 -0.111941 2.009854 -0.801066 10.889928
28.846 11 GPS_INT 392433285 30036391 500219770 519906266 43768194 46367 1171 -3 47 -11 0 0 0 0 5 3
28.905 11 ROTORCRAFT_STATUS 0 188 0 29 3 13 1 1 8 5 107 4754
28.945 11 ROTORCRAFT_FP 547 -212 274 120 -20 -20 225 199 -2520 -844 107 204 -4884 5886 522
28.949 11 POS_CTRL 2.06315 -0.813309 2.128906 -0.828125 0.067405 -0.065756 0.014816 16 1.743961 1.710369 -0.340643 0.333889 -0.325226 0.075565 13.341723 -13.000061 3. 0.355721 0.349787 -0.064707 0.476759 0.469999 -0.08 0.472445 -0.075191
28.995 11 INS -212 555 -272 -47185 251658 37878 74 -396 -113
29.046 11 WINDTUNNEL 0 0.487306 -0.111941 2.131673 -0.82905 11.139912
29.096 11 GPS_INT 392433284 30036403 500219767 519906264 43768212 46340 1145 -2 47 -11 0 0 0 0 5 3
29.195 11 ROTORCRAFT_FP 581 -217 269 115 -20 -15 181 158 -2853 -844 107 204 -1538 5886 522
29.201 11 POS_CTRL 2.184969 -0.841292 2.25 -0.847656 0.065342 -0.065031 0.006364 16 1.731507 1.698072 -0.338626 0.512888 -0.512722 0.013066 16.124456 -15.999939 2.000015 0.30458 0.290573 -0.091303 0.457055 0.449999 -0.08 0.459422 -0.075225
29.242 11 LINK_REPORT 11 -1 10595 0 9954769 178163 0 1361. 23. 631901 1.73
29.245 11 INS -217 586 -267 -52428 251658 38223 -343 -69 -311
29.316 11 WINDTUNNEL 0 0.487306 -0.111941 2.253492 -0.857033 11.389896
29.338 11 ROTORCRAFT_NAV_STATUS 12 12 2.2 0. 15 3 0
29.346 11 GPS_INT 392433283 30036414 500219764 519906262 43768229 46320 1125 -3 46 -13 0 0 0 0 5 3
29.414 11 WP_MOVED_ENU 3 30 -135 768
29.445 11 ROTORCRAFT_FP 609 -222 262 115 -20 -20 211 218 -2628 -844 107 204 -3275 5938 523
29.450 11 POS_CTRL 2.306787 -0.869276 2.316406 -0.847656 0.023663 -0.009619 -0.02162 16 1.722569 1.688397 -0.341407 0.499969 0.487278 -0.111935 6.3e-05 6.1e-05 -1.5e-05 0.662119 0.643084 -0.157621 0.457055 0.449999 -0.08 0.450977 -0.077385
29.495 11 INS -225 616 -260 -47185 230686 37551 1117 -756 -1019
29.510 11 DL_VALUE 27 0.5
29.546 11 WINDTUNNEL 0 0.487306 -0.111941 2.37531 -0.885017 11.63988
29.596 11 GPS_INT 392433282 30036427 500219761 519906260 43768247 46294 1098 -1 47 -11 0 0 0 0 5 3
29.695 11 ROTORCRAFT_FP 640 -227 256 117 -23 -15 227 197 -2409 -844 107 204 -3356 5951 523
29.698 11 POS_CTRL 2.428606 -0.89726 2.457031 -0.878906 0.033835 -0.028425 -0.018353 16 1.713418 1.678659 -0.343372 0.499965 0.487274 -0.111935 18. 18. 0. 0.640381 0.621353 -0.154945 0.46872 0.459999 -0.089998 0.468629 -0.08984
29.746 11 INS -227 645 -255 -52428 241172 36348 -774 -561 41
29.813 11 WINDTUNNEL 0 0.487306 -0.111941 2.497129 -0.913 11.889864
29.846 11 GPS_INT 392433282 30036438 500219758 519906258 43768263 46278 1083 0 47 -11 0 0 0 0 5 3
29.945 11 ROTORCRAFT_FP 670 -232 252 151 -35 -6 203 231 -2745 -844 107 204 -3354 5945 523
29.949 11 POS_CTRL 2.550425 -0.925243 2.566406 -0.898438 0.031208 -0.015981 -0.026806 16 1.705182 1.669103 -0.348915 0.499965 0.487274 -0.111935 12.369321 12. -3.000015 0.652164 0.63093 -0.16506 0.606381 0.589998 -0.139999 0.596724 -0.131843
29.995 11 INS -238 678 -251 -57671 251658 19193 581 -1068 -3
30.046 11 WINDTUNNEL 0 0.487306 -0.111941 2.618948 -0.940984 12.139848
30.076 11 WIND_INFO 11 42 0. 0. 0.
30.096 11 GPS_INT 392433283 30036451 500219755 519906256 43768282 46266 1070 2 48 -9 0 0 0 0 5 3
30.105 11 ROTORCRAFT_STATUS 0 188 0 30 3 13 1 1 8 5 106 4755
30.137 11 DATALINK_REPORT 0 21670 53226 1387 0
30.195 11 ROTORCRAFT_FP 704 -240 250 117 -25 1 168 150 -2930 -844 107 204 -4254 5924 523
30.199 11 POS_CTRL 2.672244 -0.953227 2.726562 -0.9375 0.05655 -0.054319 -0.015727 16 1.694461 1.657042 -0.35413 0.122502 0.049774 -0.111935 12.041595 9. -8. 0.483432 0.457726 -0.155544 0.470743 0.459999 -0.099998 0.467103 -0.093237
30.238 11 INS_REF 392433170 30036171 500219735 519906340 43767889 45278 82 0.
30.243 11 LINK_REPORT 11 -1 10596 0 9956200 178189 0 1431. 26. 631962 1.73
30.245 11 INS -243 706 -250 -52428 235929 -3864 -101 -541 -179
30.296 11 WINDTUNNEL 0 0.487306 -0.111941 2.738863 -0.96853 12.385926
30.340 11 STATE_FILTER_STATUS 3 3 0
30.345 11 GPS_INT 392433284 30036462 500219754 519906254 43768298 46263 1067 4 46 -4 0 0 0 0 5 3
30.416 11 ALIVE 199,46,77,35,184,175,54,147,117,161,102,180,3,122,23,240
30.420 11 PONG 
30.445 11 ROTORCRAFT_FP 732 -248 251 112 -23 15 211 215 -2862 -844 107 204 -3376 5889 524
30.449 11 POS_CTRL 2.794062 -0.98121 2.808594 -0.957031 0.02821 -0.014531 -0.024179 16 1.688143 1.649313 -0.359992 0.499965 0.487274 -0.111934 15.811383 15. -4.999985 0.648002 0.626444 -0.165756 0.449109 0.439999 -0.089998 0.444109 -0.086511
30.495 11 INS -250 739 -251 -47185 235929 -35657 610 186 3
30.547 11 WINDTUNNEL 0 0.487306 -0.111941 2.862585 -0.996951 12.639816
30.596 11 GPS_INT 392433285 30036473 500219753 519906252 43768313 46273 1077 7 47 -2 0 0 0 0 5 3
30.599 11 ENERGY 10.6 4.276 643 45.325603
30.610 11 DL_VALUE 28 -0.8
30.695 11 ROTORCRAFT_FP 760 -253 254 117 -23 15 197 195 -3711 -844 107 204 -3369 5873 524
30.699 11 POS_CTRL 2.915881 -1.009194 2.917969 -0.976562 0.032698 -0.002088 -0.032631 16 1.68387 1.643718 -0.365527 0.499965 0.487274 -0.111933 12.999939 12.999939 3.1e-05 0.661033 0.637209 -0.175869 0.46872 0.459999 -0.089998 0.46405 -0.087714
30.713 11 WP_MOVED_ENU 4 753 -260 208
30.746 11 INS -253 768 -254 -41943 241172 -33551 -457 -380 -102
30.816 11 WINDTUNNEL 0 0.487306 -0.111941 2.984404 -1.024935 12.8898
30.845 11 GPS_INT 392433287 30036486 500219753 519906249 43768332 46286 1091 6 47 -1 0 0 0 0 5 3
30.938 11 ROTORCRAFT_NAV_STATUS 13 13 3. 0. 15 3 0
30.944 11 ROTORCRAFT_FP 791 -258 256 120 -20 7 228 295 -3294 -844 107 204 -10944 5894 524
30.950 11 POS_CTRL 3.0377 -1.037178 3.078125 -1. 0.054921 -0.040425 -0.037178 16 1.694596 1.652221 -0.376592 2.091833 -2.075226 0.263065 41.43676 -41.000061 6. 0.181858 -0.167326 -0.071234 0.476759 0.469999 -0.08 0.476311 -0.077062
30.995 11 INS -261 796 -257 -41943 246415 -26506 -390 -469 -457
31.046 11 WINDTUNNEL 0 0.487306 -0.111941 3.106223 -1.052918 13.139784
31.096 11 GPS_INT 392433288 30036497 500219752 519906248 43768348 46293 1097 6 50 -2 0 0 0 0 5 3
31.195 11 ROTORCRAFT_FP 819 -263 262 130 -23 36 136 256 -3629 -844 107 204 -3343 5782 524
31.201 11 POS_CTRL 3.159519 -1.065161 3.179688 -1.027344 0.042859 -0.020169 -0.037817 16 1.689502 1.644791 -0.386109 0.487453 0.487278 0.013065 11.1804 11.000061 2. 0.63729 0.619452 -0.149729 0.521726 0.509998 -0.109999 0.510852 -0.103671
31.243 11 LINK_REPORT 11 -1 10597 0 9957614 178216 0 1414. 27. 632023 1.94
31.245 11 INS -266 829 -263 -52428 267386 -67912 385 1134 220
31.296 11 WINDTUNNEL 0 0.487306 -0.111941 3.228042 -1.080902 13.389768
31.312 11 ROTORCRAFT_STATUS 0 188 0 30 3 13 1 1 8 5 107 4756
31.345 11 GPS_INT 392433291 30036511 500219752 519906245 43768368 46318 1123 10 51 0 0 0 0 0 5 3
31.445 11 ROTORCRAFT_FP 855 -273 265 125 -30 14 140 209 -3001 -844 107 204 -2022 5818 525
31.451 11 POS_CTRL 3.281337 -1.093145 3.316406 -1.058594 0.04923 -0.035069 -0.034551 16 1.688434 1.641449 -0.395541 0.580168 -0.575226 0.075567 17.262682 -17. 3.000031 0.313291 0.284798 -0.130543 0.504478 0.489998 -0.119999 0.492437 -0.111388
31.495 11 INS -273 860 -266 -62914 251658 -24916 1605 10 53
31.547 11 WINDTUNNEL 0 0.487306 -0.111941 3.34986 -1.108886 13.639752
31.596 11 GPS_INT 392433293 30036522 500219751 519906243 43768384 46330 1134 8 49 -5 0 0 0 0 5 3
31.695 11 ROTORCRAFT_FP 883 -279 268 120 -33 11 198 216 -2806 -844 107 204 -4040 5815 525
31.701 11 POS_CTRL 3.403156 -1.121128 3.4375 -1.089844 0.046457 -0.034344 -0.031285 16 1.682488 1.633406 -0.403424 0.207546 0.174774 -0.111935 4.24264 3. -3. 0.541045 0.508108 -0.185892 0.487647 0.469999 -0.129999 0.474021 -0.125262
31.710 11 DL_VALUE 29 400.
31.745 11 INS -281 893 -267 -73400 246415 -19138 -88 686 281
31.811 11 WINDTUNNEL 0 0.487306 -0.111941 3.469776 -1.136432 13.88583
31.845 11 GPS_INT 392433295 30036535 500219749 519906239 43768403 46333 1138 8 48 -8 0 0 0 0 5 3
31.945 11 ROTORCRAFT_FP 919 -289 268 148 -40 3 184 194 -3047 -844 107 204 -1498 5830 525
31.950 11 POS_CTRL 3.524975 -1.149112 3.566406 -1.128906 0.046096 -0.041431 -0.020206 16 1.678999 1.627985 -0.410735 0.609189 -0.575226 0.200565 17.720045 -17. 5. 0.286748 0.274395 -0.083256 0.601662 0.579998 -0.16 0.582174 -0.153747
31.995 11 INS -291 921 -268 -73400 241172 -5633 -190 373 -50
32.013 11 WP_MOVED_ENU 5 -844 107 204
32.046 11 WINDTUNNEL 0 0.487306 -0.111941 3.593498 -1.164853 14.13972
32.096 11 GPS_INT 392433297 30036547 500219747 519906236 43768419 46331 1135 5 46 -9 0 0 0 0 5 3
32.195 11 ROTORCRAFT_FP 944 -296 268 112 -33 -2 179 271 -2878 -844 107 204 -3183 5851 525
32.199 11 POS_CTRL 3.646794 -1.177095 3.566406 -1.128906 0.093725 0.080387 -0.048189 16 1.689731 1.636661 -0.420159 0.499965 0.487274 -0.111935 3.1e-05 0. -3.1e-05 0.747055 0.717567 -0.207817 0.458801 0.439999 -0.129999 0.444872 -0.127918
32.243 11 LINK_REPORT 11 -1 10598 0 9958971 178239 0 1357. 23. 632082 1.94
32.245 11 INS -299 952 -266 -78643 230686 25517 -15 -926 231
32.296 11 WINDTUNNEL 0 0.487306 -0.111941 3.715317 -1.192836 14.389704
32.345 11 GPS_INT 392433298 30036559 500219744 519906233 43768437 46319 1123 3 45 -15 0 0 0 0 5 3
32.445 11 ROTORCRAFT_FP 977 -307 261 115 -38 -26 265 289 -3053 -844 107 204 -2891 5952 526
32.448 11 POS_CTRL 3.768612 -1.205079 3.566406 -1.128906 0.216078 0.202206 -0.076173 16 1.731727 1.675792 -0.436578 0.499965 0.487274 -0.111935 6.1e-05 -6.1e-05 0. 0.884514 0.851126 -0.240726 0.47434 0.449999 -0.15 0.457132 -0.148057
32.496 11 INS -307 980 -260 -83886 241172 51761 -192 -441 -931
32.503 11 ROTORCRAFT_STATUS 0 188 0 29 3 13 1 1 8 5 107 4757
32.516 11 ALIVE 199,46,77,35,184,175,54,147,117,161,102,180,3,122,23,240
32.538 11 ROTORCRAFT_NAV_STATUS 15 15 3.8 0. 15 3 0
32.546 11 WINDTUNNEL 0 0.487306 -0.111941 3.837135 -1.22082 14.639688
32.596 11 GPS_INT 392433299 30036570 500219740 519906230 43768453 46296 1100 3 49 -15 0 0 0 0 5 3
32.695 11 ROTORCRAFT_FP 1003 -317 258 127 -35 4 279 215 -2223 -844 107 204 -3216 5881 526
32.699 11 POS_CTRL 3.890431 -1.233063 3.867188 -1.226562 0.024135 0.023244 -0.0065 16 1.731758 1.675184 -0.439025 0.499965 0.487274 -0.111935 12.206506 9.999939 -7. 0.693591 0.67198 -0.171787 0.519228 0.499998 -0.139999 0.50546 -0.135986
32.746 11 INS -320 1013 -258 -73400 267386 -19374 -492 -648 -135
32.796 11 WINDTUNNEL 0 0.487306 -0.111941 3.958954 -1.248803 14.889672
32.820 11 DL_VALUE 30 400.
32.845 11 GPS_INT 392433300 30036584 500219737 519906226 43768473 46293 1097 7 53 -9 0 0 0 0 5 3
32.937 11 AUTOPILOT_VERSION 50600 v5.6.0_stable-39-ga52ba85-dirty
32.945 11 ROTORCRAFT_FP 1039 -327 258 130 -38 2 190 164 -2392 -844 107 204 -3308 5872 526
32.949 11 POS_CTRL 4.01225 -1.261046 4.007812 -1.257812 0.005491 0.004437 -0.003234 16 1.730567 1.673781 -0.439679 0.468719 0.456821 -0.104939 17.682693 17.025452 -4.776154 0.664835 0.643618 -0.166618 0.5316 0.509998 -0.15 0.512378 -0.14338
32.995 11 INS -330 1044 -258 -73400 267386 -141 480 -1049 -63
33.054 11 WINDTUNNEL 0 0.487306 -0.111941 4.080773 -1.276787 15.139656
33.104 11 GPS_INT 392433302 30036598 500219735 519906223 43768493 46295 1099 7 50 -6 0 0 0 0 5 3
33.106 11 ENERGY 10.6 4.266 646 45.219601
33.203 11 ROTORCRAFT_FP 1075 -337 258 120 -28 3 293 134 -1734 -844 107 204 -3316 5875 526
33.207 11 POS_CTRL 4.134068 -1.28903 4.148438 -1.296875 0.016371 -0.014369 0.007845 16 1.723631 1.667557 -0.436071 0.499965 0.487274 -0.111935 18.110771 18. -2. 0.651179 0.63208 -0.156555 0.4827 0.469999 -0.109999 0.474784 -0.105091
33.244 11 LINK_REPORT 11 -1 10599 0 9960415 178265 0 1444. 26. 632142 1.94
33.253 11 INS -337 1077 -258 -62914 251658 -14073 365 541 -45
33.315 11 WINDTUNNEL 0 0.487306 -0.111941 4.202591 -1.304771 15.38964
33.319 11 WP_MOVED_ENU 6 980 -312 209
33.353 11 GPS_INT 392433304 30036609 500219734 519906220 43768509 46298 1103 6 50 -3 0 0 0 0 5 3
33.453 11 ROTORCRAFT_FP 1105 -343 261 125 -23 13 236 179 -2307 -844 107 204 -3253 5832 527
33.458 11 POS_CTRL 4.255888 -1.317013 4.257812 -1.328125 0.011277 -0.001925 0.011112 16 1.718209 1.66298 -0.432134 0.499965 0.487274 -0.111935 15.296939 14.999878 -3. 0.660893 0.64315 -0.152107 0.498194 0.489998 -0.089998 0.494726 -0.081662
33.503 11 INS -345 1111 -262 -41943 256900 -11635 724 -406 831
33.548 11 STATE_FILTER_STATUS 3 3 0
33.554 11 WINDTUNNEL 0 0.487306 -0.111941 4.32441 -1.332754 15.639624
33.604 11 GPS_INT 392433305 30036622 500219733 519906218 43768527 46304 1108 1 50 -4 0 0 0 0 5 3
33.703 11 ROTORCRAFT_FP 1134 -348 260 120 -17 -5 193 215 -2664 -844 107 204 -3323 5883 527
33.707 11 POS_CTRL 4.377706 -1.344997 4.386719 -1.347656 0.009397 -0.009013 0.002659 16 1.708165 1.653457 -0.428846 0.499965 0.487274 -0.111935 5. 5. 0. 0.653003 0.633205 -0.159575 0.475183 0.469999 -0.07 0.477837 -0.067508
33.712 11 ROTORCRAFT_STATUS 0 188 0 30 3 13 1 1 8 5 106 4758
33.753 11 INS -348 1144 -260 -41943 241172 18102 1713 -247 649
33.818 11 WINDTUNNEL 0 0.487306 -0.111941 4.446229 -1.360738 15.889608
33.854 11 GPS_INT 392433305 30036634 500219731 519906217 43768546 46296 1101 0 47 -9 0 0 0 0 5 3
33.916 11 DL_VALUE 31 350.
33.952 11 ROTORCRAFT_FP 1167 -353 256 117 -23 -20 198 242 -2820 -844 107 204 -3361 5941 527
33.956 11 POS_CTRL 4.499525 -1.37298 4.507812 -1.367188 0.010111 -0.008287 -0.005793 16 1.702145 1.647288 -0.428647 0.499972 0.487282 -0.111933 15.132863 15.000122 -1.999969 0.654019 0.632082 -0.167967 0.46872 0.459999 -0.089998 0.469392 -0.081984
34.003 11 INS -355 1172 -255 -47185 241172 42787 -339 860 -13
34.055 11 WINDTUNNEL 0 0.487306 -0.111941 4.568048 -1.388721 16.139592
34.104 11 GPS_INT 392433305 30036645 500219728 519906215 43768562 46276 1081 -2 46 -13 0 0 0 0 5 3
34.146 11 ROTORCRAFT_NAV_STATUS 17 17 4.6 0. 15 3 0
34.203 11 ROTORCRAFT_FP 1195 -358 252 117 -30 -9 192 261 -2722 -844 107 204 -3349 5930 527
34.211 11 POS_CTRL 4.621344 -1.400964 4.617188 -1.386719 0.014839 0.004156 -0.014245 16 1.697061 1.64179 -0.429585 0.499965 0.487274 -0.111935 10. 10. 0. 0.666716 0.642874 -0.176701 0.475393 0.459999 -0.119999 0.468629 -0.114472
34.245 11 LINK_REPORT 11 -1 10600 0 9961803 178290 0 1388. 25. 632202 1.94
34.253 11 INS -360 1203 -251 -57671 235929 18512 -200 -498 -116
34.318 11 WINDTUNNEL 0 0.487306 -0.111941 4.689867 -1.416705 16.389576
34.355 11 GPS_INT 392433305 30036658 500219724 519906212 43768580 46252 1057 0 47 -15 0 0 0 0 5 3
34.453 11 ROTORCRAFT_FP 1228 -368 246 117 -33 -22 237 291 -3209 -844 107 204 -3007 5995 528
34.460 11 POS_CTRL 4.743162 -1.428948 4.617188 -1.386719 0.132864 0.125975 -0.042229 16 1.718491 1.661863 -0.437519 0.499965 0.487274 -0.111935 0. 0. 0. 0.798046 0.770716 -0.207064 0.478016 0.459999 -0.129999 0.468629 -0.12063
34.503 11 INS -368 1231 -244 -68157 241172 52248 -753 881 226
34.554 11 WINDTUNNEL 0 0.487306 -0.111941 4.811686 -1.444688 16.63956
34.604 11 GPS_INT 392433305 30036669 500219721 519906209 43768596 46229 1034 0 49 -16 0 0 0 0 5 3
34.618 11 WP_MOVED_ENU 7 1297 -366 721
34.623 11 ALIVE 199,46,77,35,184,175,54,147,117,161,102,180,3,122,23,240
34.703 11 ROTORCRAFT_FP 1256 -376 239 127 -28 -15 300 275 -2532 -844 107 204 -3312 6013 528
34.710 11 POS_CTRL 4.834527 -1.449935 4.828125 -1.4375 0.013986 0.006402 -0.012435 16 1.727947 1.670536 -0.441713 0.499965 0.487274 -0.111935 55.542656 53.999878 -13. 0.677682 0.653744 -0.178528 0.511955 0.499998 -0.109999 0.508513 -0.104561
34.753 11 INS -376 1267 -239 -57671 272629 9269 872 -95 -1528
34.822 11 WINDTUNNEL 0 0.487306 -0.111941 4.895436 -1.463927 0.
34.854 11 GPS_INT 392433306 30036683 500219718 519906207 43768616 46224 1029 13 53 6 0 0 0 0 5 3
34.910 11 ROTORCRAFT_STATUS 0 17 0 30 3 13 1 1 4 5 106 4760
34.953 11 ROTORCRAFT_FP 1290 -381 249 199229 -41943 253720 -407 -368 -1938 30 -135 768 -2419 8476 528
34.960 11 POS_CTRL 0. 0. 0. 0. 0. 0. 0. 16 0. 0. 0. 0. 0. 0. 0. 0. 0. 0. 0. 0. 0. 0. 0. 0. 0.
35.003 11 INS -381 1292 -256 -26214 162529 -311674 543 -3244 -1631
35.016 11 DL_VALUE 32 75.
35.054 11 WINDTUNNEL 0 0.487306 -0.111941 4.895436 -1.463927 0.
35.104 11 GPS_INT 392433313 30036690 500219726 519906206 43768626 46334 1138 40 0 52 0 0 0 0 5 3
35.203 11 ROTORCRAFT_FP 1287 -378 292 -272629 36700 439182 -1341 -1176 -2115 30 -135 768 -2419 7842 528
35.207 11 POS_CTRL 0. 0. 0. 0. 0. 0. 0. 16 0. 0. 0. 0. 0. 0. 0. 0. 0. 0. 0. 0. 0. 0. 0. 0. 0.
35.245 11 DATALINK_REPORT 0 21975 53355 1415 0
35.248 11 LINK_REPORT 11 -1 10601 0 9963198 178315 0 1395. 25. 632261 1.94
35.253 11 INS -378 1272 -304 73400 -461373 -469158 1100 -5255 -723
35.321 11 WINDTUNNEL 0 0.487306 -0.111941 4.895436 -1.463927 0.
35.345 11 INS_REF 392433170 30036171 500219735 519906340 43767889 45278 82 0.
35.354 11 GPS_INT 392433326 30036669 500219747 519906209 43768594 46565 1369 60 -165 107 0 0 0 0 5 3
35.420 11 PONG 
35.453 11 ROTORCRAFT_FP 1198 -363 352 -907017 162529 498535 -972 -1005 -2193 30 -135 768 -2419 6871 529
35.457 11 POS_CTRL 0. 0. 0. 0. 0. 0. 0. 16 0. 0. 0. 0. 0. 0. 0. 0. 0. 0. 0. 0. 0. 0. 0. 0. 0.
35.504 11 INS -363 1182 -363 178257 -964689 -485104 1367 -3457 503
35.554 11 WINDTUNNEL 0 0.487306 -0.111941 4.895436 -1.463927 0.
35.604 11 GPS_INT 392433335 30036627 500219768 519906216 43768532 46769 1573 33 -211 89 0 0 0 0 5 3
35.606 11 ENERGY 10.6 5.182 649 54.929203
35.703 11 ROTORCRAFT_FP 1070 -340 404 -1258290 246415 400738 -1016 -916 -2191 30 -135 768 -2419 6689 529
35.710 11 POS_CTRL 0. 0. 0. 0. 0. 0. 0. 16 0. 0. 0. 0. 0. 0. 0. 0. 0. 0. 0. 0. 0. 0. 0. 0. 0.
35.745 11 ROTORCRAFT_NAV_STATUS 1 1 4.1 4.1 5 1 0
35.754 11 INS -332 1026 -412 267386 -1342176 -373785 -1056 -2440 1325
35.819 11 WINDTUNNEL 0 0.487306 -0.111941 4.895436 -1.463927 0.
35.856 11 GPS_INT 392433341 30036561 500219791 519906228 43768434 46955 1760 15 -274 84 0 0 0 0 5 3
35.917 11 WP_MOVED_ENU 8 -215 -1331 721
35.955 11 ROTORCRAFT_FP 885 -304 444 -1509948 304086 331424 -554 -520 -2310 30 -135 768 -2419 6472 529
35.960 11 POS_CTRL 0. 0. 0. 0. 0. 0. 0. 16 0. 0. 0. 0. 0. 0. 0. 0. 0. 0. 0. 0. 0. 0. 0. 0. 0.
36.004 11 INS -296 862 -452 314572 -1515190 -330137 2133 406 -573
36.054 11 WINDTUNNEL 0 0.487306 -0.111941 4.895436 -1.463927 0.
36.104 11 GPS_INT 392433344 30036493 500219810 519906241 43768336 47094 1898 8 -293 83 0 0 0 0 5 3
36.111 11 ROTORCRAFT_STATUS 0 136 0 29 3 13 1 1 4 5 106 4761
36.116 11 DL_VALUE 33 75.
36.203 11 ROTORCRAFT_FP 711 -266 482 -1509948 325058 323675 -176 -72 -2378 30 -135 768 -2419 6379 529
36.207 11 POS_CTRL 0. 0. 0. 0. 0. 0. 0. 16 0. 0. 0. 0. 0. 0. 0. 0. 0. 0. 0. 0. 0. 0. 0. 0. 0.
36.246 11 LINK_REPORT 11 -1 10602 0 9964640 178342 0 1442. 27. 632321 1.97
36.254 11 INS -256 663 -489 325058 -1488976 -322290 1642 1106 -882
36.327 11 WINDTUNNEL 0 0.487306 -0.111941 4.895436 -1.463927 0.
36.353 11 GPS_INT 392433346 30036417 500219833 519906256 43768226 47249 2053 10 -273 84 0 0 0 0 5 3
36.453 11 ROTORCRAFT_FP 524 -225 519 -1368390 298843 320129 37 216 -2413 30 -135 768 -2419 6378 530
36.457 11 POS_CTRL 0. 0. 0. 0. 0. 0. 0. 16 0. 0. 0. 0. 0. 0. 0. 0. 0. 0. 0. 0. 0. 0. 0. 0. 0.
36.505 11 INS -220 501 -526 293601 -1342176 -317722 -604 1873 285
36.554 11 WINDTUNNEL 0 0.487306 -0.111941 4.895436 -1.463927 0.
36.604 11 GPS_INT 392433349 30036358 500219852 519906267 43768139 47390 2195 14 -238 79 0 0 0 0 5 3
36.703 11 ROTORCRAFT_FP 381 -194 557 -1153432 251658 319507 218 368 -2400 30 -135 768 -2419 6374 530
36.707 11 POS_CTRL 0. 0. 0. 0. 0. 0. 0. 16 0. 0. 0. 0. 0. 0. 0. 0. 0. 0. 0. 0. 0. 0. 0. 0. 0.
36.722 11 ALIVE 199,46,77,35,184,175,54,147,117,161,102,180,3,122,23,240
36.747 11 STATE_FILTER_STATUS 3 3 0
36.753 11 INS -184 345 -565 235929 -1085275 -318663 -2527 1827 661
36.818 11 WINDTUNNEL 0 0.487306 -0.111941 4.895436 -1.463927 0.
36.853 11 GPS_INT 392433354 30036302 500219872 519906278 43768058 47554 2359 21 -187 75 0 0 0 0 5 3
36.953 11 ROTORCRAFT_FP 250 -163 596 -891288 193986 327784 245 433 -2366 30 -135 768 -2419 6313 530
36.958 11 POS_CTRL 0. 0. 0. 0. 0. 0. 0. 16 0. 0. 0. 0. 0. 0. 0. 0. 0. 0. 0. 0. 0. 0. 0. 0. 0.
37.005 11 INS -161 238 -605 188743 -859831 -323440 583 1758 -438
37.054 11 WINDTUNNEL 0 0.487306 -0.111941 4.895436 -1.463927 0.
37.105 11 GPS_INT 392433359 30036264 500219889 519906286 43768002 47698 2502 24 -144 68 0 0 0 0 5 3
37.205 11 ROTORCRAFT_FP 166 -145 635 -676330 141557 324204 247 461 -2391 30 -135 768 -2419 6232 530
37.209 11 POS_CTRL 0. 0. 0. 0. 0. 0. 0. 16 0. 0. 0. 0. 0. 0. 0. 0. 0. 0. 0. 0. 0. 0. 0. 0. 0.
37.216 11 WP_MOVED_ENU 9 -1167 192 724
37.218 11 DL_VALUE 34 50.
37.247 11 LINK_REPORT 11 -1 10603 0 9966007 178366 0 1367. 24. 632381 1.97
37.254 11 INS -143 143 -645 131071 -618659 -330265 448 1172 -180
37.324 11 WINDTUNNEL 0 0.487306 -0.111941 4.895436 -1.463927 0.
37.324 11 ROTORCRAFT_STATUS 0 136 0 30 3 13 1 1 4 5 106 4762
37.345 11 ROTORCRAFT_NAV_STATUS 3 3 0.4 0.4 5 1 0
37.354 11 GPS_INT 392433365 30036236 500219904 519906291 43767960 47842 2647 28 -105 60 0 0 0 0 5 3
37.454 11 ROTORCRAFT_FP 99 -133 673 -487587 89128 309812 238 405 -2388 30 -135 768 -2419 6132 531
37.457 11 POS_CTRL 0. 0. 0. 0. 0. 0. 0. 16 0. 0. 0. 0. 0. 0. 0. 0. 0. 0. 0. 0. 0. 0. 0. 0. 0.
37.504 11 INS -128 84 -682 83886 -440401 -313139 578 387 -498
37.556 11 WINDTUNNEL 0 0.487306 -0.111941 4.895436 -1.463927 0.
37.604 11 GPS_INT 392433373 30036213 500219919 519906295 43767926 47996 2801 28 -69 49 0 0 0 0 5 3
37.704 11 ROTORCRAFT_FP 51 -122 709 -319815 47185 269402 194 372 -2398 30 -135 768 -2419 6052 531
37.709 11 POS_CTRL 0. 0. 0. 0. 0. 0. 0. 16 0. 0. 0. 0. 0. 0. 0. 0. 0. 0. 0. 0. 0. 0. 0. 0. 0.
37.754 11 INS -122 46 -716 47185 -298843 -257805 -388 1431 277
37.823 11 WINDTUNNEL 0 0.487306 -0.111941 4.895436 -1.463927 0.
37.854 11 GPS_INT 392433381 30036198 500219930 519906297 43767904 48127 2931 26 -43 37 0 0 0 0 5 3
37.954 11 ROTORCRAFT_FP 20 -120 738 -209715 20971 216211 167 292 -2390 30 -135 768 -2419 6003 531
37.958 11 POS_CTRL 0. 0. 0. 0. 0. 0. 0. 16 0. 0. 0. 0. 0. 0. 0. 0. 0. 0. 0. 0. 0. 0. 0. 0. 0.
38.004 11 INS -120 12 -743 10485 -183500 -210336 -1128 343 -174
38.054 11 WINDTUNNEL 0 0.487306 -0.111941 4.895436 -1.463927 0.
38.104 11 GPS_INT 392433386 30036190 500219938 519906298 43767892 48219 3023 22 -27 29 0 0 0 0 5 3
38.107 11 ENERGY 10.6 4.373 652 46.353802
38.204 11 ROTORCRAFT_FP 0 -120 761 -125829 0 180247 161 242 -2382 30 -135 768 -2419 5950 531
38.210 11 POS_CTRL 0. 0. 0. 0. 0. 0. 0. 16 0. 0. 0. 0. 0. 0. 0. 0. 0. 0. 0. 0. 0. 0. 0. 0. 0.
38.248 11 LINK_REPORT 11 -1 10604 0 9967375 178389 0 1368. 23. 632440 1.97
38.254 11 INS -117 -2 -765 -5242 -110100 -174378 387 -961 -375
38.319 11 WINDTUNNEL 0 0.487306 -0.111941 4.895436 -1.463927 0.
38.319 11 DL_VALUE 35 300.
38.353 11 GPS_INT 392433391 30036185 500219944 519906298 43767884 48295 3100 20 -16 23 0 0 0 0 5 3
38.454 11 ROTORCRAFT_FP -12 -120 779 -73400 -5242 131467 136 214 -2388 30 -135 768 -2419 5936 532
38.458 11 POS_CTRL 0. 0. 0. 0. 0. 0. 0. 16 0. 0. 0. 0. 0. 0. 0. 0. 0. 0. 0. 0. 0. 0. 0. 0. 0.
38.504 11 INS -117 -15 -782 -10485 -62914 -126079 1110 -849 -64
38.508 11 ROTORCRAFT_STATUS 0 136 0 30 3 13 1 1 4 5 107 4763
38.515 11 WP_MOVED_ENU 10 325 1128 724
38.554 11 WINDTUNNEL 0 0.487306 -0.111941 4.895436 -1.463927 0.
38.604 11 GPS_INT 392433396 30036182 500219949 519906298 43767879 48362 3166 15 -7 16 0 0 0 0 5 3
38.703 11 ROTORCRAFT_FP -17 -117 793 -31457 -10485 103436 133 178 -2394 30 -135 768 -2419 5905 532
38.706 11 POS_CTRL 0. 0. 0. 0. 0. 0. 0. 16 0. 0. 0. 0. 0. 0. 0. 0. 0. 0. 0. 0. 0. 0. 0. 0. 0.
38.754 11 INS -120 -17 -795 -10485 -20971 -93599 205 115 12
38.804 11 WINDTUNNEL 0 0.487306 -0.111941 4.895436 -1.463927 0.
38.823 11 ALIVE 199,46,77,35,184,175,54,147,117,161,102,180,3,122,23,240
38.854 11 GPS_INT 392433399 30036181 500219952 519906297 43767878 48404 3208 10 -2 11 0 0 0 0 5 3
38.945 11 ROTORCRAFT_NAV_STATUS 4 4 0.2 0.2 5 1 0
38.954 11 ROTORCRAFT_FP -20 -122 803 -5242 -10485 66042 108 184 -2399 30 -135 768 -2419 5904 532
38.959 11 POS_CTRL 0. 0. 0. 0. 0. 0. 0. 16 0. 0. 0. 0. 0. 0. 0. 0. 0. 0. 0. 0. 0. 0. 0. 0. 0.
39.004 11 INS -120 -20 -804 -10485 -5242 -61732 -1168 -279 341
39.054 11 WINDTUNNEL 0 0.487306 -0.111941 4.895436 -1.463927 0.
39.104 11 GPS_INT 392433401 30036181 500219954 519906297 43767877 48434 3239 7 2 5 0 0 0 0 5 3
39.204 11 ROTORCRAFT_FP -17 -122 808 10485 -15728 47105 95 190 -2418 30 -135 768 -2419 5910 532
39.209 11 POS_CTRL 0. 0. 0. 0. 0. 0. 0. 16 0. 0. 0. 0. 0. 0. 0. 0. 0. 0. 0. 0. 0. 0. 0. 0. 0.
39.249 11 LINK_REPORT 11 -1 10605 0 9968776 178414 0 1401. 25. 632500 1.97
39.254 11 INS -122 -17 -809 -20971 15728 -42730 1792 -4 287
39.304 11 WINDTUNNEL 0 0.487306 -0.111941 4.895436 -1.463927 0.
39.354 11 GPS_INT 392433403 30036182 500219955 519906296 43767879 48450 3254 5 5 1 0 0 0 0 5 3
39.415 11 DL_VALUE 36 300.
39.454 11 ROTORCRAFT_FP -15 -125 810 20971 -15728 12135 96 156 -2402 30 -135 768 -2419 5934 533
39.458 11 POS_CTRL 0. 0. 0. 0. 0. 0. 0. 16 0. 0. 0. 0. 0. 0. 0. 0. 0. 0. 0. 0. 0. 0. 0. 0. 0.
39.504 11 INS -125 -15 -809 -15728 26214 -3663 801 -104 -160
39.554 11 WINDTUNNEL 0 0.487306 -0.111941 4.895436 -1.463927 0.
39.604 11 GPS_INT 392433404 30036184 500219955 519906295 43767881 48455 3259 2 6 0 0 0 0 0 5 3
39.704 11 ROTORCRAFT_FP -10 -128 811 26214 -15728 9018 75 144 -2415 30 -135 768 -2419 5935 533
39.710 11 POS_CTRL 0. 0. 0. 0. 0. 0. 0. 16 0. 0. 0. 0. 0. 0. 0. 0. 0. 0. 0. 0. 0. 0. 0. 0. 0.
39.710 11 ROTORCRAFT_STATUS 0 136 0 29 3 13 1 1 4 5 106 4764
39.754 11 INS -128 -10 -811 -15728 26214 -10793 56 -1521 -348
39.819 11 WINDTUNNEL 0 0.487306 -0.111941 4.895436 -1.463927 0.
39.820 11 WP_MOVED_ENU 0 10956 10549 768
39.854 11 GPS_INT 392433404 30036186 500219955 519906295 43767883 48456 3260 2 6 -1 0 0 0 0 5 3
39.946 11 STATE_FILTER_STATUS 3 3 0
39.954 11 ROTORCRAFT_FP -7 -128 812 26214 -15728 7635 85 128 -2412 30 -135 768 -2419 5923 533
39.958 11 POS_CTRL 0. 0. 0. 0. 0. 0. 0. 16 0. 0. 0. 0. 0. 0. 0. 0. 0. 0. 0. 0. 0. 0. 0. 0. 0.
40.003 11 INS -128 -5 -810 -15728 26214 5927 1399 978 185
40.054 11 WINDTUNNEL 0 0.487306 -0.111941 4.895436 -1.463927 0.
40.076 11 WIND_INFO 11 42 0. 0. 0.
40.104 11 GPS_INT 392433404 30036187 500219954 519906294 43767886 48453 3257 0 6 -3 0 0 0 0 5 3
40.204 11 ROTORCRAFT_FP -2 -128 810 26214 -15728 -1521 74 143 -2406 30 -135 768 -2419 5943 533
40.209 11 POS_CTRL 0. 0. 0. 0. 0. 0. 0. 16 0. 0. 0. 0. 0. 0. 0. 0. 0. 0. 0. 0. 0. 0. 0. 0. 0.
40.249 11 LINK_REPORT 11 -1 10606 0 9970143 178438 0 1367. 24. 632561 1.97
40.253 11 INS -130 -2 -810 -15728 26214 4705 -596 -161 -132
40.305 11 BLOCK 20 11
40.305 11 WINDTUNNEL 0 0.487306 -0.111941 4.895436 -1.463927 0.
40.346 11 DATALINK_REPORT 0 22282 53481 1379 0
40.354 11 GPS_INT 392433404 30036189 500219953 519906294 43767888 48444 3248 -1 5 -4 0 0 0 0 5 3
40.420 11 PONG 
40.445 11 INS_REF 392433170 30036171 500219735 519906340 43767889 45278 82 0.
40.454 11 ROTORCRAFT_FP 0 -130 808 26214 -10485 -11041 77 111 -2406 30 -135 768 -2419 5969 534
40.459 11 POS_CTRL 0. 0. 0. 0. 0. 0. 0. 16 0. 0. 0. 0. 0. 0. 0. 0. 0. 0. 0. 0. 0. 0. 0. 0. 0.
40.504 11 INS -133 2 -807 -5242 26214 14272 -668 -1130 -81
40.515 11 DL_VALUE 37 300.
40.545 11 ROTORCRAFT_NAV_STATUS 0 0 0.1 0. 22 1 0
40.556 11 WINDTUNNEL 0 0.487306 -0.111941 4.895436 -1.463927 0.
40.604 11 GPS_INT 392433404 30036190 500219952 519906293 43767890 48434 3239 -1 4 -3 0 0 0 0 5 3
40.607 11 ENERGY 10.7 2.89 655 30.923
40.704 11 ROTORCRAFT_FP 5 -133 799 20971 -5242 -198187 67 117 -2405 0 -130 799 -2419 4889 534
40.708 11 POS_CTRL 0. 0. 0. 0. 0. 0. 0. 16 0. 0. 0. 0. 0. 0. 0. 0. 0. 0. 0. 0. 0. 0. 0. 0. 0.
40.753 11 INS -133 5 -793 -10485 26214 246305 384 -630 1404
40.805 11 WINDTUNNEL 0 0.487306 -0.111941 4.895436 -1.463927 0.
40.855 11 GPS_INT 392433397 30036191 500219944 519906293 43767892 48330 3135 -35 1 -46 0 0 0 0 5 3
40.908 11 ROTORCRAFT_STATUS 0 136 0 29 3 13 1 1 4 5 107 4766
40.923 11 ALIVE 199,46,77,35,184,175,54,147,117,161,102,180,3,122,23,240
40.954 11 ROTORCRAFT_FP 5 -133 763 15728 -10485 -359162 54 95 -2409 0 -130 763 -2419 5591 534
40.958 11 POS_CTRL 0. 0. 0. 0. 0. 0. 0. 16 0. 0. 0. 0. 0. 0. 0. 0. 0. 0. 0. 0. 0. 0. 0. 0. 0.
41.004 11 INS -133 5 -754 0 15728 371452 -352 -855 242
41.054 11 WINDTUNNEL 0 0.487306 -0.111941 4.895436 -1.463927 0.
41.106 11 GPS_INT 392433388 30036191 500219931 519906293 43767893 48168 2972 -45 -1 -58 0 0 0 0 5 3
41.113 11 WP_MOVED_ENU 1 30 -135 768
41.204 11 ROTORCRAFT_FP 7 -133 716 10485 -5242 -393549 33 82 -2403 0 -130 716 -2419 5825 534
41.210 11 POS_CTRL 0. 0. 0. 0. 0. 0. 0. 16 0. 0. 0. 0. 0. 0. 0. 0. 0. 0. 0. 0. 0. 0. 0. 0. 0.
41.250 11 LINK_REPORT 11 -1 10607 0 9971623 178467 0 1480. 29. 632623 1.88
41.254 11 INS -133 7 -706 -5242 5242 393573 -883 866 51
41.306 11 WINDTUNNEL 0 0.487306 -0.111941 4.895436 -1.463927 0.
41.354 11 GPS_INT 392433375 30036190 500219915 519906293 43767893 47967 2771 -47 -5 -57 0 0 0 0 5 3
41.454 11 ROTORCRAFT_FP 7 -133 668 -10485 5242 -375266 30 82 -2414 0 -130 668 -2419 5861 535
41.460 11 POS_CTRL 0. 0. 0. 0. 0. 0. 0. 16 0. 0. 0. 0. 0. 0. 0. 0. 0. 0. 0. 0. 0. 0. 0. 0. 0.
41.504 11 INS -133 5 -658 5242 -15728 374877 1205 535 -61
41.556 11 WINDTUNNEL 0 0.487306 -0.111941 4.895436 -1.463927 0.
41.607 11 GPS_INT 392433365 30036189 500219902 519906293 43767892 47798 2603 -44 -7 -55 0 0 0 0 5 3
41.615 11 DL_VALUE 38 30.
41.704 11 ROTORCRAFT_FP 5 -133 623 -26214 5242 -353174 63 90 -2416 0 -130 623 -2419 5832 535
41.711 11 POS_CTRL 0. 0. 0. 0. 0. 0. 0. 16 0. 0. 0. 0. 0. 0. 0. 0. 0. 0. 0. 0. 0. 0. 0. 0. 0.
41.754 11 INS -130 2 -614 5242 -26214 356961 -551 -711 791
41.806 11 WINDTUNNEL 0 0.487306 -0.111941 4.895436 -1.463927 0.
41.854 11 GPS_INT 392433353 30036186 500219887 519906294 43767890 47606 2410 -53 -11 -67 0 0 0 0 5 3
41.954 11 ROTORCRAFT_FP 2 -133 578 -31457 5242 -358838 78 125 -2397 0 -130 578 -2419 5819 535
41.960 11 POS_CTRL 0. 0. 0. 0. 0. 0. 0. 16 0. 0. 0. 0. 0. 0. 0. 0. 0. 0. 0. 0. 0. 0. 0. 0. 0.
42.004 11 INS -130 0 -569 0 -31457 360675 1399 -39 -624
42.056 11 WINDTUNNEL 0 0.487306 -0.111941 4.895436 -1.463927 0.
42.104 11 GPS_INT 392433343 30036184 500219875 519906294 43767888 47449 2253 -44 -8 -56 0 0 0 0 5 3
42.106 11 ROTORCRAFT_STATUS 0 136 0 30 3 13 1 1 4 5 107 4767
42.144 11 ROTORCRAFT_NAV_STATUS 2 2 0.1 0. 22 1 0
42.204 11 ROTORCRAFT_FP 0 -133 533 -26214 0 -360872 76 116 -2443 0 -130 533 -2419 5796 535
42.209 11 POS_CTRL 0. 0. 0. 0. 0. 0. 0. 16 0. 0. 0. 0. 0. 0. 0. 0. 0. 0. 0. 0. 0. 0. 0. 0. 0.
42.250 11 LINK_REPORT 11 -1 10608 0 9972982 178490 0 1359. 23. 632683 1.88
42.254 11 INS -130 -2 -524 5242 -26214 361008 -2019 -98 123
42.305 11 WINDTUNNEL 0 0.487306 -0.111941 4.895436 -1.463927 0.
42.354 11 GPS_INT 392433331 30036182 500219860 519906294 43767886 47263 2067 -44 -7 -55 0 0 0 0 5 3
42.412 11 WP_MOVED_ENU 2 35 -135 768
42.454 11 ROTORCRAFT_FP -5 -128 487 -20971 5242 -377200 95 139 -2401 0 -130 487 -2419 5795 536
42.457 11 POS_CTRL 0. 0. 0. 0. 0. 0. 0. 16 0. 0. 0. 0. 0. 0. 0. 0. 0. 0. 0. 0. 0. 0. 0. 0. 0.
42.504 11 INS -128 -5 -478 0 -20971 376686 -632 -395 638
42.555 11 WINDTUNNEL 0 0.487306 -0.111941 4.895436 -1.463927 0.
42.604 11 GPS_INT 392433320 30036180 500219847 519906294 43767885 47088 1893 -45 -6 -57 0 0 0 0 5 3
42.704 11 ROTORCRAFT_FP -7 -128 439 -15728 0 -389389 88 113 -2417 0 -130 439 -2419 5794 536
42.709 11 POS_CTRL 0. 0. 0. 0. 0. 0. 0. 16 0. 0. 0. 0. 0. 0. 0. 0. 0. 0. 0. 0. 0. 0. 0. 0. 0.
42.714 11 DL_VALUE 39 0.063
42.754 11 INS -128 -7 -429 0 -10485 389976 2012 -249 -232
42.806 11 WINDTUNNEL 0 0.487306 -0.111941 4.895436 -1.463927 0.
42.854 11 GPS_INT 392433310 30036179 500219833 519906294 43767884 46916 1721 -45 -5 -58 0 0 0 0 5 3
42.955 11 ROTORCRAFT_FP -10 -128 391 -10485 0 -397072 76 136 -2411 0 -130 391 -2419 5788 536
42.960 11 POS_CTRL 0. 0. 0. 0. 0. 0. 0. 16 0. 0. 0. 0. 0. 0. 0. 0. 0. 0. 0. 0. 0. 0. 0. 0. 0.
43.004 11 INS -128 -10 -380 0 -10485 396244 -1225 159 -107
43.023 11 ALIVE 199,46,77,35,184,175,54,147,117,161,102,180,3,122,23,240
43.060 11 WINDTUNNEL 0 0.487306 -0.111941 4.895436 -1.463927 0.
43.108 11 GPS_INT 392433298 30036178 500219818 519906294 43767883 46717 1521 -46 -4 -59 0 0 0 0 5 3
43.111 11 ENERGY 10.7 4.163 658 44.544102
43.150 11 STATE_FILTER_STATUS 3 3 0
43.208 11 ROTORCRAFT_FP -10 -130 342 -5242 -10485 -402563 79 131 -2380 0 -130 342 -2419 5784 536
43.214 11 POS_CTRL 0. 0. 0. 0. 0. 0. 0. 16 0. 0. 0. 0. 0. 0. 0. 0. 0. 0. 0. 0. 0. 0. 0. 0. 0.
43.251 11 LINK_REPORT 11 -1 10609 0 9974369 178515 0 1387. 25. 632742 1.88
43.258 11 INS -130 -10 -332 -5242 -5242 407295 -1087 97 505
43.329 11 ROTORCRAFT_STATUS 0 136 0 30 3 13 1 1 4 5 107 4768
43.329 11 WINDTUNNEL 0 0.487306 -0.111941 4.895436 -1.463927 0.
43.359 11 GPS_INT 392433285 30036177 500219801 519906294 43767883 46510 1314 -47 -3 -62 0 0 0 0 5 3
43.461 11 ROTORCRAFT_FP -10 -128 292 -5242 -10485 -403543 88 93 -2425 0 -130 292 -2419 5774 537
43.465 11 POS_CTRL 0. 0. 0. 0. 0. 0. 0. 16 0. 0. 0. 0. 0. 0. 0. 0. 0. 0. 0. 0. 0. 0. 0. 0. 0.
43.508 11 INS -130 -10 -283 -10485 0 400074 1412 522 340
43.559 11 WINDTUNNEL 0 0.487306 -0.111941 4.895436 -1.463927 0.
43.608 11 GPS_INT 392433274 30036176 500219786 519906294 43767883 46326 1130 -48 -4 -63 0 0 0 0 5 3
43.708 11 ROTORCRAFT_FP -10 -130 243 0 -5242 -409522 92 109 -2426 0 -130 243 -2419 5771 537
43.711 11 POS_CTRL 0. 0. 0. 0. 0. 0. 0. 16 0. 0. 0. 0. 0. 0. 0. 0. 0. 0. 0. 0. 0. 0. 0. 0. 0.
43.714 11 WP_MOVED_ENU 3 30 -135 768
43.748 11 ROTORCRAFT_NAV_STATUS 3 3 0.2 0. 22 1 0
43.758 11 INS -128 -10 -232 -5242 0 412579 -1906 -112 -122
43.809 11 WINDTUNNEL 0 0.487306 -0.111941 4.895436 -1.463927 0.
43.826 11 DL_VALUE 40 0.9
43.859 11 GPS_INT 392433262 30036175 500219772 519906294 43767883 46139 943 -49 -3 -63 0 0 0 0 5 3
43.958 11 ROTORCRAFT_FP -10 -130 191 0 0 -418530 83 98 -2402 0 -130 191 -2419 5784 537
43.965 11 POS_CTRL 0. 0. 0. 0. 0. 0. 0. 16 0. 0. 0. 0. 0. 0. 0. 0. 0. 0. 0. 0. 0. 0. 0. 0. 0.
44.008 11 INS -130 -10 -181 -5242 0 412474 -671 211 -666
44.047 11 AUTOPILOT_VERSION 50600 v5.6.0_stable-39-ga52ba85-dirty
44.059 11 WINDTUNNEL 0 0.487306 -0.111941 4.895436 -1.463927 0.
44.108 11 GPS_INT 392433249 30036174 500219755 519906294 43767883 45924 728 -50 -3 -62 0 0 0 0 5 3
44.208 11 ROTORCRAFT_FP -7 -128 141 0 0 -404305 60 125 -2433 0 -130 141 -2419 5761 537
44.214 11 POS_CTRL 0. 0. 0. 0. 0. 0. 0. 16 0. 0. 0. 0. 0. 0. 0. 0. 0. 0. 0. 0. 0. 0. 0. 0. 0.
44.252 11 LINK_REPORT 11 -1 10610 0 9975789 178540 0 1420. 25. 632802 1.88
44.258 11 INS -130 -10 -130 5242 0 408832 -486 882 367
44.326 11 WINDTUNNEL 0 0.487306 -0.111941 4.895436 -1.463927 0.
44.359 11 GPS_INT 392433236 30036173 500219738 519906294 43767884 45712 516 -49 -3 -61 0 0 0 0 5 3
44.458 11 ROTORCRAFT_FP -7 -130 88 5242 0 -408813 70 149 -2410 0 -130 88 -2419 5775 538
44.465 11 POS_CTRL 0. 0. 0. 0. 0. 0. 0. 16 0. 0. 0. 0. 0. 0. 0. 0. 0. 0. 0. 0. 0. 0. 0. 0. 0.
44.508 11 ROTORCRAFT_STATUS 0 136 0 29 3 13 1 1 4 5 107 4769
44.510 11 INS -130 -7 -78 0 5242 399767 -107 441 -198
44.570 11 WINDTUNNEL 0 0.487306 -0.111941 4.895436 -1.463927 0.
44.609 11 GPS_INT 392433225 30036172 500219724 519906294 43767884 45535 339 -45 -2 -58 0 0 0 0 5 3
44.708 11 ROTORCRAFT_FP -7 -128 42 0 -10485 -361776 40 96 -2434 0 -130 42 -2419 5684 538
44.713 11 POS_CTRL 0. 0. 0. 0. 0. 0. 0. 16 0. 0. 0. 0. 0. 0. 0. 0. 0. 0. 0. 0. 0. 0. 0. 0. 0.
44.758 11 INS -128 -7 -32 -5242 0 361657 1081 121 -62
44.826 11 WINDTUNNEL 0 0.487306 -0.111941 4.895436 -1.463927 0.
44.858 11 GPS_INT 392433215 30036171 500219711 519906294 43767884 45371 175 -40 -4 -53 0 0 0 0 5 3
44.917 11 DL_VALUE 41 0.04
44.958 11 ROTORCRAFT_FP -10 -130 1 -15728 5242 -275010 128 142 -2390 0 -130 2 -2419 5536 538
44.962 11 POS_CTRL 0. 0. 0. 0. 0. 0. 0. 16 0. 0. 0. 0. 0. 0. 0. 0. 0. 0. 0. 0. 0. 0. 0. 0. 0.
45.008 11 INS -128 -10 3 15728 -31457 22259 -1822 -894 -9979
45.015 11 WP_MOVED_ENU 4 0 -130 209
45.059 11 WINDTUNNEL 0 0.487306 -0.111941 4.895436 -1.463927 0.
45.109 11 GPS_INT 392433210 30036170 500219705 519906295 43767882 45289 93 7 -2 10 0 0 0 0 5 3
45.125 11 ALIVE 199,46,77,35,184,175,54,147,117,161,102,180,3,122,23,240
45.211 11 ROTORCRAFT_FP -10 -128 -7 -5242 -10485 -138930 42 127 -2350 0 -130 -7 -2419 0 538
45.217 11 POS_CTRL 0. 0. 0. 0. 0. 0. 0. 16 0. 0. 0. 0. 0. 0. 0. 0. 0. 0. 0. 0. 0. 0. 0. 0. 0.
45.252 11 LINK_REPORT 11 -1 10611 0 9977169 178564 0 1380. 24. 632862 1.88
45.258 11 INS -128 -10 8 -10485 0 115191 46 15 20
45.325 11 WINDTUNNEL 0 0.487306 -0.111941 4.895436 -1.463927 0.
45.348 11 ROTORCRAFT_NAV_STATUS 1 1 0.2 0. 23 1 3
45.359 11 GPS_INT 392433209 30036170 500219704 519906295 43767882 45275 79 -1 0 -2 0 0 0 0 5 3
45.420 11 PONG 
45.449 11 DATALINK_REPORT 0 22588 53610 1394 0
45.458 11 ROTORCRAFT_FP -10 -128 -6 0 0 -37694 49 119 -2348 0 -130 -6 -2419 0 539
45.464 11 POS_CTRL 0. 0. 0. 0. 0. 0. 0. 16 0. 0. 0. 0. 0. 0. 0. 0. 0. 0. 0. 0. 0. 0. 0. 0. 0.
45.508 11 INS -128 -10 5 0 0 20916 -80 -185 16
45.549 11 INS_REF 392433170 30036171 500219735 519906340 43767889 45278 82 0.
45.559 11 WINDTUNNEL 0 0.487306 -0.111941 4.895436 -1.463927 0.
45.609 11 GPS_INT 392433209 30036170 500219704 519906295 43767882 45275 79 0 0 0 0 0 0 0 5 3
45.611 11 ENERGY 11.1 0. 660 0.
45.707 11 ROTORCRAFT_STATUS 0 136 0 29 3 13 1 0 4 5 111 4770
45.709 11 ROTORCRAFT_FP -10 -128 -3 0 0 2423 50 121 -2349 0 -130 -3 -2419 0 539
45.715 11 POS_CTRL 0. 0. 0. 0. 0. 0. 0. 16 0. 0. 0. 0. 0. 0. 0. 0. 0. 0. 0. 0. 0. 0. 0. 0. 0.
45.758 11 INS -128 -10 2 0 0 -3466 -81 -180 14
45.809 11 WINDTUNNEL 0 0.487306 -0.111941 4.895436 -1.463927 0.
45.860 11 GPS_INT 392433209 30036170 500219704 519906295 43767882 45275 79 0 0 0 0 0 0 0 5 3
45.960 11 ROTORCRAFT_FP -10 -128 -2 0 0 3821 50 122 -2350 0 -130 -2 -2419 0 539
45.963 11 POS_CTRL 0. 0. 0. 0. 0. 0. 0. 16 0. 0. 0. 0. 0. 0. 0. 0. 0. 0. 0. 0. 0. 0. 0. 0. 0.
46.008 11 INS -128 -10 2 0 0 -2514 -104 -70 19
46.017 11 DL_VALUE 42 0.9
46.060 11 WINDTUNNEL 0 0.487306 -0.111941 4.895436 -1.463927 0.
46.108 11 GPS_INT 392433209 30036170 500219704 519906295 43767882 45275 79 0 0 0 0 0 0 0 5 3
46.208 11 ROTORCRAFT_FP -10 -128 -2 0 0 -1009 51 122 -2352 0 -130 -2 -2419 0 539
46.214 11 POS_CTRL 0. 0. 0. 0. 0. 0. 0. 16 0. 0. 0. 0. 0. 0. 0. 0. 0. 0. 0. 0. 0. 0. 0. 0. 0.
46.253 11 LINK_REPORT 11 -1 10612 0 9978607 178591 0 1438. 27. 632922 1.73
46.259 11 INS -128 -10 2 0 0 1546 -104 -67 19
46.329 11 WINDTUNNEL 0 0.487306 -0.111941 4.895436 -1.463927 0.
46.330 11 WP_MOVED_ENU 5 -844 107 204
46.350 11 STATE_FILTER_STATUS 3 3 0
46.358 11 GPS_INT 392433209 30036170 500219704 519906295 43767882 45275 79 0 0 0 0 0 0 0 5 3
46.458 11 ROTORCRAFT_FP -10 -128 -2 0 0 -2516 52 122 -2352 0 -130 -2 -2419 0 539
46.465 11 POS_CTRL 0. 0. 0. 0. 0. 0. 0. 16 0. 0. 0. 0. 0. 0. 0. 0. 0. 0. 0. 0. 0. 0. 0. 0. 0.
46.508 11 INS -128 -10 2 0 0 3207 -103 -66 19
46.559 11 WINDTUNNEL 0 0.487306 -0.111941 4.895436 -1.463927 0.
46.609 11 GPS_INT 392433209 30036170 500219704 519906295 43767882 45275 79 0 0 0 0 0 0 0 5 3
46.708 11 ROTORCRAFT_FP -10 -128 -2 0 0 -3958 53 123 -2353 0 -130 -2 -2419 0 539
46.712 11 POS_CTRL 0. 0. 0. 0. 0. 0. 0. 16 0. 0. 0. 0. 0. 0. 0. 0. 0. 0. 0. 0. 0. 0. 0. 0. 0.
46.759 11 INS -128 -10 2 0 0 2869 -103 -64 18
46.810 11 WINDTUNNEL 0 0.487306 -0.111941 4.895436 -1.463927 0.
46.860 11 GPS_INT 392433209 30036170 500219704 519906295 43767882 45275 79 0 0 0 0 0 0 0 5 3
46.907 11 ROTORCRAFT_STATUS 0 136 0 30 3 13 0 0 4 5 111 4772
46.950 11 ROTORCRAFT_NAV_STATUS 2 2 0.2 0. 23 1 3
46.958 11 ROTORCRAFT_FP -10 -128 -2 0 0 -3278 54 123 -2353 0 -130 -2 -2419 0 539
46.964 11 POS_CTRL 0. 0. 0. 0. 0. 0. 0. 16 0. 0. 0. 0. 0. 0. 0. 0. 0. 0. 0. 0. 0. 0. 0. 0. 0.
47.009 11 INS -128 -10 2 0 0 3772 -101 -64 97
47.059 11 WINDTUNNEL 0 0.487306 -0.111941 4.895436 -1.463927 0.
47.109 11 GPS_INT 392433209 30036170 500219704 519906295 43767882 45275 79 0 0 0 0 0 0 0 5 3
47.117 11 DL_VALUE 43 0.
47.209 11 ROTORCRAFT_FP -10 -128 -2 0 0 -4357 55 123 -2354 0 -130 -2 -2419 0 539
47.212 11 POS_CTRL 0. 0. 0. 0. 0. 0. 0. 16 0. 0. 0. 0. 0. 0. 0. 0. 0. 0. 0. 0. 0. 0. 0. 0. 0.
47.225 11 ALIVE 199,46,77,35,184,175,54,147,117,161,102,180,3,122,23,240
47.254 11 LINK_REPORT 11 -1 10613 0 9980018 178617 0 1411. 26. 632982 1.73
47.259 11 INS -128 -10 2 0 0 4226 -58 6 20
47.310 11 WINDTUNNEL 0 0.487306 -0.111941 4.895436 -1.463927 0.
47.360 11 GPS_INT 392433209 30036170 500219704 519906295 43767882 45275 79 0 0 0 0 0 0 0 5 3
47.460 11 ROTORCRAFT_FP -10 -128 -2 0 0 -2830 56 123 -2354 0 -130 -2 -2419 0 539
47.465 11 POS_CTRL 0. 0. 0. 0. 0. 0. 0. 16 0. 0. 0. 0. 0. 0. 0. 0. 0. 0. 0. 0. 0. 0. 0. 0. 0.
47.561 11 WINDTUNNEL 0 0.487306 -0.111941 4.895436 -1.463927 0.
47.609 11 GPS_INT 392433209 30036170 500219704 519906295 43767882 45275 79 0 0 0 0 0 0 0 5 3
47.613 11 WP_MOVED_ENU 6 980 -312 209
47.708 11 ROTORCRAFT_FP -10 -128 -2 0 0 -3717 56 123 -2355 0 -130 -2 -2419 0 539
47.714 11 POS_CTRL 0. 0. 0. 0. 0. 0. 0. 16 0. 0. 0. 0. 0. 0. 0. 0. 0. 0. 0. 0. 0. 0. 0. 0. 0.
47.758 11 INS -128 -10 2 0 0 3691 -99 -57 19
47.809 11 WINDTUNNEL 0 0.487306 -0.111941 4.895436 -1.463927 0.
47.858 11 GPS_INT 392433209 30036170 500219704 519906295 43767882 45275 79 0 0 0 0 0 0 0 5 3
47.958 11 ROTORCRAFT_FP -10 -128 -2 0 0 -1464 57 123 -2355 0 -130 -2 -2419 0 539
47.963 11 POS_CTRL 0. 0. 0. 0. 0. 0. 0. 16 0. 0. 0. 0. 0. 0. 0. 0. 0. 0. 0. 0. 0. 0. 0. 0. 0.
48.008 11 INS -128 -10 2 0 0 1244 -98 -55 18
48.059 11 WINDTUNNEL 0 0.487306 -0.111941 4.895436 -1.463927 0.
48.106 11 ROTORCRAFT_STATUS 0 136 0 30 3 13 0 0 4 5 111 4773
48.109 11 GPS_INT 392433209 30036170 500219704 519906295 43767882 45275 79 0 0 0 0 0 0 0 5 3
48.112 11 ENERGY 11.1 0. 660 0.
48.209 11 ROTORCRAFT_FP -10 -128 -2 0 0 -2109 58 123 -2355 0 -130 -2 -2419 0 539
48.212 11 POS_CTRL 0. 0. 0. 0. 0. 0. 0. 16 0. 0. 0. 0. 0. 0. 0. 0. 0. 0. 0. 0. 0. 0. 0. 0. 0.
48.217 11 DL_VALUE 44 0.
48.254 11 LINK_REPORT 11 -1 10614 0 9981353 178640 0 1335. 23. 633042 1.73
48.258 11 INS -128 -10 2 0 0 2318 -97 -55 19
48.309 11 WINDTUNNEL 0 0.487306 -0.111941 4.895436 -1.463927 0.
48.360 11 GPS_INT 392433209 30036170 500219704 519906295 43767882 45275 79 0 0 0 0 0 0 0 5 3
48.458 11 ROTORCRAFT_FP -10 -128 -2 0 0 -4510 59 123 -2356 0 -130 -2 -2419 0 539
48.462 11 POS_CTRL 0. 0. 0. 0. 0. 0. 0. 16 0. 0. 0. 0. 0. 0. 0. 0. 0. 0. 0. 0. 0. 0. 0. 0. 0.
48.509 11 INS -128 -10 2 0 0 4060 -95 -53 18
48.547 11 ROTORCRAFT_NAV_STATUS 4 4 0.2 0. 23 1 3
48.559 11 WINDTUNNEL 0 0.487306 -0.111941 4.895436 -1.463927 0.
48.609 11 GPS_INT 392433209 30036170 500219704 519906295 43767882 45275 79 0 0 0 0 0 0 0 5 3
48.710 11 ROTORCRAFT_FP -10 -128 -2 0 0 -3968 59 122 -2356 0 -130 -2 -2419 0 539
48.713 11 POS_CTRL 0. 0. 0. 0. 0. 0. 0. 16 0. 0. 0. 0. 0. 0. 0. 0. 0. 0. 0. 0. 0. 0. 0. 0. 0.
48.759 11 INS -128 -10 2 0 0 4298 -93 -53 96
48.809 11 WINDTUNNEL 0 0.487306 -0.111941 4.895436 -1.463927 0.
48.858 11 GPS_INT 392433209 30036170 500219704 519906295 43767882 45275 79 0 0 0 0 0 0 0 5 3
48.913 11 WP_MOVED_ENU 7 1297 -366 721
48.959 11 ROTORCRAFT_FP -10 -128 -2 0 0 -3388 60 122 -2357 0 -130 -2 -2419 0 539
48.962 11 POS_CTRL 0. 0. 0. 0. 0. 0. 0. 16 0. 0. 0. 0. 0. 0. 0. 0. 0. 0. 0. 0. 0. 0. 0. 0. 0.
49.008 11 INS -128 -10 2 0 0 4336 -94 -50 18
49.059 11 WINDTUNNEL 0 0.487306 -0.111941 4.895436 -1.463927 0.
49.109 11 GPS_INT 392433209 30036170 500219704 519906295 43767882 45275 79 0 0 0 0 0 0 0 5 3
49.209 11 ROTORCRAFT_FP -10 -128 -2 0 0 -3658 61 123 -2357 0 -130 -2 -2419 0 539
49.213 11 POS_CTRL 0. 0. 0. 0. 0. 0. 0. 16 0. 0. 0. 0. 0. 0. 0. 0. 0. 0. 0. 0. 0. 0. 0. 0. 0.
49.255 11 LINK_REPORT 11 -1 10615 0 9982697 178662 0 1344. 22. 633102 1.73
49.258 11 INS -128 -10 2 0 0 3049 -51 17 18
49.305 11 ROTORCRAFT_STATUS 0 136 0 29 3 13 0 0 4 5 111 4774
49.310 11 WINDTUNNEL 0 0.487306 -0.111941 4.895436 -1.463927 0.
49.333 11 DL_VALUE 45 0.
49.334 11 ALIVE 199,46,77,35,184,175,54,147,117,161,102,180,3,122,23,240
49.359 11 GPS_INT 392433209 30036170 500219704 519906295 43767882 45275 79 0 0 0 0 0 0 0 5 3
49.458 11 ROTORCRAFT_FP -10 -128 -2 0 0 -4205 61 123 -2357 0 -130 -2 -2419 0 539
49.465 11 POS_CTRL 0. 0. 0. 0. 0. 0. 0. 16 0. 0. 0. 0. 0. 0. 0. 0. 0. 0. 0. 0. 0. 0. 0. 0. 0.
49.513 11 INS -128 -10 2 0 0 4145 -92 -48 17
49.549 11 STATE_FILTER_STATUS 3 3 0
49.562 11 WINDTUNNEL 0 0.487306 -0.111941 4.895436 -1.463927 0.
49.611 11 GPS_INT 392433209 30036170 500219704 519906295 43767882 45275 79 0 0 0 0 0 0 0 5 3
49.709 11 ROTORCRAFT_FP -10 -128 -2 0 0 -3286 62 123 -2357 0 -130 -2 -2419 0 539
49.716 11 POS_CTRL 0. 0. 0. 0. 0. 0. 0. 16 0. 0. 0. 0. 0. 0. 0. 0. 0. 0. 0. 0. 0. 0. 0. 0. 0.
49.760 11 INS -128 -10 2 0 0 2787 -50 19 19
49.809 11 WINDTUNNEL 0 0.487306 -0.111941 4.895436 -1.463927 0.
49.861 11 GPS_INT 392433209 30036170 500219704 519906295 43767882 45275 79 0 0 0 0 0 0 0 5 3
49.962 11 ROTORCRAFT_FP -10 -128 -2 0 0 -2263 63 122 -2357 0 -130 -2 -2419 0 539
49.963 11 POS_CTRL 0. 0. 0. 0. 0. 0. 0. 16 0. 0. 0. 0. 0. 0. 0. 0. 0. 0. 0. 0. 0. 0. 0. 0. 0.
50.009 11 INS -128 -10 2 0 0 1579 -92 -42 -59
