258.8369 124 GPS_INT 392433346 30036428 500219696 519906180 43768241 46167 980 13 -63 -7 0 0 0 0 4 3
258.8389 124 DELFLY_STATEESTIMATION 4 0.033333 10.000000 -330 552 -184 -133446 -266892 0 -330 547 -184 -57671 -335544 5242 880 -9046 -7351
258.8408 124 DELFLY_SPEEDCONTROL 2 0 -407 56034 18829 11115 485 -1259 -777 -117 63427 87192 0 -407 7393 87192 -48 231 71 0 4730 8127
258.8427 124 DELFLY_GUIDANCE 13 2 -336 360 -256 0 0 330 -547 -72 133446 266892 0 -9131035 -5115481 5063162 -5115481 0 -407 -6565
258.8447 124 DELFLY_STATE -330 547 -184 -133446 -266892 0 -133446 -266892 0 -2071 -4143 -3209 56034 56034 -8594 0 15053 300.802124 5
258.8564 124 GPS_INT 392433346 30036428 500219696 519906180 43768241 46167 980 13 -63 -7 0 0 0 0 4 3
258.8584 124 DELFLY_STATEESTIMATION 4 0.033333 10.000000 -330 552 -184 -133446 -266892 0 -330 547 -184 -57671 -335544 5242 -11474 -58 7040
258.8626 124 DELFLY_GUIDANCE 13 2 -334 352 -256 0 0 330 -547 -72 133446 266892 0 -9074370 -5215591 30417902 -5215591 0 -407 -6520
258.8642 124 DELFLY_STATE -330 547 -184 -133446 -266892 0 -133446 -266892 0 -2071 -4143 -3209 56034 56034 -8670 0 15053 347.222229 5
258.8759 124 GPS_INT 392433346 30036426 500219695 519906180 43768238 46158 970 10 -54 -5 0 0 0 0 4 3
258.8779 124 DELFLY_STATEESTIMATION 4 0.033333 10.000000 -331 546 -183 -57677 -346062 57677 -330 542 -181 -41943 -288358 5242 -5339 -441 -11369
258.8798 124 DELFLY_SPEEDCONTROL 2 0 -626 53164 18829 11115 485 -1259 -777 -117 63427 78176 0 -626 10263 20499 -74 356 -6 0 4626 8582
258.8838 124 DELFLY_STATE -330 542 -181 -57677 -346062 57677 -57677 -346062 57677 4167 -4354 3172 53164 53164 -8090 0 16295 323.275848 5
258.8940 124 GPS_DIAGNOSTICS 1 7037 28.119113 0.035563 35563 -181 0 0
258.8955 124 GPS_INT 392433346 30036425 500219695 519906180 43768237 46158 970 5 -50 -2 0 0 0 0 4 3
258.8975 124 DELFLY_STATEESTIMATION 4 0.033333 10.000000 -330 542 -181 64638 -258553 129276 -330 540 -181 -15728 -267386 5242 2874 -1129 6589
258.8994 124 DELFLY_SPEEDCONTROL 2 0 -366 48044 18829 11115 485 -1259 -777 -117 63427 71916 2560 -36425 15383 -57360 -74 356 -101 275 4531 8967
258.9014 124 DELFLY_GUIDANCE 13 2 -334 352 -256 0 0 330 -540 -75 -64638 258553 -129276 -8961030 -5215860 -37181218 -5215860 0 -366 -6521
258.9033 124 DELFLY_STATE -330 540 -181 64638 -258553 129276 64638 -258553 129276 7539 5394 4413 48044 48044 -8072 0 23197 314.245819 5
258.9150 124 GPS_INT 392433346 30036425 500219695 519906180 43768237 46158 970 5 -50 -2 0 0 0 0 4 3
258.9169 124 DELFLY_STATEESTIMATION 4 0.033333 10.000000 -330 542 -181 64638 -258553 129276 -330 540 -181 -15728 -267386 5242 13164 -4913 3946
258.9189 124 DELFLY_SPEEDCONTROL 2 0 -366 48044 18829 11115 485 -1259 -777 -117 63427 67736 0 -366 15383 -61540 -43 207 -105 295 4558 8840
258.9210 124 ROTORCRAFT_FP 540 -330 181 -258553 64638 -129276 962 -167 -8370 0 0 112 0 8844 28
258.9211 124 STAB_ATTITUDE_INT 1499 19814 -1185 962 -167 -8370 0 -375 -6497 -23508 19484 -61074 -2780 488 2115 0 0 -430 -2780 488 1685
258.9212 124 DELFLY_GUIDANCE 13 2 -333 347 -256 0 0 330 -540 -75 -64638 258553 -129276 -8930430 -5268360 -42869360 -5268360 0 -366 -6497
258.9272 124 GPS_DIAGNOSTICS 1 7038 31.562668 0.031683 31683 -181 0 0
258.9345 124 GPS_INT 392433346 30036423 500219695 519906180 43768234 46157 970 4 -56 0 0 0 0 0 4 3
258.9365 124 DELFLY_STATEESTIMATION 4 0.033333 10.000000 -330 539 -181 0 -185121 0 -330 535 -181 0 -298843 5242 7491 2382 1551
258.9384 124 DELFLY_SPEEDCONTROL 2 0 -424 64846 18829 11115 485 -1259 -777 -117 63427 63960 0 -424 -1419 63960 -50 240 70 0 4727 8259
258.9404 124 DELFLY_GUIDANCE 13 2 -333 347 -256 0 0 330 -535 -75 0 185121 0 -8850625 -5265025 -1262500195 -5265025 0 -424 -6499
258.9423 124 DELFLY_STATE -330 535 -181 0 -185121 0 0 -185121 0 -3803 4321 -7607 64846 64846 -7902 0 23856 332.840240 5
258.9541 124 GPS_INT 392433346 30036423 500219695 519906180 43768234 46157 970 4 -56 0 0 0 0 0 4 3
258.9560 124 DELFLY_STATEESTIMATION 4 0.033333 10.000000 -330 539 -181 0 -185121 0 -330 535 -181 0 -298843 5242 -1822 7485 -5151
258.9580 124 DELFLY_SPEEDCONTROL 2 0 -424 64846 18829 11115 485 -1259 -777 -117 63427 59720 0 -424 -1419 59720 -50 240 65 0 4722 8280
258.9599 124 DELFLY_GUIDANCE 13 2 -333 347 -256 0 0 330 -535 -75 0 185121 0 -8850625 -5265025 -1262500195 -5265025 0 -424 -6499
258.9611 124 GPS_DIAGNOSTICS 1 7039 30.135005 0.033184 33184 -181 0 0
258.9619 124 DELFLY_STATE -330 535 -181 0 -185121 0 0 -185121 0 -3803 4321 -7607 64846 64846 -7584 0 23856 342.987793 5
258.9736 124 GPS_INT 392433346 30036421 500219695 519906180 43768231 46156 970 -1 -52 3 0 0 0 0 4 3
258.9756 124 DELFLY_STATEESTIMATION 4 0.033333 10.000000 -330 534 -181 0 -302225 0 -330 529 -181 26214 -272629 5242 -4263 8866 -22438
258.9774 124 DELFLY_SPEEDCONTROL 2 0 -424 33847 18829 11115 485 -1259 -777 -117 63427 55480 0 -424 29580 55480 -50 240 -21 0 4635 8278
258.9794 124 DELFLY_GUIDANCE 13 2 -331 340 -256 0 0 330 -529 -75 0 302225 0 -8754979 -5262371 655780429 -5262371 0 -424 -6501
258.9814 124 DELFLY_STATE -330 529 -181 0 -302225 0 0 -302225 0 0 -6750 0 33847 33847 -7937 0 22092 309.065948 5
258.9932 124 GPS_INT 392433346 30036421 500219695 519906180 43768231 46156 970 -1 -52 3 0 0 0 0 4 3
258.9950 124 GPS_DIAGNOSTICS 1 7040 29.518552 0.033877 33877 -181 0 0
258.9952 124 DELFLY_STATEESTIMATION 4 0.033333 10.000000 -330 528 -181 0 -361730 0 -330 524 -181 41943 -304086 5242 4364 -11311 17606
258.9970 124 DELFLY_SPEEDCONTROL 2 0 -424 33847 18829 11115 485 -1259 -777 -117 63427 51240 0 -424 29580 51240 -50 240 -26 0 4630 8299
258.9991 124 DELFLY_GUIDANCE 13 2 -331 340 -256 0 0 330 -524 -75 0 361730 0 -8614722 -5358706 1631255294 -5358706 0 -424 -6456
259.0009 124 DELFLY_STATE -330 524 -181 0 -361730 0 0 -361730 0 0 -3421 0 44716 44716 -7584 0 21633 330.882355 5
259.0127 124 GPS_INT 392433346 30036419 500219695 519906180 43768228 46155 970 -3 -58 5 0 0 0 0 4 3
259.0146 124 DELFLY_STATEESTIMATION 4 0.033333 10.000000 -330 528 -181 0 -361730 0 -330 524 -181 41943 -304086 5242 5102 -454 3276
259.0166 124 DELFLY_SPEEDCONTROL 2 0 -424 44716 18829 11115 485 -1259 -777 -117 63427 47000 0 -424 18711 47000 -50 240 -1 0 4655 8328
259.0185 124 DELFLY_GUIDANCE 13 2 -331 340 -256 0 0 330 -524 -75 0 361730 0 -8614722 -5358706 1631255294 -5358706 0 -424 -6456
259.0207 124 ROTORCRAFT_FP 524 -330 181 -361730 0 0 407 -83 -7155 0 0 112 0 8333 28
259.0208 124 STAB_ATTITUDE_INT -2120 -21091 5626 407 -83 -7155 0 -278 -6456 -23994 19353 -60609 -1265 1845 -807 0 0 -465 -1265 1845 -1272
259.0209 124 DELFLY_STATE -330 524 -181 0 -361730 0 0 -361730 0 0 -3421 0 44716 44716 -7171 0 21633 349.378876 5
259.0298 124 GPS_DIAGNOSTICS 1 7041 29.439472 0.033968 33968 -184 0 0
259.0322 124 GPS_INT 392433346 30036417 500219697 519906181 43768225 46170 980 -5 -53 6 0 0 0 0 4 3
259.0341 124 DELFLY_STATEESTIMATION 4 0.033333 10.000000 -329 523 -182 58882 -294413 -58882 -327 519 -184 52428 -277872 5242 8780 969 6622
259.0360 124 DELFLY_SPEEDCONTROL 2 0 -201 65167 18829 11115 485 -1259 -777 -117 63427 42760 -10225 29017 -1740 101642 -50 240 110 0 4767 8070
259.0381 124 DELFLY_GUIDANCE 13 2 -331 340 -256 0 0 327 -519 -72 -58882 294413 58882 -8620710 -5165460 548832925 -5165460 0 -201 -6525
259.0400 124 DELFLY_STATE -327 519 -184 58882 -294413 -58882 58882 -294413 -58882 3306 3780 -3306 65167 65167 -7454 0 22761 294.502625 5
259.0517 124 GPS_INT 392433346 30036417 500219697 519906181 43768225 46170 980 -5 -53 6 0 0 0 0 4 3
259.0537 124 DELFLY_STATEESTIMATION 4 0.033333 10.000000 -329 523 -182 58882 -294413 -58882 -327 519 -184 52428 -277872 5242 -12673 -4253 6756
259.0556 124 DELFLY_SPEEDCONTROL 2 0 -201 65167 18829 11115 485 -1259 -777 -117 63427 40304 0 -201 -1740 99186 -23 114 107 0 4791 7956
259.0576 124 DELFLY_GUIDANCE 13 2 -329 334 -256 0 0 327 -519 -72 -58882 294413 58882 -8561310 -5264340 538940761 -5264340 0 -201 -6478
259.0596 124 DELFLY_STATE -327 519 -184 58882 -294413 -58882 58882 -294413 -58882 3306 3780 -3306 65167 65167 -7320 0 22761 338.855408 5
259.0652 124 GPS_DIAGNOSTICS 1 7042 28.740587 0.034794 34794 -184 0 0
