273.9430 124 GPS_DIAGNOSTICS 1 7486 29.409170 0.034003 34003 -263 0 0
273.9432 124 GPS_INT 392433231 30036305 500219833 519906344 43768076 46483 1300 -9 55 3 0 0 0 0 4 3
273.9444 124 DELFLY_STATEESTIMATION 4 0.033333 10.000000 135 252 -265 0 302573 60514 135 256 -263 26214 288358 5242 -1278 8990 -23928
273.9464 124 DELFLY_SPEEDCONTROL 2 0 -173 36825 18829 11115 485 -1259 -777 -117 63427 12900 -1691 -30201 26602 -47614 6 -31 -121 217 4592 8522
273.9483 124 DELFLY_GUIDANCE 13 2 42 425 -256 0 0 -135 -256 7 0 -302573 -60514 4739923 82953 47862973 82953 0 -173 8494
273.9503 124 DELFLY_STATE 135 256 -263 0 302573 60514 0 302573 60514 -3476 -3396 3492 36825 36825 5517 0 3646 300.802124 5
273.9620 124 GPS_INT 392433231 30036305 500219833 519906344 43768076 46483 1300 -9 55 3 0 0 0 0 4 3
273.9640 124 DELFLY_STATEESTIMATION 4 0.033333 10.000000 135 252 -265 0 302573 60514 135 256 -263 26214 288358 5242 2491 2007 11503
273.9659 124 DELFLY_SPEEDCONTROL 2 0 -173 36825 18829 11115 485 -1259 -777 -117 63427 11627 0 -173 26602 -48887 -20 98 -122 223 4564 8658
273.9679 124 DELFLY_GUIDANCE 13 2 42 425 -256 0 0 -135 -256 7 0 -302573 -60514 4739923 82953 47862973 82953 0 -173 8494
273.9698 124 DELFLY_STATE 135 256 -263 0 302573 60514 0 302573 60514 -3476 -3396 3492 36825 36825 5288 0 3646 338.855408 5
273.9770 124 GPS_DIAGNOSTICS 1 7487 29.502006 0.033896 33896 -263 0 0
273.9815 124 GPS_INT 392433231 30036307 500219832 519906343 43768078 46476 1290 2 61 -6 0 0 0 0 4 3
273.9835 124 DELFLY_STATEESTIMATION 4 0.033333 10.000000 134 258 -263 -60217 361305 120435 133 261 -263 -47185 314572 5242 -6878 -9590 4315
273.9853 124 DELFLY_SPEEDCONTROL 2 0 128 31990 18829 11115 485 -1259 -777 -117 63427 9897 0 -173 31437 -110538 15 -72 -199 528 4522 8792
273.9875 124 DELFLY_GUIDANCE 13 2 42 428 -256 0 0 -133 -261 7 60217 -361305 -120435 4796535 131075 431086673 131075 0 128 8477
273.9894 124 DELFLY_STATE 133 261 -263 -60217 361305 120435 -60217 361305 120435 -3458 3372 3441 31990 31990 5854 0 9352 327.034882 5
273.9992 124 ROTORCRAFT_FP 261 133 263 361305 -60217 -120435 799 33 6079 0 0 112 0 8787 43
273.9993 124 STAB_ATTITUDE_INT 1252 -15802 481 799 33 6079 0 -409 8477 -27395 25362 -84191 -2260 1563 1644 0 0 -463 -2260 1563 1181
274.0011 124 GPS_INT 392433231 30036307 500219832 519906343 43768078 46476 1290 2 61 -6 0 0 0 0 4 3
274.0030 124 DELFLY_STATEESTIMATION 4 0.033333 10.000000 134 258 -263 -60217 361305 120435 133 261 -263 -47185 314572 5242 2776 -3961 3080
274.0049 124 DELFLY_SPEEDCONTROL 2 0 128 31990 18829 11115 485 -1259 -777 -117 63427 11172 0 127 31437 -109263 15 -72 -198 522 4523 8785
274.0069 124 ROTORCRAFT_STATUS 0 0 0 45 3 13 1 1 8 6 35 274
274.0070 124 DELFLY_GUIDANCE 13 2 42 428 -256 0 0 -133 -261 7 60217 -361305 -120435 4796535 131075 431086673 131075 0 128 8477
274.0089 124 DELFLY_STATE 133 261 -263 -60217 361305 120435 -60217 361305 120435 -3458 3372 3441 31990 31990 6019 0 9352 338.855408 5
274.0119 124 GPS_DIAGNOSTICS 1 7488 29.378929 0.034038 34038 -263 0 0
274.0206 124 GPS_INT 392433231 30036309 500219832 519906343 43768081 46477 1290 -3 60 -2 0 0 0 0 4 3
274.0225 124 DELFLY_STATEESTIMATION 4 0.033333 10.000000 133 263 -263 -58769 293847 0 133 266 -263 -15728 314572 5242 -5120 4584 -35226
274.0265 124 DELFLY_GUIDANCE 13 2 42 428 -256 0 0 -133 -266 7 58769 -293847 0 4865805 233415 -569219206 233415 0 39 8530
274.0284 124 DELFLY_STATE 133 266 -263 -58769 293847 0 -58769 293847 0 81 -3780 -6750 62454 62454 5568 0 9895 332.840240 5
274.0401 124 GPS_INT 392433231 30036309 500219832 519906343 43768081 46477 1290 -3 60 -2 0 0 0 0 4 3
274.0421 124 DELFLY_STATEESTIMATION 4 0.033333 10.000000 133 263 -263 -58769 293847 0 133 266 -263 -15728 314572 5242 -8967 7788 10257
274.0440 124 GPS_DIAGNOSTICS 1 7489 28.720777 0.034818 34818 -263 0 0
274.0441 124 DELFLY_SPEEDCONTROL 2 0 39 62454 18829 11115 485 -1259 -777 -117 63427 12654 0 38 973 12654 4 -21 10 0 4722 8250
274.0460 124 DELFLY_GUIDANCE 13 2 42 431 -256 0 0 -133 -271 7 0 -319202 0 4935675 299825 250469184 299825 0 39 8552
274.0597 124 GPS_INT 392433231 30036311 500219832 519906343 43768084 46478 1290 9 65 -12 0 0 0 0 4 3
274.0616 124 DELFLY_STATEESTIMATION 4 0.033333 10.000000 133 268 -263 0 319202 0 133 271 -263 -99614 335544 5242 -3343 5699 -14986
274.0636 124 DELFLY_SPEEDCONTROL 2 0 39 55728 18829 11115 485 -1259 -777 -117 63427 13039 0 38 7699 13039 4 -21 -7 0 4704 8244
274.0655 124 DELFLY_GUIDANCE 13 2 42 431 -256 0 0 -133 -271 7 0 -319202 0 4935675 299825 250469184 299825 0 39 8552
274.0675 124 DELFLY_STATE 133 271 -263 0 319202 0 0 319202 0 3578 1543 0 55728 55728 6458 0 3791 358.280243 5
274.0774 124 GPS_DIAGNOSTICS 1 7490 31.147796 0.032105 32105 -263 0 0
274.0792 124 GPS_INT 392433232 30036313 500219831 519906342 43768087 46477 1290 7 61 -10 0 0 0 0 4 3
274.0831 124 DELFLY_SPEEDCONTROL 2 0 39 51122 18829 11115 485 -1259 -777 -117 63427 13424 2303 38 12305 13424 4 -21 -19 0 4692 8238
274.0850 124 DELFLY_GUIDANCE 13 2 42 431 -256 0 0 -130 -276 7 61112 -305562 0 4982670 379610 -436327126 379610 0 39 8549
274.0870 124 DELFLY_STATE 130 276 -263 -61112 305562 0 -61112 305562 0 -3561 -794 0 51122 51122 6050 0 9804 292.968750 5
274.0989 124 ROTORCRAFT_FP 276 130 263 305562 -61112 0 1200 -72 6139 0 0 112 0 8237 43
274.0989 124 STAB_ATTITUDE_INT -7293 26760 18423 1200 -72 6139 0 -240 8549 -28080 25360 -82882 -3434 -924 1971 0 0 -525 -3434 -924 1446
274.0991 124 GPS_INT 392433232 30036313 500219831 519906342 43768087 46477 1290 7 61 -10 0 0 0 0 4 3
274.1065 124 DELFLY_STATE 130 276 -263 -61112 305562 0 -61112 305562 0 -3561 -794 0 51122 51122 6287 0 9804 334.821442 5
274.1105 124 GPS_DIAGNOSTICS 1 7491 29.853420 0.033497 33497 -263 0 0
