277.8370 124 GPS_INT 392433319 30036487 500219748 519906225 43768330 46439 1250 25 13 -21 0 0 0 0 4 3
277.8390 124 DELFLY_STATEESTIMATION 4 0.033333 10.000000 -198 703 -253 -201356 67118 201356 -202 704 -253 -178257 57671 5242 1414 -8111 -4606
277.8409 124 DELFLY_SPEEDCONTROL 2 0 -210 45819 18829 11115 485 -1259 -777 -117 63427 -8250 0 -209 17608 -209606 -24 119 -265 1035 4416 9490
277.8429 124 DELFLY_GUIDANCE 13 2 -205 452 -256 0 0 202 -704 -3 201356 -67118 -201356 -11572318 -3171884 -1138791496 -3171884 0 -210 -6482
277.8441 124 GPS_DIAGNOSTICS 1 7602 32.736439 0.030547 30547 -250 0 0
277.8448 124 DELFLY_STATE -202 704 -253 -201356 67118 201356 -201356 67118 201356 -5521 -3070 12888 45819 45819 10788 0 8116 328.947357 5
277.8565 124 GPS_INT 392433319 30036487 500219747 519906224 43768330 46431 1250 29 13 -24 0 0 0 0 4 3
277.8585 124 DELFLY_STATEESTIMATION 4 0.033333 10.000000 -202 705 -252 -227189 113594 56797 -204 704 -250 -204472 52428 5242 -3558 -7598 1710
277.8605 124 DELFLY_SPEEDCONTROL 2 0 -232 9691 18829 11115 485 -1259 -777 -117 63427 -10433 0 -231 53736 -67230 -27 132 -214 294 4464 8763
277.8624 124 DELFLY_GUIDANCE 13 2 -206 450 -256 0 0 204 -704 -6 227189 -113594 -56797 -11560356 -3249908 -1890772261 -3249908 0 -232 -6466
277.8643 124 DELFLY_STATE -204 704 -250 -227189 113594 56797 -227189 113594 56797 -1399 2517 -7830 9691 9691 11280 0 10720 332.840240 5
277.8749 124 GPS_DIAGNOSTICS 1 7603 27.715418 0.036081 36081 -253 0 0
277.8760 124 GPS_INT 392433320 30036488 500219747 519906223 43768331 46438 1250 25 10 -21 0 0 0 0 4 3
277.8780 124 DELFLY_STATEESTIMATION 4 0.033333 10.000000 -205 706 -251 -199267 66422 66422 -207 706 -253 -178257 41943 5242 1618 4042 -25552
