265.6807 124 GPS_INT 392433236 30036441 500219802 519906316 43768272 46333 1150 35 29 -30 0 0 0 0 4 3
265.6826 124 DELFLY_STATEESTIMATION 4 0.033333 10.000000 59 601 -227 -250274 62568 62568 56 601 -227 -251658 136314 5242 -6035 1694 -20802
265.6846 124 DELFLY_SPEEDCONTROL 2 0 -383 46122 18829 11115 485 -1259 -777 -117 63427 22376 0 -383 17305 -40192 -45 217 -88 187 4573 8742
265.6864 124 DELFLY_GUIDANCE 13 2 -100 536 -256 0 0 -56 -601 -29 250274 -62568 -62568 -2940013 9441779 115832626 9441779 0 -383 -11250
265.6885 124 DELFLY_STATE 56 601 -227 -250274 62568 62568 -250274 62568 62568 35 -3751 -8 46122 46122 10294 0 8883 302.419342 5
265.6978 124 GPS_DIAGNOSTICS 1 7240 30.551143 0.032732 32732 -227 0 0
265.7002 124 GPS_INT 392433237 30036442 500219802 519906315 43768274 46340 1150 32 34 -28 0 0 0 0 4 3
265.7022 124 ROTORCRAFT_FP 604 53 227 60825 -243302 0 462 -82 10153 0 0 112 0 8453 35
265.7042 124 DELFLY_SPEEDCONTROL 2 0 -164 52592 18829 11115 485 -1259 -777 -117 63427 18546 -3235 30901 10835 18546 -45 217 -9 0 4651 8453
265.7061 124 DELFLY_GUIDANCE 13 2 -100 536 -256 0 0 -53 -604 -29 243302 -60825 0 -3225553 9395146 247763504 9395146 0 -164 -11154
265.7080 124 DELFLY_STATE 53 604 -227 -243302 60825 0 -243302 60825 0 404 -101 -3629 52592 52592 10194 0 8806 358.280243 5
265.7197 124 GPS_INT 392433237 30036442 500219802 519906315 43768274 46340 1150 32 34 -28 0 0 0 0 4 3
265.7217 124 DELFLY_STATEESTIMATION 4 0.033333 10.000000 55 602 -227 -243302 60825 0 53 604 -227 -235929 162529 5242 5424 -13804 -4651
265.7237 124 DELFLY_SPEEDCONTROL 2 0 -164 52592 18829 11115 485 -1259 -777 -117 63427 16468 0 -164 10835 16468 -19 93 -12 0 4675 8339
265.7276 124 DELFLY_STATE 53 604 -227 -243302 60825 0 -243302 60825 0 404 -101 -3629 52592 52592 10654 0 8806 330.882355 5
265.7307 124 GPS_DIAGNOSTICS 1 7241 29.631386 0.033748 33748 -227 0 0
265.7393 124 GPS_INT 392433238 30036443 500219801 519906314 43768275 46338 1150 35 25 -30 0 0 0 0 4 3
265.7412 124 DELFLY_STATEESTIMATION 4 0.033333 10.000000 52 605 -227 -186651 186651 0 51 606 -227 -251658 115343 5242 -1157 -3095 11238
265.7432 124 DELFLY_SPEEDCONTROL 2 0 -164 30946 18829 11115 485 -1259 -777 -117 63427 14828 0 -164 32481 14828 -19 93 -72 0 4615 8331
265.7451 124 DELFLY_GUIDANCE 13 2 -103 535 -256 0 0 -51 -606 -29 186651 -186651 0 -3397119 9366432 237734509 9366432 0 -164 -11098
265.7471 124 DELFLY_STATE 51 606 -227 -186651 186651 0 -186651 186651 0 3361 7465 0 30946 30946 10684 0 9648 328.947357 5
