266.0674 124 GPS_INT 392433252 30036453 500219792 519906298 43768288 46358 1170 39 21 -33 0 0 0 0 4 3
266.0694 124 DELFLY_STATEESTIMATION 4 0.033333 10.000000 8 628 -232 -181495 120997 0 7 629 -232 -277872 89128 10485 7388 5390 1172
266.0713 124 DELFLY_SPEEDCONTROL 2 0 -135 18332 18829 11115 485 -1259 -777 -117 63427 -10211 14608 -39728 45095 -10211 -43 210 -132 16 4531 8563
266.0733 124 DELFLY_GUIDANCE 13 2 -123 530 -256 0 0 -7 -629 -24 181495 -120997 0 -6150315 8269105 728345245 8269105 0 -135 -10202
266.0752 124 DELFLY_STATE 7 629 -232 -181495 120997 0 -181495 120997 0 7695 2439 4541 18332 18332 11852 0 10292 328.947357 5
266.0869 124 GPS_INT 392433252 30036453 500219792 519906298 43768288 46358 1170 39 21 -33 0 0 0 0 4 3
266.0889 124 DELFLY_STATEESTIMATION 4 0.033333 10.000000 8 628 -232 -181495 120997 0 7 629 -232 -277872 89128 10485 -1498 -1714 -28412
266.1084 124 DELFLY_STATEESTIMATION 4 0.033333 10.000000 5 630 -232 -189220 126147 0 2 629 -232 -277872 94371 10485 -7091 3404 11704
266.1105 124 ROTORCRAFT_FP 629 2 232 126147 -189220 0 733 221 11815 0 0 112 0 8441 35
266.1260 124 GPS_INT 392433253 30036453 500219791 519906297 43768288 46356 1170 39 22 -33 0 0 0 0 4 3
266.1280 124 DELFLY_STATEESTIMATION 4 0.033333 10.000000 5 630 -232 -189220 126147 0 2 629 -232 -277872 94371 10485 14044 -115 29842
266.1299 124 DELFLY_SPEEDCONTROL 2 0 -135 13329 18829 11115 485 -1259 -777 -117 63427 -14716 0 -134 50098 -14716 -15 76 -150 35 4540 8448
266.1316 124 GPS_DIAGNOSTICS 1 7253 30.749362 0.032521 32521 -235 0 0
266.1320 124 DELFLY_GUIDANCE 13 2 -127 529 -256 0 0 -2 -629 -24 189220 -126147 0 -6465201 8024663 585431903 8024663 0 -135 -10076
