281.0538 124 GPS_INT 392433366 30036384 500219722 519906183 43768175 46474 1280 -30 -42 25 0 0 0 0 4 3
281.0557 124 DELFLY_STATEESTIMATION 4 0.033333 10.000000 -324 434 -262 181442 -181442 -60480 -322 432 -263 214957 -209715 5242 8465 1884 10633
281.0578 124 DELFLY_SPEEDCONTROL 2 0 251 37654 18829 11115 485 -1259 -777 -117 63427 -11760 0 251 25773 48720 29 -142 -18 0 4718 7930
281.0597 124 DELFLY_GUIDANCE 13 2 -187 331 -256 0 0 322 -432 7 -181442 181442 60480 -14356 -8826118 -600028694 -8826118 0 251 -2630
281.0617 124 DELFLY_STATE -322 432 -263 181442 -181442 -60480 181442 -181442 -60480 3533 -3533 -3488 37654 37654 -4812 0 22519 328.947357 5
281.0659 124 GPS_DIAGNOSTICS 1 7698 29.526397 0.033868 33868 -258 0 0
281.0734 124 GPS_INT 392433364 30036382 500219722 519906184 43768173 46461 1270 -38 -42 31 0 0 0 0 4 3
281.0753 124 DELFLY_STATEESTIMATION 4 0.033333 10.000000 -321 431 -261 179591 -179591 59863 -317 427 -258 267386 -204472 5242 -2548 9649 297
281.0773 124 DELFLY_SPEEDCONTROL 2 0 -199 9019 18829 11115 485 -1259 -777 -117 63427 -10149 0 -198 54408 -70012 -23 112 -219 309 4463 8758
281.0792 124 DELFLY_GUIDANCE 13 2 -187 331 -256 0 0 317 -427 2 -179591 179591 -59863 22289 -8711733 -619050177 -8711733 0 -199 -2605
281.0812 124 DELFLY_STATE -317 427 -258 179591 -179591 59863 179591 -179591 59863 -105 105 6870 9019 9019 -4249 0 22519 307.377045 5
281.0833 124 ROTORCRAFT_FP 427 -317 258 -179591 179591 -59863 435 -219 -4130 0 0 112 0 8760 50
281.0834 124 STAB_ATTITUDE_INT -21764 -19634 32949 435 -219 -4130 0 -469 -2605 -29252 22779 -82608 -1399 843 -2786 0 0 -503 -1399 843 -3289
281.0929 124 GPS_INT 392433364 30036382 500219722 519906184 43768173 46461 1270 -38 -42 31 0 0 0 0 4 3
281.0969 124 DELFLY_SPEEDCONTROL 2 0 -199 9019 18829 11115 485 -1259 -777 -117 63427 -12134 0 -198 54408 -71997 -23 112 -221 318 4461 8767
281.0988 124 DELFLY_GUIDANCE 13 2 -187 331 -256 0 0 317 -427 2 -179591 179591 -59863 22289 -8711733 -619050177 -8711733 0 -199 -2605
281.1003 124 GPS_DIAGNOSTICS 1 7699 29.183447 0.034266 34266 -258 0 0
281.1007 124 DELFLY_STATE -317 427 -258 179591 -179591 59863 179591 -179591 59863 -105 105 6870 9019 9019 -3984 0 22519 334.821442 5
281.1124 124 GPS_INT 392433362 30036380 500219723 519906186 43768170 46456 1270 -37 -39 30 0 0 0 0 4 3
