273.2608 124 DELFLY_SPEEDCONTROL 2 0 39 58910 18829 11115 485 -1259 -777 -117 63427 267 0 38 4517 267 4 -21 -11 0 4700 8310
273.2628 124 DELFLY_GUIDANCE 13 2 43 399 -256 0 0 -120 -161 7 60764 -364585 0 3114108 -1059603 1082115416 -1059603 0 39 7715
273.2648 124 DELFLY_STATE 120 161 -263 -60764 364585 0 -60764 364585 0 -7077 -210 0 58910 58910 6565 0 9333 347.222229 5
273.2764 124 GPS_INT 392433238 30036268 500219829 519906339 43768021 46477 1290 5 67 -9 0 0 0 0 4 3
273.2783 124 GPS_DIAGNOSTICS 1 7466 29.698266 0.033672 33672 -263 0 0
273.2785 124 DELFLY_STATEESTIMATION 4 0.033333 10.000000 120 163 -263 -55548 277740 0 120 166 -263 -10485 314572 5242 -1503 2548 -4749
273.2803 124 DELFLY_SPEEDCONTROL 2 0 39 53997 18829 11115 485 -1259 -777 -117 63427 652 2456 38 9430 652 4 -21 -24 0 4687 8304
273.2823 124 DELFLY_GUIDANCE 13 2 43 399 -256 0 0 -120 -166 7 55548 -277740 0 3198330 -1014190 -259960576 -1014190 0 39 7741
273.2843 124 DELFLY_STATE 120 166 -263 -55548 277740 0 -55548 277740 0 276 -4600 0 53997 53997 6226 0 10034 284.090912 5
273.2960 124 GPS_INT 392433238 30036270 500219829 519906339 43768024 46478 1290 -4 60 -1 0 0 0 0 4 3
273.2979 124 DELFLY_STATEESTIMATION 4 0.033333 10.000000 120 163 -263 -55548 277740 0 120 166 -263 -10485 314572 5242 6004 5238 2362
273.2999 124 DELFLY_SPEEDCONTROL 2 0 39 53997 18829 11115 485 -1259 -777 -117 63427 1037 0 38 9430 1037 4 -21 -24 0 4687 8302
273.3019 124 DELFLY_GUIDANCE 13 2 43 400 -256 0 0 -120 -166 7 55548 -277740 0 3197046 -1018064 -257238724 -1018064 0 39 7736
273.3038 124 DELFLY_STATE 120 166 -263 -55548 277740 0 -55548 277740 0 276 -4600 0 53997 53997 6271 0 10034 340.909088 5
273.3075 124 GPS_DIAGNOSTICS 1 7467 27.079723 0.036928 36928 -263 0 0
273.3155 124 GPS_INT 392433238 30036272 500219829 519906338 43768027 46479 1290 4 59 -7 0 0 0 0 4 3
273.3175 124 DELFLY_STATEESTIMATION 4 0.033333 10.000000 120 167 -263 0 280576 0 120 171 -263 -62914 304086 5242 -623 -10667 -2966
273.3194 124 DELFLY_SPEEDCONTROL 2 0 39 37596 18829 11115 485 -1259 -777 -117 63427 1422 0 38 25831 1422 4 -21 -68 0 4643 8288
273.3214 124 DELFLY_GUIDANCE 13 2 43 400 -256 0 0 -120 -171 7 0 -280576 0 3281259 -971715 62097408 -971715 0 39 7762
273.3233 124 DELFLY_STATE 120 171 -263 0 280576 0 0 280576 0 3715 189 0 37596 37596 6632 0 3428 319.602264 5
