256.9384 124 DELFLY_GUIDANCE 13 2 -297 551 -256 0 0 117 -652 64 247148 0 -123574 -6897593 8378673 763469524 8378673 0 440 -10773
256.9404 124 DELFLY_STATE -117 652 -320 -247148 0 123574 -247148 0 123574 6571 -7044 236 30864 30864 -12389 0 9453 304.054047 5
256.9451 124 GPS_DIAGNOSTICS 1 6979 30.145906 0.033172 33172 -320 0 0
256.9521 124 GPS_INT 392433312 30036466 500219788 519906253 43768300 46701 1510 41 -1 -33 0 0 0 0 4 3
256.9541 124 DELFLY_STATEESTIMATION 4 0.033333 10.000000 -118 652 -320 -306018 -61203 122407 -122 650 -320 -277872 -26214 5242 4870 -2198 12384
256.9560 124 DELFLY_SPEEDCONTROL 2 0 444 53884 18829 11115 485 -1259 -777 -117 63427 194287 0 443 9543 71880 52 -252 49 0 4809 7717
256.9580 124 DELFLY_GUIDANCE 13 2 -297 551 -256 0 0 122 -650 64 306018 61203 -122407 -6981442 8285842 424385590 8285842 0 444 -10759
256.9599 124 DELFLY_STATE -122 650 -320 -306018 -61203 122407 -306018 -61203 122407 -3436 -3572 -68 53884 53884 -12334 0 16238 319.602264 5
256.9716 124 GPS_INT 392433312 30036466 500219788 519906253 43768300 46701 1510 41 -1 -33 0 0 0 0 4 3
256.9736 124 DELFLY_STATEESTIMATION 4 0.033333 10.000000 -118 652 -320 -306018 -61203 122407 -122 650 -320 -277872 -26214 5242 -5955 3971 -15067
256.9755 124 DELFLY_SPEEDCONTROL 2 0 444 53884 18829 11115 485 -1259 -777 -117 63427 198722 0 443 9543 76315 52 -252 53 0 4813 7695
256.9775 124 DELFLY_GUIDANCE 13 2 -297 551 -256 0 0 122 -650 64 306018 61203 -122407 -6981442 8285842 424385590 8285842 0 444 -10759
256.9792 124 GPS_DIAGNOSTICS 1 6980 29.856094 0.033494 33494 -317 0 0
256.9796 124 DELFLY_STATE -122 650 -320 -306018 -61203 122407 -306018 -61203 122407 -3436 -3572 -68 53884 53884 -12727 0 16238 261.627899 5
