261.9970 124 DELFLY_STATEESTIMATION 4 0.033333 10.000000 -30 248 -299 10714500 6122571 -3061285 -25 253 -299 419430 220200 5242 10016 5701 -5851
261.9990 124 DELFLY_SPEEDCONTROL 2 0 234 63446 18829 11115 485 -1259 -777 -117 63427 -51298 0 0 -19 3009987 27 -132 3132 0 7867 0
262.0009 124 DELFLY_GUIDANCE 13 2 36 365 -256 0 0 25 -253 43 -10714500 -6122571 3061285 3360203 -2461277 498818731 -2461277 0 234 3441
262.0029 124 DELFLY_STATE -25 253 -299 10714500 6122571 -3061285 10714500 6122571 -3061285 -4713965 1304470 -1924378 63446 63446 999 0 3241 230.532791 5
262.0062 124 GPS_DIAGNOSTICS 1 7128 749.625187 0.001334 1334 -302 0 0
262.0074 124 GPS_DIAGNOSTICS 1 7129 34.594894 0.028906 28906 -304 0 0
262.0146 124 GPS_INT 392433286 30036309 500219809 519906291 43768075 46633 1450 -65 33 48 0 0 0 0 4 3
262.0172 124 GPS_DIAGNOSTICS 1 7130 801.282051 0.001248 1248 -304 0 0
262.0174 124 DELFLY_STATEESTIMATION 4 0.033333 10.000000 -10 258 -304 1467799 209685 -209685 -5 261 -304 419430 204472 5242 3541 -7246 6792
262.0224 124 DELFLY_STATE -5 261 -304 1467799 209685 -209685 1467799 209685 -209685 -1675435 -1270704 942545 60608 60608 1001 0 3317 242.456894 5
262.0341 124 GPS_INT 392433284 30036311 500219811 519906294 43768078 46638 1450 -67 34 49 0 0 0 0 4 3
262.0361 124 DELFLY_STATEESTIMATION 4 0.033333 10.000000 -10 258 -304 1467799 209685 -209685 -5 261 -304 419430 204472 5242 -4943 -1880 9059
262.0380 124 DELFLY_SPEEDCONTROL 2 0 494 60608 18829 11115 485 -1259 -777 -117 63427 -47066 0 494 2819 162619 58 -280 161 0 4927 7240
262.0400 124 DELFLY_GUIDANCE 13 2 36 365 -256 0 0 5 -261 48 -1467799 -209685 209685 3239131 -2792769 -605645693 -2792769 0 494 3441
262.0419 124 DELFLY_STATE -5 261 -304 1467799 209685 -209685 1467799 209685 -209685 -1675435 -1270704 942545 60608 60608 1426 0 3317 261.627899 5
262.0479 124 ROTORCRAFT_FP 261 -5 304 209685 1467799 209685 -711 -141 1551 0 0 112 0 7230 31
262.0480 124 STAB_ATTITUDE_INT -8191 -19268 9972 -711 -141 1551 0 -3 3441 -28326 19166 -68772 2318 5133 -5116 0 0 0 2318 5133 -5116
262.0499 124 GPS_DIAGNOSTICS 1 7131 102.239035 0.009781 9781 -307 0 0
262.0537 124 GPS_INT 392433283 30036312 500219813 519906296 43768080 46648 1460 -64 28 48 0 0 0 0 4 3
262.0556 124 DELFLY_STATEESTIMATION 4 0.033333 10.000000 -3 261 -305 438007 187717 -62572 0 263 -307 408944 167772 5242 -757 -4979 -9166
262.0576 124 DELFLY_SPEEDCONTROL 2 0 507 61233 18829 11115 485 -1259 -777 -117 63427 -42126 0 494 2194 20446 60 -288 15 0 4782 7944
262.0595 124 DELFLY_GUIDANCE 13 2 40 379 -256 0 0 0 -263 51 -438007 -187717 62572 3208863 -2875642 1796133875 -2875642 0 507 3441
262.0615 124 DELFLY_STATE 0 263 -307 438007 187717 -62572 438007 187717 -62572 -61451 -1310 8778 61233 61233 1523 0 3277 284.090912 5
262.0732 124 GPS_INT 392433283 30036312 500219813 519906296 43768080 46648 1460 -64 28 48 0 0 0 0 4 3
262.0751 124 DELFLY_STATEESTIMATION 4 0.033333 10.000000 -3 261 -305 438007 187717 -62572 0 263 -307 408944 167772 5242 3743 2033 -9475
262.0771 124 DELFLY_SPEEDCONTROL 2 0 507 61233 18829 11115 485 -1259 -777 -117 63427 -37056 0 507 2194 25516 60 -288 20 0 4787 7919
262.0790 124 DELFLY_GUIDANCE 13 2 40 379 -256 0 0 0 -263 51 -438007 -187717 62572 3208863 -2875642 1796133875 -2875642 0 507 3441
262.0810 124 DELFLY_STATE 0 263 -307 438007 187717 -62572 438007 187717 -62572 -61451 -1310 8778 61233 61233 1158 0 3277 258.027527 5
262.0847 124 GPS_DIAGNOSTICS 1 7132 30.565150 0.032717 32717 -307 0 0
262.0927 124 GPS_INT 392433281 30036313 500219815 519906298 43768082 46652 1460 -64 29 48 0 0 0 0 4 3
262.0947 124 DELFLY_STATEESTIMATION 4 0.033333 10.000000 1 264 -307 235267 176450 -117633 5 266 -307 408944 173014 5242 -981 2278 12346
262.0966 124 DELFLY_SPEEDCONTROL 2 0 189 24203 18829 11115 485 -1259 -777 -117 63427 -32622 0 189 39224 85011 22 -107 -17 0 4712 7774
262.0986 124 DELFLY_GUIDANCE 13 2 40 379 -256 0 0 -5 -266 51 -235267 -176450 117633 3190796 -2969449 -419542928 -2969449 0 189 3441
262.1005 124 DELFLY_STATE 5 266 -307 235267 176450 -117633 235267 176450 -117633 -11372 -631 -3088 24203 24203 1328 0 2757 292.968750 5
262.1123 124 GPS_INT 392433281 30036313 500219815 519906298 43768082 46652 1460 -64 29 48 0 0 0 0 4 3
262.1142 124 DELFLY_STATEESTIMATION 4 0.033333 10.000000 1 264 -307 235267 176450 -117633 5 266 -307 408944 173014 5242 5453 -352 8627
262.1162 124 DELFLY_SPEEDCONTROL 2 0 189 24203 18829 11115 485 -1259 -777 -117 63427 -30732 0 189 39224 86901 22 -107 -15 0 4714 7765
262.1177 124 GPS_DIAGNOSTICS 1 7133 28.691935 0.034853 34853 -307 0 0
262.1181 124 DELFLY_GUIDANCE 13 2 41 386 -256 0 0 -5 -266 51 -235267 -176450 117633 3190796 -2969449 -419542928 -2969449 0 189 3441
262.1201 124 DELFLY_STATE 10 268 -307 310915 186549 -62183 310915 186549 -62183 4486 598 3288 51182 51182 1669 0 2413 300.802124 5
262.1318 124 GPS_INT 392433279 30036314 500219816 519906300 43768083 46648 1460 -56 26 41 0 0 0 0 4 3
262.1337 124 DELFLY_STATEESTIMATION 4 0.033333 10.000000 6 267 -308 310915 186549 -62183 10 268 -307 351272 157286 5242 4773 -80 -16408
262.1357 124 DELFLY_SPEEDCONTROL 2 0 506 51182 18829 11115 485 -1259 -777 -117 63427 -26940 0 506 12245 35243 59 -287 3 0 4770 7863
262.1376 124 DELFLY_GUIDANCE 13 2 41 386 -256 0 0 -10 -268 51 -310915 -186549 62183 3160528 -3052322 -1123460261 -3052322 0 506 3441
262.1396 124 DELFLY_STATE 10 268 -307 310915 186549 -62183 310915 186549 -62183 4486 598 3288 51182 51182 1574 0 2413 327.034882 5
262.1475 124 ROTORCRAFT_FP 268 10 307 186549 310915 62183 -686 27 1378 0 0 112 0 7848 31
262.1476 124 STAB_ATTITUDE_INT 7780 1284 -18662 -686 27 1378 0 -158 3441 -27776 19301 -70274 2542 -104 1033 0 0 0 2542 -104 1033
262.1511 124 GPS_DIAGNOSTICS 1 7134 30.395137 0.032900 32900 -307 0 0
262.1552 124 DELFLY_SPEEDCONTROL 2 0 73 59239 18829 11115 485 -1259 -777 -117 63427 -21880 -4028 -61271 4188 -83252 59 -287 -97 412 4669 8460
262.1572 124 DELFLY_GUIDANCE 13 2 41 386 -256 0 0 -15 -273 51 -306862 -184117 -61372 3166863 -3167997 -1108817591 -3167997 0 73 3441
262.1591 124 DELFLY_STATE 15 273 -307 306862 184117 61372 306862 184117 61372 -237 -142 7231 59239 59239 1227 0 2413 267.857147 5
262.1708 124 GPS_INT 392433278 30036315 500219817 519906301 43768085 46650 1460 -55 17 41 0 0 0 0 4 3
262.1728 124 DELFLY_STATEESTIMATION 4 0.033333 10.000000 11 270 -307 306862 184117 61372 15 273 -307 351272 110100 5242 9924 -5576 4965
262.1748 124 DELFLY_SPEEDCONTROL 2 0 73 59239 18829 11115 485 -1259 -777 -117 63427 -20284 0 73 4188 -81656 8 -41 -95 404 4619 8699
262.1767 124 DELFLY_GUIDANCE 13 2 43 393 -256 0 0 -15 -273 51 -306862 -184117 -61372 3166863 -3167997 -1108817591 -3167997 0 73 3441
262.1787 124 DELFLY_STATE 15 273 -307 306862 184117 61372 306862 184117 61372 -237 -142 7231 59239 59239 1390 0 2413 330.882355 5
262.1846 124 GPS_DIAGNOSTICS 1 7135 29.967934 0.033369 33369 -307 0 0
262.1904 124 GPS_INT 392433276 30036316 500219818 519906303 43768086 46646 1460 -48 23 35 0 0 0 0 4 3
262.1923 124 DELFLY_STATEESTIMATION 4 0.033333 10.000000 16 274 -307 305161 244129 0 20 276 -307 298843 136314 5242 -8107 903 -187
262.1962 124 DELFLY_GUIDANCE 13 2 43 393 -256 0 0 -20 -276 51 -305161 -244129 0 3148796 -3261804 -358012445 -3261804 0 288 3441
262.1982 124 DELFLY_STATE 20 276 -307 305161 244129 0 305161 244129 0 -99 3492 -3572 48972 48972 1610 0 2859 314.245819 5
262.2099 124 GPS_INT 392433276 30036316 500219818 519906303 43768086 46646 1460 -48 23 35 0 0 0 0 4 3
262.2119 124 DELFLY_STATEESTIMATION 4 0.033333 10.000000 16 274 -307 305161 244129 0 20 276 -307 298843 136314 5242 -3928 -5644 9235
262.2138 124 DELFLY_SPEEDCONTROL 2 0 288 48972 18829 11115 485 -1259 -777 -117 63427 -16244 0 288 14455 -16244 34 -163 -55 69 4685 8242
262.2158 124 DELFLY_GUIDANCE 13 2 43 393 -256 0 0 -20 -276 51 -305161 -244129 0 3148796 -3261804 -358012445 -3261804 0 288 3441
262.2180 124 GPS_DIAGNOSTICS 1 7136 29.800042 0.033557 33557 -304 0 0
262.2294 124 GPS_INT 392433274 30036316 500219819 519906305 43768087 46642 1460 -49 7 37 0 0 0 0 4 3
262.2314 124 DELFLY_STATEESTIMATION 4 0.033333 10.000000 21 276 -306 306284 122513 61256 25 276 -304 314572 52428 5242 6011 -9526 -28577
262.2333 124 DELFLY_SPEEDCONTROL 2 0 57 38015 18829 11115 485 -1259 -777 -117 63427 -14288 0 57 25412 -75544 6 -32 -147 357 4566 8661
262.2353 124 DELFLY_GUIDANCE 13 2 43 399 -256 0 0 -25 -276 48 -306284 -122513 -61256 3094126 -3322809 -1854128143 -3322809 0 57 3441
262.2373 124 DELFLY_STATE 25 276 -304 306284 122513 61256 306284 122513 61256 65 -7104 3578 38015 38015 1107 0 3804 319.602264 5
262.2471 124 ROTORCRAFT_FP 276 25 304 122513 306284 -61256 -673 1 1184 0 0 112 0 8660 31
262.2472 124 STAB_ATTITUDE_INT -15193 26443 24521 -673 1 1184 0 -365 3441 -27175 19383 -71409 2266 -1910 -3274 0 0 0 2266 -1910 -3274
262.2510 124 ROTORCRAFT_STATUS 0 0 0 45 3 13 1 1 8 6 35 262
262.2511 124 DELFLY_STATEESTIMATION 4 0.033333 10.000000 21 276 -306 306284 122513 61256 25 276 -304 314572 52428 5242 6674 7816 10471
262.2524 124 GPS_DIAGNOSTICS 1 7137 29.915041 0.033428 33428 -307 0 0
262.2529 124 DELFLY_SPEEDCONTROL 2 0 57 38015 18829 11115 485 -1259 -777 -117 63427 -13718 0 57 25412 -74974 6 -32 -146 354 4567 8658
262.2548 124 DELFLY_GUIDANCE 13 2 43 399 -256 0 0 -25 -276 48 -306284 -122513 -61256 3094126 -3322809 -1854128143 -3322809 0 57 3441
262.2568 124 DELFLY_STATE 30 276 -307 297795 59559 59559 297795 59559 59559 -482 -3575 -96 45109 45109 1326 0 3432 334.821442 5
262.2685 124 GPS_INT 392433273 30036316 500219821 519906307 43768087 46651 1460 -45 17 33 0 0 0 0 4 3
262.2705 124 DELFLY_STATEESTIMATION 4 0.033333 10.000000 26 277 -305 297795 59559 59559 30 276 -307 283115 104857 5242 -5521 7024 2651
262.2724 124 DELFLY_SPEEDCONTROL 2 0 79 45109 18829 11115 485 -1259 -777 -117 63427 -13016 0 79 18318 -72575 9 -44 -124 348 4591 8640
262.2744 124 DELFLY_GUIDANCE 13 2 43 399 -256 0 0 -30 -276 51 -297795 -59559 -59559 3039456 -3383814 1765556125 -3383814 0 79 3441
262.2763 124 DELFLY_STATE 30 276 -307 297795 59559 59559 297795 59559 59559 -482 -3575 -96 45109 45109 1489 0 3432 358.280243 5
