278.6280 124 DELFLY_SPEEDCONTROL 2 0 -45 64899 18829 11115 485 -1259 -777 -117 63427 -14944 0 -44 -1472 -14944 -5 25 -11 75 4690 8436
278.6300 124 DELFLY_GUIDANCE 13 2 -211 425 -256 0 0 296 -701 -8 248558 124279 0 -9549133 -8012591 -1151329991 -8012591 0 -45 -5210
278.6319 124 DELFLY_STATE -296 701 -248 -248558 -124279 0 -248558 -124279 0 -811 3073 0 64899 64899 -11274 0 15015 353.773590 5
278.6435 124 GPS_DIAGNOSTICS 1 7626 30.341647 0.032958 32958 -248 0 0
278.6439 124 GPS_INT 392433348 30036487 500219723 519906190 43768327 46420 1230 37 -45 -27 0 0 0 0 4 3
278.6456 124 DELFLY_STATEESTIMATION 4 0.033333 10.000000 -297 701 -248 -122418 -183627 0 -299 698 -248 -225443 -251658 5242 18949 8073 -1758
278.6476 124 DELFLY_SPEEDCONTROL 2 0 -45 38215 18829 11115 485 -1259 -777 -117 63427 -15389 13342 -44 25212 -15389 -5 25 -83 57 4618 8419
278.6495 124 DELFLY_GUIDANCE 13 2 -211 425 -256 0 0 299 -698 -8 122418 183627 0 -9380741 -8169458 -816704662 -8169458 0 -45 -5156
278.6515 124 DELFLY_STATE -299 698 -248 -122418 -183627 0 -122418 -183627 0 7363 -3464 0 38215 38215 -10774 0 16730 323.275848 5
278.6632 124 GPS_INT 392433348 30036487 500219723 519906190 43768327 46420 1230 37 -45 -27 0 0 0 0 4 3
278.6653 124 ROTORCRAFT_FP 698 -299 248 -183627 -122418 0 364 -358 -10553 0 0 112 0 8421 48
278.6654 124 STAB_ATTITUDE_INT -4018 -23267 4829 364 -358 -10553 0 -315 -5156 -31175 22924 -84124 -171 5620 -2246 0 0 0 -171 5620 -2246
278.6655 124 DELFLY_STATEESTIMATION 4 0.033333 10.000000 -297 701 -248 -122418 -183627 0 -299 698 -248 -225443 -251658 5242 4567 789 2417
278.6671 124 DELFLY_SPEEDCONTROL 2 0 -45 38215 18829 11115 485 -1259 -777 -117 63427 -15834 0 -44 25212 -15834 -5 25 -84 60 4617 8421
278.6711 124 DELFLY_STATE -299 698 -248 -122418 -183627 0 -122418 -183627 0 7363 -3464 0 38215 38215 -10597 0 16730 328.947357 5
278.6770 124 GPS_DIAGNOSTICS 1 7627 29.835606 0.033517 33517 -248 0 0
278.6827 124 GPS_INT 392433349 30036485 500219722 519906189 43768324 46417 1230 36 -37 -27 0 0 0 0 4 3
278.6847 124 DELFLY_STATEESTIMATION 4 0.033333 10.000000 -301 697 -248 -244151 -244151 0 -304 693 -248 -225443 -209715 5242 -7169 -2713 -33266
278.6865 124 DELFLY_SPEEDCONTROL 2 0 -45 57055 18829 11115 485 -1259 -777 -117 63427 -16279 0 -44 6372 -16279 -5 25 -34 76 4667 8438
278.6886 124 DELFLY_GUIDANCE 13 2 -212 423 -256 0 0 304 -693 -8 244151 244151 0 -9140319 -8375247 780931994 -8375247 0 -45 -5088
278.6905 124 DELFLY_STATE -304 693 -248 -244151 -244151 0 -244151 -244151 0 -7086 -3523 0 57055 57055 -10783 0 16087 330.882355 5
278.7023 124 GPS_INT 392433349 30036485 500219722 519906189 43768324 46417 1230 36 -37 -27 0 0 0 0 4 3
278.7042 124 DELFLY_STATEESTIMATION 4 0.033333 10.000000 -301 697 -248 -244151 -244151 0 -304 693 -248 -225443 -209715 5242 -318 -14547 11578
278.7062 124 DELFLY_SPEEDCONTROL 2 0 -45 57055 18829 11115 485 -1259 -777 -117 63427 -16724 0 -44 6372 -16724 -5 25 -34 78 4667 8439
278.7081 124 DELFLY_GUIDANCE 13 2 -212 423 -256 0 0 304 -693 -8 244151 244151 0 -9140319 -8375247 780931994 -8375247 0 -45 -5088
278.7101 124 DELFLY_STATE -304 693 -248 -244151 -244151 0 -244151 -244151 0 -7086 -3523 0 57055 57055 -10400 0 16087 330.882355 5
278.7113 124 GPS_DIAGNOSTICS 1 7628 29.808036 0.033548 33548 -248 0 0
278.7218 124 GPS_INT 392433350 30036484 500219721 519906188 43768322 46415 1230 33 -50 -24 0 0 0 0 4 3
278.7237 124 DELFLY_STATEESTIMATION 4 0.033333 10.000000 -305 693 -248 -239056 -239056 0 -307 691 -248 -199229 -277872 5242 -4609 -4142 -13330
278.7257 124 DELFLY_SPEEDCONTROL 2 0 -45 51248 18829 11115 485 -1259 -777 -117 63427 -17169 0 -44 12179 -17169 -5 25 -50 75 4651 8437
278.7277 124 DELFLY_GUIDANCE 13 2 -212 423 -256 0 0 307 -691 -8 239056 239056 0 -8989827 -8521539 704410832 -8521539 0 -45 -5038
278.7296 124 DELFLY_STATE -307 691 -248 -239056 -239056 0 -239056 -239056 0 290 290 0 51248 51248 -10072 0 16087 353.773590 5
278.7413 124 GPS_INT 392433350 30036484 500219721 519906188 43768322 46415 1230 33 -50 -24 0 0 0 0 4 3
278.7433 124 DELFLY_STATEESTIMATION 4 0.033333 10.000000 -305 693 -248 -239056 -239056 0 -307 691 -248 -199229 -277872 5242 10030 106 15521
278.7451 124 GPS_DIAGNOSTICS 1 7629 29.186854 0.034262 34262 -248 0 0
278.7456 124 DELFLY_SPEEDCONTROL 2 0 -45 51248 18829 11115 485 -1259 -777 -117 63427 -17614 0 -44 12179 -17614 -5 25 -51 78 4650 8439
278.7472 124 DELFLY_GUIDANCE 13 2 -212 420 -256 0 0 307 -691 -8 239056 239056 0 -8794236 -8723402 757242208 -8723402 0 -45 -4945
278.7492 124 DELFLY_STATE -312 683 -248 -242417 -242417 0 -242417 -242417 0 -194 -194 0 39596 39596 -10326 0 16087 312.500000 5
278.7609 124 GPS_INT 392433352 30036482 500219720 519906186 43768319 46418 1230 34 -41 -25 0 0 0 0 4 3
278.7628 124 DELFLY_STATEESTIMATION 4 0.033333 10.000000 -309 689 -248 -242417 -242417 0 -312 683 -248 -209715 -230686 5242 -10811 4319 8758
278.7649 124 ROTORCRAFT_FP 683 -312 248 -242417 -242417 0 289 -239 -10141 0 0 112 0 8433 48
278.7667 124 DELFLY_GUIDANCE 13 2 -212 420 -256 0 0 312 -683 -8 242417 242417 0 -8642627 -8753399 828273582 -8753399 0 -45 -4945
278.7687 124 DELFLY_STATE -312 683 -248 -242417 -242417 0 -242417 -242417 0 -194 -194 0 39596 39596 -10084 0 16087 336.826355 5
278.7776 124 GPS_DIAGNOSTICS 1 7630 29.524653 0.033870 33870 -248 0 0
278.7804 124 GPS_INT 392433353 30036480 500219719 519906185 43768316 46416 1230 29 -53 -20 0 0 0 0 4 3
278.7823 124 DELFLY_STATEESTIMATION 4 0.033333 10.000000 -313 683 -248 -251976 -377964 0 -314 678 -248 -167772 -293601 5242 1807 7655 19844
278.7843 124 DELFLY_SPEEDCONTROL 2 0 -45 13793 18829 11115 485 -1259 -777 -117 63427 -18504 0 -44 49634 -18504 -5 25 -153 54 4548 8416
278.7862 124 DELFLY_GUIDANCE 13 2 -212 420 -256 0 0 314 -678 -8 251976 377964 0 -8438108 -8867384 -1314001604 -8867384 0 -45 -4891
278.7883 124 DELFLY_STATE -314 678 -248 -251976 -377964 0 -251976 -377964 0 -574 -8143 0 13793 13793 -9696 0 16730 356.012665 5
278.7999 124 GPS_INT 392433353 30036480 500219719 519906185 43768316 46416 1230 29 -53 -20 0 0 0 0 4 3
278.8019 124 DELFLY_STATEESTIMATION 4 0.033333 10.000000 -313 683 -248 -251976 -377964 0 -314 678 -248 -167772 -293601 5242 -13650 -6188 -20090
278.8038 124 DELFLY_SPEEDCONTROL 2 0 -45 13793 18829 11115 485 -1259 -777 -117 63427 -18949 0 -44 49634 -18949 -5 25 -153 57 4548 8418
278.8058 124 DELFLY_GUIDANCE 13 2 -212 416 -256 0 0 314 -678 -8 251976 377964 0 -8485552 -8821836 -1322568788 -8821836 0 -45 -4913
278.8077 124 DELFLY_STATE -314 678 -248 -251976 -377964 0 -251976 -377964 0 -574 -8143 0 13793 13793 -9842 0 16730 304.054047 5
278.8117 124 GPS_DIAGNOSTICS 1 7631 30.826141 0.032440 32440 -248 0 0
278.8194 124 GPS_INT 392433354 30036479 500219719 519906184 43768314 46421 1230 32 -44 -23 0 0 0 0 4 3
278.8214 124 DELFLY_STATEESTIMATION 4 0.033333 10.000000 -315 678 -248 -120117 -300293 0 -317 675 -248 -193986 -246415 5242 213 -644 12811
278.8233 124 DELFLY_SPEEDCONTROL 2 0 -45 39048 18829 11115 485 -1259 -777 -117 63427 -19394 0 -44 24379 -19394 -5 25 -85 78 4616 8439
278.8253 124 DELFLY_GUIDANCE 13 2 -212 416 -256 0 0 317 -675 -8 120117 300293 0 -8298024 -8966286 1003461224 -8966286 0 -45 -4856
278.8273 124 DELFLY_STATE -317 675 -248 -120117 -300293 0 -120117 -300293 0 7552 4448 0 39048 39048 -9916 0 15460 347.222229 5
278.8390 124 GPS_INT 392433354 30036479 500219719 519906184 43768314 46421 1230 32 -44 -23 0 0 0 0 4 3
278.8410 124 DELFLY_STATEESTIMATION 4 0.033333 10.000000 -315 678 -248 -120117 -300293 0 -317 675 -248 -193986 -246415 5242 13902 9401 -5181
278.8429 124 DELFLY_SPEEDCONTROL 2 0 -45 39048 18829 11115 485 -1259 -777 -117 63427 -19839 0 -44 24379 -19839 -5 25 -86 80 4615 8442
278.8442 124 GPS_DIAGNOSTICS 1 7632 29.322933 0.034103 34103 -248 0 0
278.8448 124 DELFLY_GUIDANCE 13 2 -212 416 -256 0 0 317 -675 -8 120117 300293 0 -8145639 -9104809 1002260001 -9104809 0 -45 -4787
278.8468 124 DELFLY_STATE -320 670 -248 -188906 -251875 0 -188906 -251875 0 -4130 2907 0 18499 18499 -9485 0 16546 327.034882 5
278.8585 124 GPS_INT 392433355 30036477 500219718 519906183 43768311 46419 1230 26 -52 -18 0 0 0 0 4 3
278.8645 124 ROTORCRAFT_FP 670 -320 248 -251875 -188906 0 -167 -177 -9373 0 0 112 0 8429 48
278.8646 124 STAB_ATTITUDE_INT 8805 -5980 -19024 -167 -177 -9373 0 -373 -4804 -31014 23132 -85327 1634 4025 -1466 0 0 0 1634 4025 -1466
278.8647 124 DELFLY_GUIDANCE 13 2 -212 413 -256 0 0 320 -670 -8 188906 251875 0 -8088610 -9084110 707709399 -9084110 0 -45 -4804
278.8663 124 DELFLY_STATE -320 670 -248 -188906 -251875 0 -188906 -251875 0 -4130 2907 0 18499 18499 -9373 0 16546 321.428558 5
278.8778 124 GPS_DIAGNOSTICS 1 7633 30.750308 0.032520 32520 -250 0 0
278.8782 124 GPS_INT 392433356 30036475 500219718 519906183 43768308 46424 1230 30 -43 -22 0 0 0 0 4 3
278.8799 124 DELFLY_STATEESTIMATION 4 0.033333 10.000000 -321 670 -249 -183320 -244427 -61106 -322 665 -250 -183500 -241172 5242 -4560 -9353 -27175
278.8819 124 DELFLY_SPEEDCONTROL 2 0 181 56182 18829 11115 485 -1259 -777 -117 63427 -20729 -18841 30508 7245 40377 -5 25 22 0 4724 8155
278.8839 124 DELFLY_GUIDANCE 13 2 -212 413 -256 0 0 322 -665 -6 183320 244427 61106 -7875553 -9191245 576033429 -9191245 0 181 -4748
278.8859 124 DELFLY_STATE -322 665 -250 -183320 -244427 -61106 -183320 -244427 -61106 325 434 -3561 56182 56182 -9627 0 16546 336.826355 5
278.8976 124 GPS_INT 392433356 30036475 500219718 519906183 43768308 46424 1230 30 -43 -22 0 0 0 0 4 3
278.8995 124 DELFLY_STATEESTIMATION 4 0.033333 10.000000 -321 670 -249 -183320 -244427 -61106 -322 665 -250 -183500 -241172 5242 4253 -11711 8782
278.9015 124 DELFLY_SPEEDCONTROL 2 0 181 56182 18829 11115 485 -1259 -777 -117 63427 -19370 0 181 7245 41736 21 -102 23 0 4752 8019
278.9035 124 DELFLY_GUIDANCE 13 2 -212 413 -256 0 0 322 -665 -6 183320 244427 61106 -7875553 -9191245 576033429 -9191245 0 181 -4748
278.9054 124 DELFLY_STATE -322 665 -250 -183320 -244427 -61106 -183320 -244427 -61106 325 434 -3561 56182 56182 -9337 0 16546 314.245819 5
278.9110 124 GPS_DIAGNOSTICS 1 7634 29.805371 0.033551 33551 -248 0 0
278.9171 124 GPS_INT 392433356 30036474 500219717 519906182 43768307 46416 1230 24 -48 -17 0 0 0 0 4 3
278.9190 124 DELFLY_STATEESTIMATION 4 0.033333 10.000000 -323 665 -249 -123265 -308164 0 -325 663 -248 -141557 -262143 5242 -3167 2067 -22491
278.9230 124 DELFLY_GUIDANCE 13 2 -212 411 -256 0 0 325 -663 -8 123265 308164 0 -7733362 -9301188 1137775105 -9301188 0 -45 -4707
278.9249 124 DELFLY_STATE -325 663 -248 -123265 -308164 0 -123265 -308164 0 3529 -3746 3591 52774 52774 -9029 0 15511 336.826355 5
