261.6904 124 GPS_INT 392433304 30036302 500219791 519906269 43768063 46599 1410 -57 -10 44 0 0 0 0 4 3
261.6923 124 DELFLY_STATEESTIMATION 4 0.033333 10.000000 -79 233 -295 432249 -61749 -123499 -76 235 -294 377487 -31457 5242 4669 -671 9944
261.6943 124 DELFLY_SPEEDCONTROL 2 0 136 40909 18829 11115 485 -1259 -777 -117 63427 -81450 0 136 22518 42049 16 -77 -16 0 4706 8032
261.6962 124 DELFLY_GUIDANCE 13 2 9 321 -256 0 0 76 -235 38 -432249 61749 123499 -15567 -4046156 -2119303487 -4046156 0 136 -1297
261.6982 124 DELFLY_STATE -76 235 -294 432249 -61749 -123499 432249 -61749 -123499 3839 -33 -67 40909 40909 -2240 0 23224 330.882355 5
261.7099 124 GPS_INT 392433304 30036302 500219791 519906269 43768063 46599 1410 -57 -10 44 0 0 0 0 4 3
261.7119 124 DELFLY_STATEESTIMATION 4 0.033333 10.000000 -79 233 -295 432249 -61749 -123499 -76 235 -294 377487 -31457 5242 -15142 11911 -597
261.7139 124 GPS_DIAGNOSTICS 1 7121 30.127742 0.033192 33192 -294 0 0
261.7158 124 DELFLY_GUIDANCE 13 2 9 321 -256 0 0 76 -235 38 -432249 61749 123499 -15567 -4046156 -2119303487 -4046156 0 136 -1297
261.7177 124 DELFLY_STATE -69 235 -294 373950 62325 0 373950 62325 0 -3465 7374 7340 44599 44599 -1566 0 2852 307.377045 5
261.7294 124 GPS_INT 392433302 30036302 500219793 519906272 43768063 46602 1410 -66 5 50 0 0 0 0 4 3
261.7315 124 DELFLY_STATEESTIMATION 4 0.033333 10.000000 -73 234 -295 373950 62325 0 -69 235 -294 429915 52428 5242 -5939 -1741 8811
261.7334 124 DELFLY_SPEEDCONTROL 2 0 214 44599 18829 11115 485 -1259 -777 -117 63427 -78262 0 214 18828 -78262 25 -121 -132 376 4600 8591
261.7353 124 DELFLY_GUIDANCE 13 2 17 331 -256 0 0 69 -235 38 -373950 -62325 0 3621681 -1727621 966625321 -1727621 0 214 3441
261.7394 124 ROTORCRAFT_FP 235 -69 294 62325 373950 0 1216 -406 -1525 0 0 112 0 8589 31
261.7395 124 STAB_ATTITUDE_INT 7802 -19142 -15822 1216 -406 -1525 0 -332 3441 -27495 18453 -65994 -3799 2125 1802 0 0 1767 -3799 2125 3569
261.7490 124 GPS_INT 392433302 30036302 500219793 519906272 43768063 46602 1410 -66 5 50 0 0 0 0 4 3
261.7510 124 DELFLY_STATEESTIMATION 4 0.033333 10.000000 -73 234 -295 373950 62325 0 -69 235 -294 429915 52428 5242 11856 4675 -30213
261.7529 124 DELFLY_SPEEDCONTROL 2 0 214 44599 18829 11115 485 -1259 -777 -117 63427 -76122 0 214 18828 -76122 25 -121 -129 366 4602 8580
261.7549 124 DELFLY_GUIDANCE 13 2 17 331 -256 0 0 69 -235 38 -373950 -62325 0 3621681 -1727621 966625321 -1727621 0 214 3441
261.7567 124 DELFLY_STATE -69 235 -294 373950 62325 0 373950 62325 0 -3465 7374 7340 44599 44599 -1661 0 2852 325.144501 5
261.7685 124 GPS_INT 392433302 30036302 500219793 519906272 43768063 46602 1410 -66 5 50 0 0 0 0 4 3
261.7705 124 DELFLY_STATEESTIMATION 4 0.033333 10.000000 -73 234 -295 373950 62325 0 -69 235 -294 429915 52428 5242 7957 5966 18810
261.7724 124 DELFLY_SPEEDCONTROL 2 0 214 44599 18829 11115 485 -1259 -777 -117 63427 -73982 0 214 18828 -73982 25 -121 -127 355 4604 8569
261.7744 124 DELFLY_GUIDANCE 13 2 17 331 -256 0 0 69 -235 38 -373950 -62325 0 3621681 -1727621 966625321 -1727621 0 214 3441
261.7764 124 DELFLY_STATE -69 235 -294 373950 62325 0 373950 62325 0 -3465 7374 7340 44599 44599 -1069 0 2852 334.821442 5
261.7881 124 GPS_INT 392433302 30036302 500219793 519906272 43768063 46602 1410 -66 5 50 0 0 0 0 4 3
261.7900 124 DELFLY_STATEESTIMATION 4 0.033333 10.000000 -73 234 -295 373950 62325 0 -69 235 -294 429915 52428 5242 5648 5784 -4257
261.7920 124 DELFLY_SPEEDCONTROL 2 0 214 44599 18829 11115 485 -1259 -777 -117 63427 -71842 0 214 18828 -71842 25 -121 -125 344 4607 8559
261.7940 124 DELFLY_GUIDANCE 13 2 17 331 -256 0 0 69 -235 38 -373950 -62325 0 3621681 -1727621 966625321 -1727621 0 214 3441
261.7959 124 DELFLY_STATE -69 235 -294 373950 62325 0 373950 62325 0 -3465 7374 7340 44599 44599 -667 0 2852 360.576935 5
261.8076 124 GPS_INT 392433302 30036302 500219793 519906272 43768063 46602 1410 -66 5 50 0 0 0 0 4 3
261.8096 124 DELFLY_STATEESTIMATION 4 0.033333 10.000000 -73 234 -295 373950 62325 0 -69 235 -294 429915 52428 5242 -243 4285 8190
261.8135 124 DELFLY_GUIDANCE 13 2 17 331 -256 0 0 69 -235 38 -373950 -62325 0 3621681 -1727621 966625321 -1727621 0 214 3441
261.8154 124 DELFLY_STATE -69 235 -294 373950 62325 0 373950 62325 0 -3465 7374 7340 44599 44599 -964 0 2852 310.773468 5
261.8271 124 GPS_INT 392433302 30036302 500219793 519906272 43768063 46602 1410 -66 5 50 0 0 0 0 4 3
261.8290 124 DELFLY_STATEESTIMATION 4 0.033333 10.000000 -73 234 -295 373950 62325 0 -69 235 -294 429915 52428 5242 4291 -12518 6856
261.8310 124 DELFLY_SPEEDCONTROL 2 0 214 44599 18829 11115 485 -1259 -777 -117 63427 -67562 0 214 18828 -67562 25 -121 -120 323 4611 8537
261.8330 124 DELFLY_GUIDANCE 13 2 17 331 -256 0 0 69 -235 38 -373950 -62325 0 3621681 -1727621 966625321 -1727621 0 214 3441
261.8349 124 DELFLY_STATE -69 235 -294 373950 62325 0 373950 62325 0 -3465 7374 7340 44599 44599 -536 0 2852 351.562500 5
261.8390 124 ROTORCRAFT_FP 235 -69 294 62325 373950 0 628 -482 -344 0 0 112 0 8533 31
261.8391 124 STAB_ATTITUDE_INT -14156 19727 21715 628 -482 -344 0 -320 3441 -28311 18613 -66247 -2236 -1618 -5641 0 0 1767 -2236 -1618 -3874
261.8467 124 GPS_INT 392433302 30036302 500219793 519906272 43768063 46602 1410 -66 5 50 0 0 0 0 4 3
261.8485 124 DELFLY_STATEESTIMATION 4 0.033333 10.000000 -73 234 -295 373950 62325 0 -69 235 -294 429915 52428 5242 -7069 -8962 5868
261.8506 124 DELFLY_SPEEDCONTROL 2 0 214 44599 18829 11115 485 -1259 -777 -117 63427 -65422 0 214 18828 -65422 25 -121 -118 312 4613 8526
261.8525 124 DELFLY_GUIDANCE 13 2 17 331 -256 0 0 69 -235 38 -373950 -62325 0 3621681 -1727621 966625321 -1727621 0 214 3441
261.8546 124 DELFLY_STATE -69 235 -294 373950 62325 0 373950 62325 0 -3465 7374 7340 44599 44599 48 0 2852 360.576935 5
261.8662 124 GPS_INT 392433302 30036302 500219793 519906272 43768063 46602 1410 -66 5 50 0 0 0 0 4 3
261.8682 124 DELFLY_STATEESTIMATION 4 0.033333 10.000000 -73 234 -295 373950 62325 0 -69 235 -294 429915 52428 5242 14752 1663 -19383
261.8701 124 DELFLY_SPEEDCONTROL 2 0 214 44599 18829 11115 485 -1259 -777 -117 63427 -63282 0 214 18828 -63282 25 -121 -116 302 4616 8516
261.8720 124 DELFLY_GUIDANCE 13 2 17 331 -256 0 0 69 -235 38 -373950 -62325 0 3621681 -1727621 966625321 -1727621 0 214 3441
261.8740 124 DELFLY_STATE -69 235 -294 373950 62325 0 373950 62325 0 -3465 7374 7340 44599 44599 -83 0 2852 310.773468 5
261.8857 124 GPS_INT 392433302 30036302 500219793 519906272 43768063 46602 1410 -66 5 50 0 0 0 0 4 3
