273.3937 124 ROTORCRAFT_FP 181 122 266 386451 0 128817 -704 407 6686 0 0 112 0 7682 43
273.3938 124 STAB_ATTITUDE_INT -2821 4298 5721 -704 407 6686 0 -106 7840 -27727 26309 -88077 2766 205 -4168 0 0 0 2766 205 -4168
273.4015 124 GPS_INT 392433238 30036276 500219830 519906339 43768033 46488 1300 2 56 -5 0 0 0 0 4 3
273.4034 124 DELFLY_STATEESTIMATION 4 0.033333 10.000000 120 178 -267 0 386451 -128817 122 181 -266 -47185 288358 5242 -1035 -604 20617
273.4053 124 DELFLY_SPEEDCONTROL 2 0 -3 57580 18829 11115 485 -1259 -777 -117 63427 1490 0 -3 5847 130307 0 1 119 0 4826 7682
273.4073 124 DELFLY_GUIDANCE 13 2 43 402 -256 0 0 -122 -181 10 0 -386451 128817 3464326 -884662 1666425830 -884662 0 -3 7840
273.4088 124 GPS_DIAGNOSTICS 1 7470 31.449508 0.031797 31797 -266 0 0
273.4093 124 DELFLY_STATE 122 181 -266 0 386451 -128817 0 386451 -128817 0 5702 -698 57580 57580 6509 0 4251 302.419342 5
273.4210 124 GPS_INT 392433238 30036278 500219830 519906339 43768036 46489 1300 -8 51 3 0 0 0 0 4 3
273.4229 124 DELFLY_STATEESTIMATION 4 0.033333 10.000000 121 183 -267 59158 295791 0 120 186 -266 26214 267386 5242 6832 2739 -27388
273.4249 124 DELFLY_SPEEDCONTROL 2 0 56 28243 18829 11115 485 -1259 -777 -117 63427 1694 0 55 35184 1694 6 -31 -93 0 4620 8270
273.4268 124 DELFLY_GUIDANCE 13 2 43 404 -256 0 0 -120 -186 10 -59158 -295791 0 3527328 -840060 596823172 -840060 0 56 7824
273.4288 124 DELFLY_STATE 120 186 -266 59158 295791 0 59158 295791 0 3337 -5114 7267 28243 28243 6163 0 2985 296.052643 5
273.4410 124 GPS_DIAGNOSTICS 1 7471 28.825920 0.034691 34691 -266 0 0
273.4412 124 GPS_INT 392433238 30036280 500219830 519906339 43768038 46490 1300 -1 53 -3 0 0 0 0 4 3
273.4464 124 DELFLY_GUIDANCE 13 2 43 404 -256 0 0 -120 -192 10 63634 -318170 -63634 3626808 -775560 249136644 -775560 0 -167 7860
273.4483 124 DELFLY_STATE 120 192 -266 -63634 318170 63634 -63634 318170 63634 -7451 1358 3861 46927 46927 6380 0 9712 321.428558 5
273.4600 124 GPS_INT 392433238 30036280 500219830 519906339 43768038 46490 1300 -1 53 -3 0 0 0 0 4 3
273.4620 124 DELFLY_STATEESTIMATION 4 0.033333 10.000000 120 188 -266 -63634 318170 63634 120 192 -266 -26214 272629 5242 -4599 -10594 25174
273.4640 124 DELFLY_SPEEDCONTROL 2 0 -167 46927 18829 11115 485 -1259 -777 -117 63427 1024 0 -167 16500 -62610 -19 94 -109 300 4577 8731
273.4659 124 DELFLY_GUIDANCE 13 2 43 404 -256 0 0 -120 -192 10 63634 -318170 -63634 3626808 -775560 249136644 -775560 0 -167 7860
273.4679 124 DELFLY_STATE 120 192 -266 -63634 318170 63634 -63634 318170 63634 -7451 1358 3861 46927 46927 6572 0 9712 349.378876 5
273.4741 124 GPS_DIAGNOSTICS 1 7472 31.073271 0.032182 32182 -266 0 0
273.4796 124 GPS_INT 392433238 30036281 500219830 519906338 43768040 46491 1300 -12 48 6 0 0 0 0 4 3
273.4815 124 DELFLY_STATEESTIMATION 4 0.033333 10.000000 120 192 -266 0 247357 0 120 194 -266 52428 251658 5242 4588 6094 -20940
273.4835 124 DELFLY_SPEEDCONTROL 2 0 56 32495 18829 11115 485 -1259 -777 -117 63427 -199 0 56 30932 -199 6 -31 -83 0 4630 8282
273.4854 124 DELFLY_GUIDANCE 13 2 43 406 -256 0 0 -120 -194 10 0 -247357 0 3657606 -764390 -485916853 -764390 0 56 7860
273.4874 124 DELFLY_STATE 120 194 -266 0 247357 0 0 247357 0 3752 -4176 -3752 32495 32495 6120 0 3024 292.968750 5
273.4934 124 ROTORCRAFT_FP 194 120 266 247357 0 0 -409 -21 6000 0 0 112 0 8281 43
273.4934 124 STAB_ATTITUDE_INT 622 -16156 -5525 -409 -21 6000 0 -302 7860 -27183 26018 -88532 1726 1000 2978 0 0 0 1726 1000 2978
273.4991 124 GPS_INT 392433238 30036281 500219830 519906338 43768040 46491 1300 -12 48 6 0 0 0 0 4 3
273.5011 124 DELFLY_STATEESTIMATION 4 0.033333 10.000000 120 192 -266 0 247357 0 120 194 -266 52428 251658 5242 6142 4414 3132
273.5030 124 DELFLY_SPEEDCONTROL 2 0 56 32495 18829 11115 485 -1259 -777 -117 63427 357 0 55 30932 357 6 -31 -82 0 4630 8280
273.5050 124 DELFLY_GUIDANCE 13 2 43 406 -256 0 0 -120 -194 10 0 -247357 0 3657606 -764390 -485916853 -764390 0 56 7860
273.5070 124 DELFLY_STATE 120 194 -266 0 247357 0 0 247357 0 3752 -4176 -3752 32495 32495 6035 0 3024 342.987793 5
273.5079 124 GPS_DIAGNOSTICS 1 7473 30.210568 0.033101 33101 -266 0 0
273.5186 124 GPS_INT 392433238 30036283 500219830 519906338 43768043 46492 1300 -5 49 0 0 0 0 0 4 3
273.5205 124 DELFLY_STATEESTIMATION 4 0.033333 10.000000 120 196 -266 0 242159 0 120 199 -266 0 256900 5242 -5414 -14398 -2143
273.5225 124 DELFLY_SPEEDCONTROL 2 0 56 52975 18829 11115 485 -1259 -777 -117 63427 912 0 55 10452 912 6 -31 -27 0 4686 8292
273.5245 124 DELFLY_GUIDANCE 13 2 43 406 -256 0 0 -120 -199 10 0 -242159 0 3740245 -707305 -576615851 -707305 0 56 7892
273.5265 124 DELFLY_STATE 120 199 -266 0 242159 0 0 242159 0 0 -300 0 52975 52975 6338 0 2951 327.034882 5
273.5382 124 GPS_INT 392433238 30036283 500219830 519906338 43768043 46492 1300 -5 49 0 0 0 0 0 4 3
273.5406 124 GPS_DIAGNOSTICS 1 7474 29.541225 0.033851 33851 -266 0 0
273.5408 124 DELFLY_STATEESTIMATION 4 0.033333 10.000000 120 200 -266 0 250259 0 122 204 -266 78643 241172 5242 -1615 384 10494
273.5421 124 DELFLY_SPEEDCONTROL 2 0 56 50000 18829 11115 485 -1259 -777 -117 63427 1467 1487 55 13427 1467 6 -31 -34 0 4679 8287
273.5440 124 DELFLY_GUIDANCE 13 2 43 409 -256 0 0 -122 -204 10 0 -250259 0 3839752 -645636 -476515474 -645636 0 56 7960
273.5460 124 DELFLY_STATE 122 204 -266 0 250259 0 0 250259 0 0 483 0 50000 50000 6214 0 3064 312.500000 5
273.5577 124 GPS_INT 392433237 30036285 500219830 519906339 43768046 46486 1300 -16 45 9 0 0 0 0 4 3
273.5597 124 DELFLY_STATEESTIMATION 4 0.033333 10.000000 120 200 -266 0 250259 0 122 204 -266 78643 241172 5242 -1631 803 -14667
273.5616 124 DELFLY_SPEEDCONTROL 2 0 56 50000 18829 11115 485 -1259 -777 -117 63427 2022 0 55 13427 2022 6 -31 -34 0 4679 8285
273.5636 124 DELFLY_GUIDANCE 13 2 43 409 -256 0 0 -122 -204 10 0 -250259 0 3836518 -664474 -469257963 -664474 0 56 7940
273.5655 124 DELFLY_STATE 122 204 -266 0 250259 0 0 250259 0 0 483 0 50000 50000 5826 0 3064 327.034882 5
273.5742 124 GPS_DIAGNOSTICS 1 7475 30.575430 0.032706 32706 -266 0 0
273.5773 124 GPS_INT 392433237 30036286 500219830 519906339 43768047 46487 1300 -9 48 3 0 0 0 0 4 3
273.5831 124 DELFLY_GUIDANCE 13 2 43 409 -256 0 0 -122 -207 10 -122202 -305507 0 3885526 -627756 1094782430 -627756 0 56 7960
273.5850 124 DELFLY_STATE 122 207 -266 122202 305507 0 122202 305507 0 7120 3219 0 29894 29894 6036 0 2624 321.428558 5
273.5930 124 ROTORCRAFT_FP 207 122 266 305507 122202 0 -538 190 6199 0 0 112 0 8265 43
273.5931 124 STAB_ATTITUDE_INT -8738 -5219 18082 -538 190 6199 0 -306 7960 -26717 25776 -88524 2041 3108 -2628 0 0 0 2041 3108 -2628
273.5968 124 GPS_INT 392433237 30036286 500219830 519906339 43768047 46487 1300 -9 48 3 0 0 0 0 4 3
273.5987 124 DELFLY_STATEESTIMATION 4 0.033333 10.000000 122 205 -266 122202 305507 0 122 207 -266 31457 251658 5242 1434 4576 -24255
273.6007 124 DELFLY_SPEEDCONTROL 2 0 56 29894 18829 11115 485 -1259 -777 -117 63427 3132 0 55 33533 3132 6 -31 -87 0 4626 8264
273.6026 124 DELFLY_GUIDANCE 13 2 43 409 -256 0 0 -122 -207 10 -122202 -305507 0 3885526 -627756 1094782430 -627756 0 56 7960
273.6044 124 DELFLY_STATE 122 207 -266 122202 305507 0 122202 305507 0 7120 3219 0 29894 29894 6199 0 2624 340.909088 5
273.6071 124 GPS_DIAGNOSTICS 1 7476 29.824928 0.033529 33529 -266 0 0
273.6163 124 GPS_INT 392433236 30036288 500219831 519906340 43768050 46490 1300 -18 47 11 0 0 0 0 4 3
273.6181 124 DELFLY_STATEESTIMATION 4 0.033333 10.000000 123 209 -266 62094 248377 0 125 212 -266 94371 251658 5242 -7977 -8206 8610
273.6202 124 DELFLY_SPEEDCONTROL 2 0 56 33500 18829 11115 485 -1259 -777 -117 63427 3687 0 55 29927 3687 6 -31 -77 0 4636 8264
273.6222 124 DELFLY_GUIDANCE 13 2 43 412 -256 0 0 -125 -212 10 -62094 -248377 0 3989496 -578654 -144589178 -578654 0 56 8027
273.6241 124 DELFLY_STATE 125 212 -266 62094 248377 0 62094 248377 0 -3559 -3383 0 33500 33500 5705 0 2431 299.202118 5
