251.5048 124 DELFLY_SPEEDCONTROL 2 0 -94 30631 18829 11115 485 -1259 -777 -117 63427 346208 14952 62762 32796 165428 0 -3 83 0 4791 7482
251.5067 124 DELFLY_GUIDANCE 13 2 131 270 -256 0 0 28 -74 5 -180780 180780 -180780 1230472 -407686 128892196 -407686 0 -94 3642
251.5087 124 DELFLY_STATE -28 74 -261 180780 -180780 180780 180780 -180780 180780 -3692 -6868 -7213 30631 30631 -1393 0 22519 310.773468 5
251.5204 124 GPS_INT 392433286 30036238 500219792 519906286 43767972 46466 1280 -46 -20 36 0 0 0 0 4 3
251.5224 124 DELFLY_STATEESTIMATION 4 0.033333 10.000000 -31 76 -264 180780 -180780 180780 -28 74 -261 309329 -89128 5242 -737 -1516 -25338
251.5243 124 DELFLY_SPEEDCONTROL 2 0 -94 30631 18829 11115 485 -1259 -777 -117 63427 345467 0 -94 32796 164687 -11 53 82 0 4778 7542
251.5263 124 DELFLY_GUIDANCE 13 2 131 270 -256 0 0 28 -74 5 -180780 180780 -180780 1230472 -407686 128892196 -407686 0 -94 3642
251.5321 124 GPS_DIAGNOSTICS 1 6818 29.423880 0.033986 33986 -256 0 0
251.5400 124 GPS_INT 392433283 30036237 500219792 519906288 43767971 46447 1260 -41 -29 33 0 0 0 0 4 3
251.5419 124 DELFLY_STATEESTIMATION 4 0.033333 10.000000 -26 72 -260 312929 -250343 250343 -23 71 -256 283115 -136314 5242 -3230 12636 9011
251.5439 124 DELFLY_SPEEDCONTROL 2 0 145 41016 18829 11115 485 -1259 -777 -117 63427 345004 0 144 22411 94661 17 -82 38 0 4762 7764
251.5458 124 DELFLY_GUIDANCE 13 2 135 277 -256 0 0 23 -71 0 -312929 250343 -250343 1152333 -408941 -2079706763 -408941 0 145 3754
251.5478 124 DELFLY_STATE -23 71 -256 312929 -250343 250343 312929 -250343 250343 7887 -4151 4151 41016 41016 -1565 0 22876 258.027527 5
251.5596 124 ROTORCRAFT_FP 71 -23 256 -250343 312929 -250343 333 -375 -1466 0 0 112 0 7758 21
251.5650 124 GPS_DIAGNOSTICS 1 6819 30.481300 0.032807 32807 -253 0 0
251.5990 124 GPS_DIAGNOSTICS 1 6820 30.372980 0.032924 32924 -250 0 0
251.5993 124 GPS_INT 392433279 30036236 500219793 519906291 43767970 46430 1240 -41 -23 32 0 0 0 0 4 3
251.6005 124 DELFLY_STATEESTIMATION 4 0.033333 10.000000 -15 72 -252 361231 0 180615 -12 71 -250 277872 -104857 10485 -2579 5264 18555
251.6025 124 DELFLY_SPEEDCONTROL 2 0 -154 40482 18829 11115 485 -1259 -777 -117 63427 346168 2494 64978 22945 165553 -9 46 110 0 4808 7538
251.6044 124 DELFLY_GUIDANCE 13 2 139 285 -256 0 0 12 -71 -6 -361231 0 -180615 1060989 -515687 857131869 -515687 0 -154 3895
251.6064 124 DELFLY_STATE -12 71 -250 361231 0 180615 361231 0 180615 2899 0 -7471 40482 40482 -898 0 2334 316.011230 5
251.6630 124 DELFLY_GUIDANCE 13 2 139 285 -256 0 0 7 -69 -11 -313504 62700 -188102 1000769 -538133 567227492 -538133 0 -210 3999
251.6650 124 DELFLY_STATE -7 69 -245 313504 -62700 188102 313504 -62700 188102 -2853 -3749 447 58581 58581 -371 0 22422 314.245819 5
251.6669 124 GPS_DIAGNOSTICS 1 6822 30.658859 0.032617 32617 -243 0 0
251.6767 124 GPS_INT 392433274 30036235 500219793 519906295 43767969 46399 1210 -41 -14 32 0 0 0 0 4 3
251.6786 124 DELFLY_STATEESTIMATION 4 0.033333 10.000000 -5 69 -245 291074 -116429 232859 -2 69 -243 272629 -57671 5242 -1519 -4873 -15185
