263.5635 124 GPS_INT 392433221 30036346 500219847 519906356 43768136 46551 1360 -18 56 10 0 0 0 0 4 3
263.5654 124 DELFLY_STATEESTIMATION 4 0.033333 10.000000 169 360 -283 123187 307969 61593 171 363 -281 83886 298843 5242 2358 -9252 -18920
263.5674 124 DELFLY_SPEEDCONTROL 2 0 -75 51436 18829 11115 485 -1259 -777 -117 63427 102017 0 -75 11991 40424 -8 42 9 0 4708 8168
263.5693 124 DELFLY_GUIDANCE 13 2 26 472 -256 0 0 -171 -363 25 -123187 -307969 -61593 5811741 3069243 349135775 3069243 0 -75 10227
263.5713 124 DELFLY_STATE 171 363 -281 123187 307969 61593 123187 307969 61593 3675 289 3618 51436 51436 4948 0 2640 328.947357 5
263.5830 124 GPS_INT 392433221 30036346 500219847 519906356 43768136 46551 1360 -18 56 10 0 0 0 0 4 3
263.5850 124 DELFLY_STATEESTIMATION 4 0.033333 10.000000 169 360 -283 123187 307969 61593 171 363 -281 83886 298843 5242 -8753 -10457 9903
263.5909 124 DELFLY_STATE 171 363 -281 123187 307969 61593 123187 307969 61593 3675 289 3618 51436 51436 4505 0 2640 275.735291 5
263.5923 124 GPS_DIAGNOSTICS 1 7177 30.073379 0.033252 33252 -281 0 0
263.6025 124 GPS_INT 392433220 30036346 500219847 519906357 43768136 46545 1360 -23 50 14 0 0 0 0 4 3
263.6045 124 DELFLY_STATEESTIMATION 4 0.033333 10.000000 172 363 -281 167960 167960 111973 174 363 -281 120586 267386 5242 4479 -224 7285
263.6064 124 DELFLY_SPEEDCONTROL 2 0 260 24218 18829 11115 485 -1259 -777 -117 63427 101186 0 259 39209 -10787 30 -147 -116 24 4621 8212
263.6104 124 DELFLY_STATE 174 363 -281 167960 167960 111973 167960 167960 111973 2390 -7475 2689 24218 24218 4604 0 3216 332.840240 5
263.6225 124 GPS_DIAGNOSTICS 1 7178 27.297792 0.036633 36633 -281 0 0
263.6228 124 ROTORCRAFT_FP 368 174 281 135876 135876 0 -258 372 4903 0 0 112 0 8202 33
263.6229 124 STAB_ATTITUDE_INT -8167 -2731 13579 -258 372 4903 0 -309 10227 -26587 19959 -65695 1563 -1107 -3341 0 0 0 1563 -1107 -3341
263.6230 124 GPS_INT 392433220 30036348 500219847 519906357 43768139 46546 1360 -17 53 9 0 0 0 0 4 3
263.6240 124 DELFLY_STATEESTIMATION 4 0.033333 10.000000 174 365 -281 135876 135876 0 174 368 -281 78643 283115 5242 12898 1245 4584
263.6260 124 DELFLY_SPEEDCONTROL 2 0 141 50644 18829 11115 485 -1259 -777 -117 63427 103781 -13213 56246 12783 103781 30 -147 73 0 4811 7659
263.6299 124 DELFLY_STATE 174 368 -281 135876 135876 0 135876 135876 0 -2078 -2078 -7254 50644 50644 4983 0 3216 321.428558 5
263.6416 124 GPS_INT 392433220 30036348 500219847 519906357 43768139 46546 1360 -17 53 9 0 0 0 0 4 3
263.6435 124 DELFLY_STATEESTIMATION 4 0.033333 10.000000 174 365 -281 135876 135876 0 174 368 -281 78643 283115 5242 791 810 -1129
263.6455 124 DELFLY_SPEEDCONTROL 2 0 141 50644 18829 11115 485 -1259 -777 -117 63427 105424 0 140 12783 105424 16 -79 75 0 4799 7719
263.6475 124 DELFLY_GUIDANCE 13 2 25 475 -256 0 0 -174 -368 25 -135876 -135876 0 5830574 3234018 -1189113688 3234018 0 141 10317
263.6494 124 DELFLY_STATE 174 368 -281 135876 135876 0 135876 135876 0 -2078 -2078 -7254 50644 50644 4815 0 3216 292.968750 5
263.6552 124 GPS_DIAGNOSTICS 1 7179 33.176299 0.030142 30142 -279 0 0
263.6612 124 GPS_INT 392433218 30036350 500219847 519906358 43768142 46534 1350 -22 47 14 0 0 0 0 4 3
263.6631 124 DELFLY_STATEESTIMATION 4 0.033333 10.000000 175 369 -281 62477 249908 0 176 373 -279 120586 251658 5242 -8376 -675 -341
263.6650 124 DELFLY_SPEEDCONTROL 2 0 130 43964 18829 11115 485 -1259 -777 -117 63427 106829 0 140 19463 106829 15 -73 58 0 4781 7714
263.6670 124 DELFLY_GUIDANCE 13 2 25 475 -256 0 0 -176 -373 23 -62477 -249908 0 5808885 3448985 -1155560523 3448985 0 130 10434
263.6689 124 DELFLY_STATE 176 373 -279 62477 249908 0 62477 249908 0 -4373 6794 0 43964 43964 4534 0 2447 302.419342 5
263.6807 124 GPS_INT 392433218 30036350 500219847 519906358 43768142 46534 1350 -22 47 14 0 0 0 0 4 3
263.6826 124 DELFLY_STATEESTIMATION 4 0.033333 10.000000 175 369 -281 62477 249908 0 176 373 -279 120586 251658 5242 -2914 -2280 4313
263.6846 124 DELFLY_SPEEDCONTROL 2 0 130 43964 18829 11115 485 -1259 -777 -117 63427 108124 0 129 19463 108124 15 -73 59 0 4782 7707
263.6864 124 DELFLY_GUIDANCE 13 2 21 480 -256 0 0 -176 -373 23 -62477 -249908 0 5843245 3390360 -1127383396 3390360 0 130 10393
263.6888 124 GPS_DIAGNOSTICS 1 7180 30.482229 0.032806 32806 -279 0 0
263.6891 124 DELFLY_STATE 176 373 -279 62477 249908 0 62477 249908 0 -4373 6794 0 43964 43964 4870 0 2447 309.065948 5
