243.4969 124 GPS_INT 392433249 30036379 500219885 519906356 43768181 47038 1850 -39 47 27 0 0 0 0 4 3
243.4989 124 DELFLY_STATEESTIMATION 4 0.033333 10.000000 168 438 -407 361592 241061 60265 171 442 -407 230686 256900 5242 -8069 -3082 -6253
243.5009 124 DELFLY_SPEEDCONTROL 2 0 643 64618 18829 11115 485 -1259 -777 -117 63427 84131 0 642 -1191 23866 76 -365 27 0 4811 7852
243.5028 124 DELFLY_GUIDANCE 13 2 68 614 -256 0 0 -171 -442 151 -361592 -241061 -60265 7650491 1315312 2134977494 1315312 0 643 8644
243.5047 124 DELFLY_STATE 171 442 -407 361592 241061 60265 361592 241061 60265 2460 2861 -200 64618 64618 3538 0 2573 289.948456 5
243.5156 124 GPS_DIAGNOSTICS 1 6579 29.400523 0.034013 34013 -404 0 0
243.5165 124 GPS_INT 392433247 30036380 500219885 519906357 43768183 47026 1840 -42 41 29 0 0 0 0 4 3
243.5184 124 DELFLY_STATEESTIMATION 4 0.033333 10.000000 172 443 -406 248355 310444 62088 174 445 -404 251658 230686 10485 -1976 -6668 18372
243.5204 124 DELFLY_SPEEDCONTROL 2 0 620 58624 18829 11115 485 -1259 -777 -117 63427 90556 2997 -269 4803 28468 76 -365 16 0 4800 7824
243.5224 124 DELFLY_GUIDANCE 13 2 68 614 -256 0 0 -174 -445 148 -248355 -310444 -62088 7689510 1456728 -2120904260 1456728 0 620 8728
243.5243 124 DELFLY_STATE 174 445 -404 248355 310444 62088 248355 310444 62088 -6705 4108 107 58624 58624 3250 0 3574 321.428558 5
243.5360 124 GPS_INT 392433247 30036380 500219885 519906357 43768183 47026 1840 -42 41 29 0 0 0 0 4 3
243.5380 124 DELFLY_STATEESTIMATION 4 0.033333 10.000000 172 443 -406 248355 310444 62088 174 445 -404 251658 230686 10485 -370 2349 -29624
