269.1690 124 DELFLY_STATEESTIMATION 4 0.033333 10.000000 -215 176 -252 -61755 -494044 61755 -215 171 -250 52428 -456130 5242 -7602 -6555 -22275
269.1710 124 DELFLY_SPEEDCONTROL 2 0 -249 55497 18829 11115 485 -1259 -777 -117 63427 66200 4034 30622 7930 4445 7 -36 -16 0 4698 8271
269.1729 124 DELFLY_GUIDANCE 13 2 -56 284 -256 0 0 215 -171 -6 61755 494044 -61755 4493988 -243956 432277604 -243956 0 -249 2530
269.1748 124 DELFLY_STATE -215 171 -250 -61755 -494044 61755 -61755 -494044 61755 -18 -3768 -3599 55497 55497 -7481 0 15554 358.280243 5
269.1866 124 GPS_INT 392433338 30036280 500219744 519906220 43768027 46427 1240 -2 -87 6 0 0 0 0 4 3
269.1885 124 DELFLY_STATEESTIMATION 4 0.033333 10.000000 -215 176 -252 -61755 -494044 61755 -215 171 -250 52428 -456130 5242 1901 18240 4931
269.1905 124 DELFLY_SPEEDCONTROL 2 0 -249 55497 18829 11115 485 -1259 -777 -117 63427 64335 0 -249 7930 2580 -29 141 -18 0 4659 8459
269.1944 124 DELFLY_STATE -215 171 -250 -61755 -494044 61755 -61755 -494044 61755 -18 -3768 -3599 55497 55497 -7792 0 15554 312.500000 5
269.2003 124 GPS_DIAGNOSTICS 1 7345 30.154087 0.033163 33163 -250 0 0
269.2061 124 GPS_INT 392433338 30036277 500219744 519906220 43768023 46425 1240 -3 -89 7 0 0 0 0 4 3
269.2081 124 DELFLY_STATEESTIMATION 4 0.033333 10.000000 -215 168 -250 0 -492514 123128 -215 163 -250 62914 -466615 5242 -12794 -5413 14544
269.2100 124 DELFLY_SPEEDCONTROL 2 0 46 45297 18829 11115 485 -1259 -777 -117 63427 62434 0 45 18130 -60694 5 -25 -111 289 4600 8599
269.2120 124 DELFLY_GUIDANCE 13 2 -56 284 -256 0 0 215 -163 -6 0 492514 -123128 4420345 7443 -590771584 7443 0 46 2664
269.2139 124 DELFLY_STATE -215 163 -250 0 -492514 123128 0 -492514 123128 3625 89 3603 45297 45297 -7326 0 22726 345.092010 5
269.2256 124 GPS_INT 392433338 30036277 500219744 519906220 43768023 46425 1240 -3 -89 7 0 0 0 0 4 3
269.2276 124 DELFLY_STATEESTIMATION 4 0.033333 10.000000 -215 168 -250 0 -492514 123128 -215 163 -250 62914 -466615 5242 6845 12121 29298
269.2295 124 DELFLY_SPEEDCONTROL 2 0 46 45297 18829 11115 485 -1259 -777 -117 63427 62889 0 45 18130 -60239 5 -25 -111 287 4601 8597
269.2315 124 DELFLY_GUIDANCE 13 2 -55 284 -256 0 0 215 -163 -6 0 492514 -123128 4420345 7443 -590771584 7443 0 46 2664
269.2338 124 GPS_DIAGNOSTICS 1 7346 30.015608 0.033316 33316 -250 0 0
269.2341 124 ROTORCRAFT_FP 158 -209 250 -428772 122506 0 -64 -642 -6737 0 0 112 0 8596 38
269.2342 124 STAB_ATTITUDE_INT -8279 -14554 8930 -64 -642 -6737 0 -331 2664 -29442 23995 -90083 1923 4021 -3456 0 0 0 1923 4021 -3456
269.2451 124 GPS_INT 392433337 30036275 500219745 519906222 43768020 46426 1240 -6 -88 9 0 0 0 0 4 3
269.2471 124 DELFLY_STATEESTIMATION 4 0.033333 10.000000 -213 161 -250 122506 -428772 0 -209 158 -250 78643 -461373 5242 4749 -15022 -18582
269.2491 124 DELFLY_SPEEDCONTROL 2 0 -33 35842 18829 11115 485 -1259 -777 -117 63427 63030 0 -33 27585 63030 -3 18 -8 0 4694 8019
269.2511 124 DELFLY_GUIDANCE 13 2 -55 284 -256 0 0 209 -158 -6 -122506 428772 0 4289314 163992 -1705876980 163992 0 -33 2808
269.2530 124 DELFLY_STATE -209 158 -250 122506 -428772 0 122506 -428772 0 7156 3723 -7192 35842 35842 -6924 0 22261 292.968750 5
269.2647 124 GPS_INT 392433337 30036275 500219745 519906222 43768020 46426 1240 -6 -88 9 0 0 0 0 4 3
269.2671 124 GPS_DIAGNOSTICS 1 7347 29.906989 0.033437 33437 -250 0 0
269.2674 124 DELFLY_STATEESTIMATION 4 0.033333 10.000000 -211 155 -250 122855 -368566 0 -212 151 -250 78643 -466615 5242 -676 -3334 9991
269.2686 124 DELFLY_SPEEDCONTROL 2 0 -33 24706 18829 11115 485 -1259 -777 -117 63427 62700 5568 -33 38721 62700 -3 18 -39 0 4664 8013
269.2705 124 DELFLY_GUIDANCE 13 2 -55 284 -256 0 0 212 -151 -6 -122855 368566 0 4249273 356491 -1143097011 356491 0 -33 2878
269.2725 124 DELFLY_STATE -212 151 -250 122855 -368566 0 122855 -368566 0 20 3526 0 24706 24706 -6849 0 22626 334.821442 5
269.2842 124 GPS_INT 392433338 30036272 500219745 519906221 43768016 46431 1240 -6 -89 9 0 0 0 0 4 3
269.2862 124 DELFLY_STATEESTIMATION 4 0.033333 10.000000 -211 155 -250 122855 -368566 0 -212 151 -250 78643 -466615 5242 -14161 2945 -14408
269.2880 124 DELFLY_SPEEDCONTROL 2 0 -33 24706 18829 11115 485 -1259 -777 -117 63427 62370 0 -33 38721 62370 -3 18 -39 0 4663 8014
269.2901 124 DELFLY_GUIDANCE 13 2 -55 284 -256 0 0 212 -151 -6 -122855 368566 0 4249273 356491 -1143097011 356491 0 -33 2878
269.2921 124 DELFLY_STATE -212 151 -250 122855 -368566 0 122855 -368566 0 20 3526 0 24706 24706 -6290 0 22626 323.275848 5
269.3024 124 GPS_DIAGNOSTICS 1 7348 29.972425 0.033364 33364 -250 0 0
269.3038 124 GPS_INT 392433337 30036269 500219745 519906222 43768011 46423 1240 -6 -85 9 0 0 0 0 4 3
269.3057 124 DELFLY_STATEESTIMATION 4 0.033333 10.000000 -210 149 -250 58033 -348200 0 -209 143 -250 78643 -445644 5242 7697 5607 14637
269.3077 124 DELFLY_SPEEDCONTROL 2 0 -33 7550 18829 11115 485 -1259 -777 -117 63427 62040 0 -33 55877 62040 -3 18 -86 0 4616 8003
269.3097 124 DELFLY_GUIDANCE 13 2 -52 285 -256 0 0 209 -143 -6 -58033 348200 0 4111261 558613 -236329353 558613 0 -33 3011
269.3116 124 DELFLY_STATE -209 143 -250 58033 -348200 0 58033 -348200 0 -3587 1127 0 7550 7550 -6226 0 22297 302.419342 5
269.3233 124 GPS_INT 392433337 30036269 500219745 519906222 43768011 46423 1240 -6 -85 9 0 0 0 0 4 3
269.3252 124 DELFLY_STATEESTIMATION 4 0.033333 10.000000 -210 149 -250 58033 -348200 0 -209 143 -250 78643 -445644 5242 6853 -10374 -18418
269.3272 124 DELFLY_SPEEDCONTROL 2 0 -33 7550 18829 11115 485 -1259 -777 -117 63427 61710 0 -33 55877 61710 -3 18 -86 0 4616 8004
269.3291 124 DELFLY_GUIDANCE 13 2 -52 285 -256 0 0 209 -143 -6 -58033 348200 0 4111261 558613 -236329353 558613 0 -33 3011
269.3312 124 DELFLY_STATE -209 143 -250 58033 -348200 0 58033 -348200 0 -3587 1127 0 7550 7550 -6459 0 22297 319.602264 5
269.3332 124 ROTORCRAFT_FP 143 -209 250 -348200 58033 0 -180 -429 -6474 0 0 112 0 8005 38
269.3333 124 STAB_ATTITUDE_INT -6813 35565 1597 -180 -429 -6474 0 -316 3011 -28908 24607 -91094 2431 2228 -689 0 0 0 2431 2228 -689
269.3358 124 GPS_DIAGNOSTICS 1 7349 28.359140 0.035262 35262 -248 0 0
269.3428 124 GPS_INT 392433337 30036266 500219745 519906222 43768007 46422 1240 -7 -83 9 0 0 0 0 4 3
