266.5069 124 DELFLY_STATE -48 624 -245 -304128 -60825 -60825 -304128 -60825 -60825 -3480 11 11 41282 41282 -11578 0 16252 314.245819 5
266.5186 124 GPS_INT 392433272 30036452 500219783 519906279 43768284 46410 1220 38 -29 -29 0 0 0 0 4 3
266.5206 124 DELFLY_STATEESTIMATION 4 0.033333 10.000000 -44 627 -245 -304128 -60825 -60825 -48 624 -245 -241172 -167772 5242 2614 -4666 5015
266.5225 124 DELFLY_SPEEDCONTROL 2 0 151 41282 18829 11115 485 -1259 -777 -117 63427 -22038 0 151 22145 38787 17 -85 -19 0 4705 8040
266.5245 124 DELFLY_GUIDANCE 13 2 -149 519 -256 0 0 48 -624 -11 304128 60825 60825 -7912176 6521328 1558477294 6521328 0 151 -9571
266.5264 124 DELFLY_STATE -48 624 -245 -304128 -60825 -60825 -304128 -60825 -60825 -3480 11 11 41282 41282 -10912 0 16252 307.377045 5
266.5307 124 GPS_DIAGNOSTICS 1 7265 29.700912 0.033669 33669 -248 0 0
266.5382 124 GPS_INT 392433274 30036450 500219783 519906278 43768281 46421 1230 38 -42 -28 0 0 0 0 4 3
266.5399 124 DELFLY_STATEESTIMATION 4 0.033333 10.000000 -49 623 -246 -307442 -245954 -61488 -51 616 -248 -235929 -235929 5242 385 -6358 -20799
266.5420 124 DELFLY_SPEEDCONTROL 2 0 170 19877 18829 11115 485 -1259 -777 -117 63427 -20490 0 170 43550 40998 20 -96 -74 0 4652 8002
266.5439 124 DELFLY_GUIDANCE 13 2 -153 517 -256 0 0 51 -616 -8 307442 245954 61488 -7693244 6584929 -745234798 6584929 0 170 -9671
266.5462 124 DELFLY_STATE -51 616 -248 -307442 -245954 -61488 -307442 -245954 -61488 -194 -10855 -38 19877 19877 -10586 0 15729 334.821442 5
266.5576 124 GPS_INT 392433274 30036450 500219783 519906278 43768281 46421 1230 38 -42 -28 0 0 0 0 4 3
266.5596 124 DELFLY_STATEESTIMATION 4 0.033333 10.000000 -49 623 -246 -307442 -245954 -61488 -51 616 -248 -235929 -235929 5242 10605 -3366 11328
266.5635 124 DELFLY_GUIDANCE 13 2 -153 517 -256 0 0 51 -616 -8 307442 245954 61488 -7627037 6661736 -809367246 6661736 0 170 -9712
266.5661 124 DELFLY_STATE -51 616 -248 -307442 -245954 -61488 -307442 -245954 -61488 -194 -10855 -38 19877 19877 -10793 0 15729 278.465332 5
266.5670 124 GPS_DIAGNOSTICS 1 7266 29.965240 0.033372 33372 -248 0 0
266.5772 124 GPS_INT 392433275 30036449 500219782 519906277 43768280 46419 1230 39 -40 -29 0 0 0 0 4 3
266.5792 124 DELFLY_STATEESTIMATION 4 0.033333 10.000000 -52 617 -248 -169274 -338549 -112849 -53 614 -248 -246415 -225443 5242 -5050 3948 6383
266.5811 124 DELFLY_SPEEDCONTROL 2 0 -160 39181 18829 11115 485 -1259 -777 -117 63427 -18408 0 -159 24246 94441 -18 90 32 0 4721 7937
266.5832 124 ROTORCRAFT_FP 614 -53 248 -338549 -169274 112849 770 -528 -10456 0 0 112 0 7937 36
266.5850 124 DELFLY_STATE -53 614 -248 -169274 -338549 -112849 -169274 -338549 -112849 7434 -4982 -2763 39181 39181 -10456 0 15498 321.428558 5
