281.3136 124 DELFLY_STATEESTIMATION 4 0.033333 10.000000 -285 407 -258 246791 -123395 0 -281 407 -258 325058 -199229 5242 7130 9013 2395
281.3156 124 DELFLY_SPEEDCONTROL 2 0 11 55836 18829 11115 485 -1259 -777 -117 63427 -14570 0 11 7591 -14570 1 -6 -35 66 4673 8397
281.3175 124 DELFLY_GUIDANCE 13 2 -174 317 -256 0 0 281 -407 2 -246791 123395 0 -769199 -8065297 -1792571701 -8065297 0 11 -2864
281.3195 124 DELFLY_STATE -281 407 -258 246791 -123395 0 246791 -123395 0 -3111 6845 0 55836 55836 -2621 0 23590 345.092010 5
281.3312 124 GPS_INT 392433353 30036373 500219731 519906198 43768161 46460 1270 -46 -41 38 0 0 0 0 4 3
281.3331 124 DELFLY_STATEESTIMATION 4 0.033333 10.000000 -285 407 -258 246791 -123395 0 -281 407 -258 325058 -199229 5242 -9103 5762 -2075
281.3351 124 DELFLY_SPEEDCONTROL 2 0 11 55836 18829 11115 485 -1259 -777 -117 63427 -14460 0 11 7591 -14460 1 -6 -35 66 4673 8396
281.3367 124 GPS_DIAGNOSTICS 1 7706 30.125926 0.033194 33194 -261 0 0
281.3391 124 DELFLY_STATE -273 404 -261 351065 -58510 -58510 351065 -58510 -58510 5818 3620 -3264 46000 46000 -2272 0 22757 321.428558 5
281.3507 124 GPS_INT 392433352 30036372 500219733 519906199 43768159 46469 1280 -52 -35 41 0 0 0 0 4 3
281.3527 124 DELFLY_STATEESTIMATION 4 0.033333 10.000000 -279 406 -259 351065 -58510 -58510 -273 404 -261 356515 -162529 10485 -6981 -3021 -3005
281.3546 124 DELFLY_SPEEDCONTROL 2 0 233 46000 18829 11115 485 -1259 -777 -117 63427 -13018 0 233 17427 45492 27 -132 0 0 4735 7963
281.3565 124 DELFLY_GUIDANCE 13 2 -171 314 -256 0 0 273 -404 5 -351065 58510 58510 -1010268 -7923311 608249186 -7923311 0 233 -2953
281.3585 124 DELFLY_STATE -273 404 -261 351065 -58510 -58510 351065 -58510 -58510 5818 3620 -3264 46000 46000 -2016 0 22757 325.144501 5
281.3698 124 GPS_DIAGNOSTICS 1 7707 28.526601 0.035055 35055 -261 0 0
281.3703 124 GPS_INT 392433350 30036370 500219734 519906201 43768157 46464 1280 -44 -42 36 0 0 0 0 4 3
281.3721 124 DELFLY_STATEESTIMATION 4 0.033333 10.000000 -272 403 -261 432797 -185484 -123656 -268 399 -261 309329 -204472 5242 -15582 -10333 -19214
281.3742 124 DELFLY_SPEEDCONTROL 2 0 -50 51712 18829 11115 485 -1259 -777 -117 63427 -10688 -2856 32806 11715 112968 27 -132 86 0 4820 7630
281.3761 124 DELFLY_GUIDANCE 13 2 -171 314 -256 0 0 268 -399 5 -432797 185484 123656 -1005844 -7809008 965393520 -7809008 0 -50 -2947
281.3781 124 DELFLY_STATE -268 399 -261 432797 -185484 -123656 432797 -185484 -123656 4819 -7486 -3841 51712 51712 -2320 0 22441 299.202118 5
281.3821 124 ROTORCRAFT_FP 399 -268 261 -185484 432797 123656 -655 -215 -2374 0 0 112 0 7789 51
281.3822 124 STAB_ATTITUDE_INT 263 22657 -8764 -655 -215 -2374 0 -145 -2947 -28750 22917 -82792 2041 259 -122 0 0 -786 2041 259 -908
281.3897 124 GPS_INT 392433350 30036370 500219734 519906201 43768157 46464 1280 -44 -42 36 0 0 0 0 4 3
281.3917 124 DELFLY_STATEESTIMATION 4 0.033333 10.000000 -272 403 -261 432797 -185484 -123656 -268 399 -261 309329 -204472 5242 6427 2375 12550
281.3937 124 DELFLY_SPEEDCONTROL 2 0 -50 51712 18829 11115 485 -1259 -777 -117 63427 -10618 0 -49 11715 113038 -5 27 86 0 4787 7791
281.3956 124 DELFLY_GUIDANCE 13 2 -171 314 -256 0 0 268 -399 5 -432797 185484 123656 -1005844 -7809008 965393520 -7809008 0 -50 -2947
281.3976 124 DELFLY_STATE -268 399 -261 432797 -185484 -123656 432797 -185484 -123656 4819 -7486 -3841 51712 51712 -2194 0 22441 319.602264 5
281.4029 124 GPS_DIAGNOSTICS 1 7708 30.183212 0.033131 33131 -263 0 0
281.4093 124 GPS_INT 392433349 30036369 500219736 519906203 43768155 46473 1280 -47 -36 38 0 0 0 0 4 3
281.4112 124 DELFLY_STATEESTIMATION 4 0.033333 10.000000 -266 399 -262 371519 -247679 -61919 -263 396 -263 325058 -173014 5242 -10683 4302 24704
281.4132 124 DELFLY_SPEEDCONTROL 2 0 256 42458 18829 11115 485 -1259 -777 -117 63427 -10502 0 256 20969 51417 30 -145 -3 0 4734 7918
281.4151 124 DELFLY_GUIDANCE 13 2 -171 314 -256 0 0 263 -396 7 -371519 247679 61919 -1035056 -7718068 -1903171596 -7718068 0 256 -2947
281.4171 124 DELFLY_STATE -263 396 -263 371519 -247679 -61919 371519 -247679 -61919 -3618 -3672 3645 42458 42458 -1836 0 23162 330.882355 5
281.4289 124 GPS_INT 392433349 30036369 500219736 519906203 43768155 46473 1280 -47 -36 38 0 0 0 0 4 3
281.4308 124 DELFLY_STATEESTIMATION 4 0.033333 10.000000 -266 399 -262 371519 -247679 -61919 -263 396 -263 325058 -173014 5242 -3009 -10585 -11867
281.4327 124 DELFLY_SPEEDCONTROL 2 0 256 42458 18829 11115 485 -1259 -777 -117 63427 -7942 0 256 20969 53977 30 -145 0 0 4737 7905
281.4347 124 DELFLY_GUIDANCE 13 2 -165 309 -256 0 0 263 -396 7 -371519 247679 61919 -1084091 -7711258 -1858217823 -7711258 0 256 -2973
281.4364 124 GPS_DIAGNOSTICS 1 7709 30.233402 0.033076 33076 -261 0 0
281.4366 124 DELFLY_STATE -263 396 -263 371519 -247679 -61919 371519 -247679 -61919 -3618 -3672 3645 42458 42458 -2099 0 23162 270.432678 5
281.4483 124 GPS_INT 392433347 30036367 500219737 519906205 43768153 46468 1280 -39 -43 32 0 0 0 0 4 3
281.4503 124 DELFLY_STATEESTIMATION 4 0.033333 10.000000 -261 394 -262 305398 -305398 0 -258 391 -261 272629 -209715 5242 80 -671 8144
281.4523 124 DELFLY_SPEEDCONTROL 2 0 28 43038 18829 11115 485 -1259 -777 -117 63427 -6294 0 28 20389 -6294 3 -15 -61 15 4649 8336
281.4542 124 DELFLY_GUIDANCE 13 2 -165 309 -256 0 0 258 -391 5 -305398 305398 0 -1090976 -7595633 -420533046 -7595633 0 28 -2973
281.4561 124 DELFLY_STATE -258 391 -261 305398 -305398 0 305398 -305398 0 -3851 -3362 3606 43038 43038 -2281 0 22519 321.428558 5
281.4679 124 GPS_INT 392433347 30036367 500219737 519906205 43768153 46468 1280 -39 -43 32 0 0 0 0 4 3
281.4697 124 GPS_DIAGNOSTICS 1 7710 29.827596 0.033526 33526 -261 0 0
281.4699 124 DELFLY_STATEESTIMATION 4 0.033333 10.000000 -257 391 -262 245991 -184493 0 -253 389 -261 283115 -178257 5242 -8260 6236 2724
281.4737 124 DELFLY_GUIDANCE 13 2 -165 309 -256 0 0 253 -389 5 -245991 184493 0 -1130483 -7516761 -1007458859 -7516761 0 28 -2973
281.4757 124 DELFLY_STATE -253 389 -261 245991 -184493 0 245991 -184493 0 -3484 7090 0 7743 7743 -1951 0 22978 302.419342 5
281.4817 124 ROTORCRAFT_FP 389 -253 261 -184493 245991 0 -1106 296 -1832 0 0 112 0 8307 51
281.4818 124 STAB_ATTITUDE_INT -8157 -7417 13554 -1106 296 -1832 0 -378 -2973 -28077 22659 -83422 3481 2946 -4156 0 0 -484 3481 2946 -4640
281.4874 124 GPS_INT 392433346 30036366 500219738 519906207 43768151 46469 1280 -41 -37 33 0 0 0 0 4 3
281.4894 124 DELFLY_STATEESTIMATION 4 0.033333 10.000000 -257 391 -262 245991 -184493 0 -253 389 -261 283115 -178257 5242 -4333 -4579 -13077
281.4913 124 DELFLY_SPEEDCONTROL 2 0 28 7743 18829 11115 485 -1259 -777 -117 63427 -5734 0 28 55684 -5734 3 -15 -156 0 4554 8307
281.4933 124 DELFLY_GUIDANCE 13 2 -159 304 -256 0 0 253 -389 5 -245991 184493 0 -1130483 -7516761 -1007458859 -7516761 0 28 -2973
281.4952 124 DELFLY_STATE -253 389 -261 245991 -184493 0 245991 -184493 0 -3484 7090 0 7743 7743 -1896 0 22978 330.882355 5
281.5048 124 GPS_DIAGNOSTICS 1 7711 30.027325 0.033303 33303 -266 0 0
281.5069 124 GPS_INT 392433346 30036365 500219740 519906208 43768150 46484 1290 -33 -43 27 0 0 0 0 4 3
281.5089 124 DELFLY_STATEESTIMATION 4 0.033333 10.000000 -252 388 -262 291920 -175152 0 -250 386 -266 235929 -214957 10485 -12844 -2814 -4226
281.5109 124 DELFLY_SPEEDCONTROL 2 0 56 65010 18829 11115 485 -1259 -777 -117 63427 -5454 0 28 -1583 -5454 6 -31 -1 27 4712 8332
281.5265 124 GPS_INT 392433346 30036365 500219740 519906208 43768150 46484 1290 -33 -43 27 0 0 0 0 4 3
281.5284 124 DELFLY_STATEESTIMATION 4 0.033333 10.000000 -252 388 -262 291920 -175152 0 -250 386 -266 235929 -214957 10485 4071 -3999 13582
281.5304 124 DELFLY_SPEEDCONTROL 2 0 56 65010 18829 11115 485 -1259 -777 -117 63427 -4894 0 56 -1583 -4894 6 -31 -1 25 4712 8330
281.5323 124 DELFLY_GUIDANCE 13 2 -159 304 -256 0 0 250 -386 10 -291920 175152 0 -1134614 -7447386 -1671709072 -7447386 0 56 -2973
281.5343 124 DELFLY_STATE -250 386 -266 291920 -175152 0 291920 -175152 0 2557 520 0 65010 65010 -2198 0 23322 328.947357 5
281.5380 124 GPS_DIAGNOSTICS 1 7712 28.509522 0.035076 35076 -263 0 0
281.5460 124 GPS_INT 392433345 30036364 500219740 519906209 43768148 46478 1290 -35 -34 28 0 0 0 0 4 3
281.5479 124 DELFLY_STATEESTIMATION 4 0.033333 10.000000 -249 386 -265 185233 -123488 -185233 -248 384 -263 241172 -167772 10485 -6684 -9972 22082
281.5499 124 DELFLY_SPEEDCONTROL 2 0 177 48123 18829 11115 485 -1259 -777 -117 63427 -4092 0 177 15304 181141 20 -100 147 0 4875 7318
281.5518 124 DELFLY_GUIDANCE 13 2 -155 301 -256 0 0 248 -384 7 -185233 123488 185233 -1137368 -7401136 -926480971 -7401136 0 177 -2973
