280.2960 124 DELFLY_SPEEDCONTROL 2 0 227 49290 18829 11115 485 -1259 -777 -117 63427 -31328 0 227 14137 30487 26 -129 -6 0 4727 8044
280.2980 124 DELFLY_GUIDANCE 13 2 -205 364 -256 0 0 355 -512 2 -123630 185445 61815 -1750905 -10054707 691895295 -10054707 0 227 -3189
280.2999 124 DELFLY_STATE -355 512 -258 123630 -185445 -61815 123630 -185445 -61815 164 3314 -3644 49290 49290 -4928 0 21875 353.773590 5
280.3116 124 GPS_INT 392433373 30036416 500219713 519906171 43768221 46461 1270 -20 -49 18 0 0 0 0 4 3
280.3136 124 DELFLY_STATEESTIMATION 4 0.033333 10.000000 -357 516 -257 123630 -185445 -61815 -355 512 -258 152043 -251658 5242 658 -6070 -10554
280.3154 124 DELFLY_SPEEDCONTROL 2 0 227 49290 18829 11115 485 -1259 -777 -117 63427 -29058 0 227 14137 32757 26 -129 -4 0 4729 8033
280.3175 124 DELFLY_GUIDANCE 13 2 -205 364 -256 0 0 355 -512 2 -123630 185445 61815 -1750905 -10054707 691895295 -10054707 0 227 -3189
280.3312 124 GPS_INT 392433373 30036416 500219713 519906171 43768221 46461 1270 -20 -49 18 0 0 0 0 4 3
280.3329 124 GPS_DIAGNOSTICS 1 7676 30.239802 0.033069 33069 -258 0 0
280.3331 124 DELFLY_STATEESTIMATION 4 0.033333 10.000000 -355 511 -258 84600 -211500 -42300 -353 506 -258 99614 -256900 10485 -4665 -5498 6233
280.3351 124 DELFLY_SPEEDCONTROL 2 0 159 18703 18829 11115 485 -1259 -777 -117 63427 -26788 15293 -9530 44724 15512 26 -129 -104 0 4629 8096
280.3371 124 DELFLY_GUIDANCE 13 2 -205 364 -256 0 0 353 -506 2 -84600 211500 42300 -1566592 -9984646 1398861000 -9984646 0 159 -3132
280.3390 124 DELFLY_STATE -353 506 -258 84600 -211500 -42300 84600 -211500 -42300 -1574 -1051 787 18703 18703 -5210 0 21140 334.821442 5
